499.95447 570.6969 566.0574 495.31494 117.82579 127.56459 161.26595 151.52715 बहुत
71.23667 212.51324 212.595 71.31843 362.84964 362.70468 442.37668 442.52164 बनारस
211.04175 319.31677 319.3711 211.09607 373.24832 373.16824 446.59183 446.6719 वह
333.46024 397.1138 391.5787 327.92514 109.94899 143.46288 153.97581 120.46193 साथ
567.0806 593.7199 593.5817 566.94244 12.646635 12.864515 29.766184 29.548304 ओरे
463.22412 500.4842 497.66602 460.40594 152.79689 158.0009 178.17882 172.97481 पर
520.6262 580.416 577.4518 517.662 160.81409 169.16473 190.38828 182.03763 डाल
11.220013 86.12833 86.16417 11.255848 406.09106 406.0196 443.5714 443.64288 विनय
335.67908 352.34363 358.72888 342.06433 71.46574 63.654778 77.277626 85.088585 खूब
477.58063 559.7811 559.45844 477.2579 3.4331245 4.093624 44.26046 43.59996 हमसे
