382.98822 429.99475 435.64612 388.6396 277.4735 265.16693 286.75305 299.05963 एक
528.54486 560.28094 560.3189 528.5828 138.45343 138.37936 154.66068 154.73474 बन
529.6006 569.5416 569.6046 529.6636 167.75607 167.65717 193.09088 193.18979 और
528.42053 595.9358 596.0045 528.48926 213.34015 213.1499 237.5527 237.74295 मजबूत
181.39854 209.36714 208.60875 180.64015 103.922424 105.58992 118.310394 116.6429 वह
97.49771 126.53169 126.55896 97.52498 312.26114 312.21677 330.06845 330.11282 अब
129.62733 158.95808 158.98543 129.65468 312.16254 312.11774 330.01892 330.06372 तक
516.23047 568.36633 568.301 516.16516 41.819626 41.876144 102.10072 102.044205 हुई
103.01615 135.55206 135.61914 103.08321 287.94403 287.83038 307.02478 307.13843 पर
536.52136 585.65247 585.7058 536.5747 108.10726 107.99983 132.42072 132.52814 उच्च
