442.49152 467.60242 409.22955 384.11865 443.74597 454.69458 588.5737 577.6251 कहा
127.60368 179.9497 147.48378 95.137764 11.188972 61.337654 95.22611 45.07743 लोग
76.7298 122.515 99.94324 54.15803 73.08536 116.81755 140.44896 96.71677 नाव
361.7511 388.96558 390.76367 363.5492 110.055244 108.817184 148.34247 149.58052 उस
41.17047 112.71509 112.56085 41.01623 568.4541 568.8583 596.15857 595.7544 आग
366.49377 427.25598 448.05225 387.29004 43.021957 3.3660736 35.230835 74.88672 और
108.5356 138.7912 138.69443 108.438835 573.8809 574.0695 589.59015 589.40155 वह
329.22443 356.90704 368.9436 341.261 23.112152 4.706196 22.809196 41.215153 हुए
435.1418 445.2526 421.07455 410.96378 532.5712 537.1944 590.071 585.4478 पर
112.83647 134.34583 120.11357 98.60422 152.35571 172.8815 187.79575 167.26996 लोग
93.13142 109.97462 97.87661 81.03341 175.8322 191.88506 204.57869 188.52583 इस
