495.55054 585.6492 585.45996 495.36136 14.541908 14.768105 90.11069 89.88449 इधर
483.75806 566.5646 566.2799 483.47336 147.88675 148.26944 209.87225 209.48956 उधर
424.81345 449.25345 447.0281 422.5881 352.5102 354.1958 386.4619 384.7763 गए
106.07823 135.53484 129.11388 99.65727 253.89487 272.92758 282.8652 263.8325 जब
163.2635 226.62178 206.54744 143.18916 26.180786 64.268425 97.66181 59.574173 उसने
99.54767 126.63805 122.938324 95.847946 14.4375 15.98288 80.839005 79.293625 वह
347.22647 396.522 387.93198 338.63644 183.9049 217.26587 229.9588 196.59784 और
352.81067 420.78857 407.90735 339.92944 145.59134 190.55954 210.03195 165.06375 वह
401.15762 429.55014 431.22897 402.83646 336.7145 334.05997 352.0165 354.67105 निश्चय
434.53455 452.466 453.66486 435.7334 338.7724 337.09595 349.91888 351.59534 कर
108.54561 139.95515 129.55482 98.14528 229.94666 250.43181 266.37842 245.89326 तेज
68.71285 97.39623 94.80482 66.12144 5.562607 6.854088 64.408676 63.117195 गए
