497.24646 588.92334 581.0652 489.3883 89.91043 110.06854 145.80643 125.648315 यह
201.66429 247.76537 269.9021 223.80104 359.89453 323.80463 352.08203 388.17194 और
226.32071 292.22964 313.9846 248.07565 402.8799 350.67508 378.14084 430.34567 उसके
15.648943 56.614037 61.861115 20.89602 511.75198 501.46832 522.37024 532.6539 रहा
363.8606 482.9477 503.69452 384.60742 285.3087 239.45267 293.3317 339.1877 लिए
348.75656 385.01517 392.07285 355.81424 130.79808 122.98114 155.71797 163.53491 पक्ष
541.0305 570.2197 570.3185 541.1293 305.20557 305.06134 325.06097 325.2052 पान
63.79454 106.87915 110.391846 67.307236 504.9499 494.164 508.19543 518.9813 अपशिष्ट
293.83636 389.24664 411.16205 315.75177 246.60635 207.3085 260.5164 299.81424 मंद
246.01205 295.89005 307.83023 257.95224 311.76947 272.82227 288.11353 327.06073 समय
269.9319 301.34442 314.76404 283.3515 346.78262 322.00247 339.01382 363.79398 वह
543.01575 576.26733 576.37585 543.12427 278.1888 278.04398 302.95932 303.10416 तक
