537.6429 574.4803 581.10284 544.26544 277.17795 271.95602 318.6744 323.89633 और
89.76036 129.62569 111.30797 71.44264 201.62334 230.0642 255.74 227.29915 रही
12.216248 76.24094 80.3282 16.303513 431.25623 422.2824 451.44336 460.41718 पर
483.3502 534.0165 540.3893 489.72296 197.91978 176.7628 192.02422 213.1812 उसकी
511.12064 550.462 555.0049 515.6635 215.86188 199.7988 210.92511 226.98819 मदद
516.3194 589.2996 592.1867 519.2065 19.453075 15.880539 74.8573 78.42984 जान
413.94995 501.4052 512.2464 424.79114 283.31393 249.20859 277.00833 311.11368 साथ
121.59215 158.29816 152.74016 116.03416 127.81616 138.22528 157.82455 147.41544 वह
164.26102 220.3512 236.22705 180.13687 31.392925 18.960243 90.58435 103.01703 वही
93.939766 116.01501 112.004005 89.928764 137.64426 143.87866 158.08112 151.84671 तेज
283.10962 299.18915 303.04468 286.96515 50.630463 47.44687 66.92024 70.103836 पर
