218.95901 281.05322 286.79022 224.69601 394.89435 385.89044 425.45483 434.45874 आपको
16.52627 67.227905 67.29426 16.592623 434.3267 434.13895 452.05557 452.24332 पर
244.79471 312.9542 313.11392 244.95444 43.32586 43.209625 136.86633 136.98256 पेड़
14.880066 116.8815 117.419556 15.418121 49.83322 49.214325 137.89165 138.51054 कुछ
84.89336 117.84201 116.98741 84.03876 479.76505 481.3395 499.22372 497.64926 बाद
312.61688 369.1444 369.2179 312.69037 76.49724 76.38342 112.89148 113.005295 साहब
396.86127 423.86108 422.47968 395.47986 377.69052 381.31107 391.61288 387.99234 लग
6.864464 45.204792 45.409603 7.069275 139.16896 138.8886 166.89583 167.1762 कहा
13.773644 42.945694 47.720646 18.548595 184.43727 180.31206 214.07881 218.20403 झूठ
285.8671 337.82358 337.87546 285.91898 17.750158 17.67381 52.973473 53.049824 चला
