1.5818825 117.80037 118.21213 1.9936409 17.162981 16.623367 105.306656 105.84627 करने
235.97458 312.5142 312.58157 236.04196 26.94976 26.830833 70.20948 70.32841 जरूर
237.50513 293.5976 293.78247 237.69 91.37934 91.197876 148.3469 148.52835 लिए
309.70294 357.85828 357.94934 309.794 107.39695 107.286224 146.89294 147.00366 एक
-0.2123375 32.71667 51.068226 18.139217 520.6989 513.11896 592.8416 600.4216 ऐसे
28.267303 58.647438 58.779854 28.39972 104.27548 104.1051 127.716 127.88638 अब
32.364014 77.03988 77.19826 32.522392 142.64288 142.32086 164.2923 164.61432 उसका
3.0972357 25.742737 32.92733 10.281829 491.9464 486.72375 517.8763 523.09894 अपने
329.04263 373.69223 373.76334 329.11374 51.578045 51.49843 91.373856 91.453476 लाओ
1.2848969 16.503925 22.501816 7.2827873 576.1769 572.4442 596.8987 600.63135 एक
