33.66005 83.822296 67.74585 17.583603 366.98514 384.8464 429.99612 412.13486 फूल
17.388428 83.76793 83.84773 17.468231 8.752548 8.614128 46.886562 47.024982 जल
35.874413 84.76147 92.84257 43.955513 104.44763 98.487564 164.77225 170.73232 भुन
224.93095 275.84818 282.0432 231.12598 365.79895 358.37537 400.86615 408.28973 फिर
231.42934 269.72247 274.732 236.43883 410.78574 406.13095 447.34225 451.99704 उसे
86.70384 132.0256 137.8155 92.493744 90.933945 86.21193 141.78317 146.50519 और
401.15622 424.5566 422.54745 399.14706 377.8855 381.0229 396.00824 392.87085 बैठ
401.27383 424.03793 422.64365 399.87955 399.42377 402.50415 412.80804 409.72766 मार
82.88274 119.30408 123.908585 87.48724 48.60895 44.704735 87.658875 91.56309 घर
155.66367 198.63101 198.6965 155.72916 83.13767 83.04752 114.26057 114.350716 धन
