3.865406 68.02666 69.54372 5.382473 169.63379 166.28363 195.3381 198.68826 बंधन
4.7209606 54.96228 56.78173 6.540407 207.38618 204.63521 237.86397 240.61494 और
4.000845 46.80697 48.225403 5.419283 260.62912 258.13223 282.44955 284.94644 वह
65.81663 125.92054 127.780495 67.67658 246.92142 243.45651 275.72 279.1849 कभी
4.065708 72.77205 74.14287 5.436535 302.97345 298.77014 321.17737 325.38068 प्रकट
7.4434586 114.517845 114.45481 7.380422 11.710434 11.759506 149.29932 149.25024 ओर
330.21976 357.2018 359.69424 332.7122 66.607864 64.7451 100.847824 102.71059 भर
306.15063 383.16772 387.09265 310.07556 474.5034 467.81854 513.0386 519.72345 वह
421.79187 526.06323 529.5059 425.23456 463.75885 454.62433 493.9229 503.05743 बाग
160.77223 231.31834 228.80806 158.26195 36.212326 38.40155 119.29335 117.104126 हवा
313.09302 426.3636 429.78455 316.51398 434.60455 424.11182 461.04163 471.53436 समय
458.16797 575.04236 578.63086 461.75647 419.3417 408.5151 447.25333 458.07993 आता
197.51767 225.5669 225.357 197.30777 118.76134 118.99092 144.63484 144.40526 यह
460.2099 518.87604 518.8544 460.18823 20.99205 21.033012 52.044937 52.003975 इस
