462.1612 512.93134 512.91815 462.148 23.019901 23.04678 48.058483 48.031605 जल
4.915165 87.4086 89.20863 6.7151985 299.45154 294.424 323.95953 328.98706 सहज
342.64505 529.0729 537.28064 350.85287 403.16522 386.50183 478.32977 494.99316 करते
340.4038 359.22888 361.0293 342.20422 71.96361 70.673706 96.94942 98.23932 वह
275.89783 302.9914 296.3913 269.29773 325.81845 340.7258 352.72122 337.81387 बची
8.708455 40.685013 41.66326 9.686704 240.28894 238.46686 255.6347 257.4568 मत
56.904167 96.13349 97.49796 58.26864 230.48468 228.268 252.41556 254.63223 और
112.446594 177.5748 178.82404 113.69583 229.35457 225.6656 247.72078 251.40974 संकल्प
8.286732 63.435726 64.85602 9.70702 261.59695 258.37546 282.68948 285.91098 केवल
79.83044 115.827614 117.075356 81.07818 264.49197 262.37204 283.55942 285.67935 एक
371.36902 573.27637 582.21265 380.3053 307.40344 286.98456 375.3487 395.76758 लगभग
316.12576 348.564 346.0236 313.58536 177.2563 185.18849 195.57722 187.64503 पर
31.383331 133.42259 136.61162 34.572357 167.59644 162.27264 223.39542 228.71921 मिल
428.9455 559.3227 568.01874 437.64154 178.9409 163.59636 237.48378 252.82832 यह
