331.75027 347.9576 349.8508 333.64346 65.28303 64.11652 90.42034 91.586845 पर
478.44263 520.7108 520.70215 478.43396 20.010784 20.025997 44.07358 44.05837 यह
1.7298965 110.88762 110.66133 1.5036057 52.496643 52.80905 131.87822 131.56581 उसके
128.42438 220.74982 220.2995 127.97405 78.06505 78.77962 136.96353 136.24896 बाहर
424.42102 554.69635 565.12646 434.85114 118.992035 102.874756 187.18118 203.29846 यह
3.3071823 141.69437 144.16089 5.77372 171.06696 163.82806 210.98123 218.22012 समझ
2.5638008 103.727875 106.98192 5.8178444 259.90088 254.00537 309.84344 315.73895 कुछ
421.3947 542.69305 551.217 429.91864 349.6983 338.1413 427.60565 439.16266 अरे
422.40033 553.5732 558.4467 427.27386 507.9007 497.4605 558.69244 569.1326 वाह
22.7084 135.97389 137.55502 24.289532 225.34941 219.0031 247.22212 253.56844 गुलाबजल
