326.17645 357.28723 357.28516 326.17438 70.58158 70.58404 96.94912 96.94666 नाक
332.0447 435.76627 440.34702 336.62546 470.5343 461.61243 514.8666 523.78845 और
15.475494 126.906815 129.54709 18.115768 236.86922 230.54239 277.04425 283.37106 वह
38.764946 113.496544 113.35798 38.62638 30.344597 30.46067 119.6666 119.55053 कर
480.38794 523.1206 523.1034 480.37076 22.009819 22.036049 50.056564 50.030334 गये
364.8091 573.7793 579.92993 370.95975 399.07462 379.68845 445.98825 465.37442 अबकी
194.03983 239.3656 239.1684 193.84262 41.297203 41.50791 83.92856 83.71785 नाम
408.8957 549.11743 557.1248 416.90308 95.555405 77.39003 139.20027 157.36565 तर्पण
412.31882 575.89966 581.3187 417.73782 195.17929 175.63718 220.99802 240.54013 चावल
183.56723 221.27682 219.38614 181.67654 135.92822 137.53809 181.82642 180.21655 सिर
