343.57425 431.1783 431.54996 343.9459 345.48538 344.4069 374.59567 375.67416 कुछ
211.93361 243.6591 252.81728 221.09178 322.38177 303.8236 319.47968 338.03784 पर
349.55084 434.22742 436.60248 351.9259 222.4339 217.41699 257.50412 262.52103 उसे
512.5798 559.13275 558.7452 512.1922 12.720642 13.060524 66.15169 65.811806 इसे
13.306633 97.18556 97.056076 13.177145 41.037712 41.25605 91.00291 90.78457 और
10.242134 74.98922 74.90153 10.154443 127.18753 127.33914 164.7894 164.63779 एक
352.5881 393.08194 394.09128 353.59744 210.85814 208.22682 223.75984 226.39116 कुछ
415.8031 453.48224 453.50623 415.8271 18.914816 18.889587 54.718315 54.743546 ओर
465.9886 511.5434 511.5473 465.9925 18.909382 18.904446 54.704975 54.70991 बढने
444.56635 476.86603 477.66394 445.36426 221.91139 219.88445 232.59962 234.62657 एक
562.8976 598.35974 598.3777 562.9155 60.719185 60.692062 84.16581 84.19293 एक
562.0431 593.20715 593.2416 562.0775 107.435646 107.38895 130.40167 130.44836 बम
