407.91284 461.9696 461.40186 407.3451 220.15929 221.74382 241.11183 239.5273 जनम
526.39734 589.38293 589.3949 526.4093 170.61993 170.59174 197.26352 197.29172 रूप
467.24545 496.72714 497.554 468.0723 16.525173 15.9408455 57.659573 58.2439 गई
463.34775 497.6747 503.22604 468.89908 81.34754 71.10783 89.71766 99.957375 उन
464.35684 498.4714 503.9271 469.81253 127.55829 117.49013 135.97589 146.04405 बन
464.77362 505.41394 511.4048 470.76447 173.54158 161.68175 182.21065 194.07048 बाद
169.14679 219.26117 218.7019 168.58752 3.209875 4.4788895 26.564262 25.295248 बार
546.6871 598.6911 598.1423 546.13824 217.58827 218.86095 241.28932 240.01665 एक
403.2542 461.24432 461.40808 403.41797 316.29602 315.78918 334.52808 335.0349 बन
469.98297 544.9612 545.1307 470.15247 315.7128 315.05746 334.44827 335.1036 गया
