6.443138 57.514275 57.564713 6.493578 12.153582 12.0782585 46.278473 46.353794 मोर
384.57654 436.28058 437.86725 386.1632 338.10364 335.30798 364.65192 367.44757 पर
453.6297 484.10095 481.22577 450.75452 301.69278 306.12375 325.89578 321.4648 घर
494.69714 547.32935 543.18066 490.54843 298.72137 306.37494 334.90503 327.25146 आती
85.41553 112.20067 125.760345 98.975204 144.01842 132.55882 164.25258 175.71217 होकर
466.4662 557.0537 556.52856 465.94107 45.803238 46.793243 94.84163 93.85162 पर
5.137886 36.210518 36.344475 5.271843 55.377968 55.10018 70.08438 70.36217 फौज
401.53238 439.23776 440.7725 403.0671 374.12457 371.6134 394.6576 397.16876 इस
128.31625 196.14066 226.91794 159.09354 50.92382 9.804222 60.569557 101.689156 मंगल
458.4864 536.3719 536.16156 458.27606 14.387287 14.927254 45.270176 44.73021 इतना
91.09007 125.8201 139.90274 105.172714 124.51776 103.484634 126.737976 147.7711 चला
540.40985 585.5507 585.41876 540.2779 5.1714134 5.4239388 29.012127 28.759602 पोस
