330.6961 401.93628 401.8581 330.61792 530.13275 530.2558 575.52765 575.4046 तरफ
418.74265 447.02365 453.66837 425.38736 508.40228 505.71405 575.6171 578.30536 के
148.50998 193.32877 164.81216 119.99337 187.45282 286.35614 299.27866 200.37535 हम
357.70328 461.66605 467.25748 363.2947 16.145206 5.5301437 60.29205 70.90711 मुख
360.02286 449.0939 452.56992 363.49887 93.963425 85.64851 122.88397 131.19888 सब
360.70645 460.61563 463.6691 363.75992 171.15501 162.94691 200.1137 208.3218 बन्द
399.75513 454.4099 462.55817 407.90338 375.77057 370.96912 463.7202 468.52167 बाद
129.86208 154.91298 147.66267 122.61177 268.2804 325.4702 328.64606 271.45624 खाकर
382.28998 458.84174 461.13757 384.58582 227.35378 221.63474 252.36528 258.08432 रहता
19.36775 61.026184 76.11177 34.45334 63.60152 55.05739 128.60988 137.154 सके
81.644775 145.84882 144.34747 80.14344 84.96712 87.289246 128.79922 126.4771 प्रलय
187.03636 216.39638 225.87984 196.51982 381.96387 363.36786 378.34064 396.93665 एक
387.30313 459.88712 461.33762 388.75363 270.23962 265.16565 285.91553 290.9895 कहकर
