23.521416 90.105255 74.16214 7.5782967 265.17508 287.17416 335.42862 313.42953 लिए
135.88348 205.47278 206.1253 136.53601 273.30167 271.9874 306.53806 307.85233 और
122.449646 218.14163 218.45023 122.75824 325.05463 323.69916 345.48486 346.84033 समाज
16.146915 60.439022 60.44337 16.151264 346.4927 346.4852 372.04477 372.05228 इधर
346.70844 533.7395 528.9094 341.87836 211.3472 217.37552 367.23135 361.20303 बहन
289.1725 323.711 338.54187 304.00336 235.07324 197.31128 210.87616 248.63812 तक
202.44121 303.50983 303.98523 202.91661 328.28235 326.97083 363.60687 364.9184 तक
330.9499 359.7088 367.44714 338.68823 158.91895 127.0809 134.07086 165.9089 ऊपर
236.6318 277.73294 278.13168 237.03055 277.90344 277.02228 295.62177 296.50293 व्रत
226.41193 269.18692 269.436 226.66101 307.4802 306.9008 325.29007 325.86948 रख
80.03471 122.3033 123.34503 81.07645 211.68613 209.45905 229.23035 231.45743 बात
519.2693 559.3769 542.9652 502.8576 58.14917 68.21738 133.59488 123.52667 और
267.82855 289.3507 301.90228 280.38013 241.96138 218.51796 230.04085 253.48427 पर
