257.7648 296.88678 286.90536 247.7834 266.53568 294.30002 308.36453 280.6002 रखा
304.14368 365.57788 361.30914 299.87494 265.2038 273.03967 306.50714 298.67126 और
10.042355 36.786156 35.395275 8.651476 465.222 467.40002 484.4782 482.30017 कहे
9.979946 38.65447 37.3775 8.702976 486.2407 488.53036 504.5226 502.23294 जोर
11.080757 38.660015 37.340054 9.760796 507.2375 509.39154 526.29193 524.1379 और
9.841385 41.080517 40.248344 9.009213 532.91724 535.30786 546.18225 543.7916 कान
9.780071 44.0475 43.237453 8.970024 553.5691 556.135 566.95325 564.3873 खत्म
327.1685 389.32938 389.8052 327.64432 235.12302 233.22934 248.84808 250.74176 मगर
72.05806 121.16858 99.275986 50.16547 7.8265915 58.950695 79.98102 28.856915 रहे
47.944397 100.698944 85.21979 32.46524 51.676888 105.67145 120.79511 66.80055 इस
28.915482 82.06056 67.14049 13.995409 86.28061 137.61005 153.05788 101.72843 इस
11.993847 54.870804 53.650593 10.773638 567.57477 570.7177 587.3642 584.22125 जंगल
