159.54752 221.88477 221.88177 159.54453 76.82761 76.83539 100.84633 100.83855 इधर
159.90836 224.24649 224.2327 159.89456 125.626465 125.66507 148.65982 148.62122 उधर
321.1864 377.99054 377.88135 321.0772 399.20343 399.36584 437.54962 437.3872 पर
202.9007 246.41254 244.59747 201.08563 11.488983 14.857712 38.301804 34.933075 यह
40.73173 146.16597 146.17769 40.74345 12.644426 12.612728 51.59639 51.628086 लौटकर
40.006256 96.33621 96.33545 40.005493 61.22264 61.223846 97.212296 97.21109 फिर
42.63672 104.91647 104.90558 42.625824 116.782 116.80626 144.79066 144.7664 शहर
322.5604 357.69547 358.80466 323.6696 174.3937 172.4715 192.74554 194.66776 तक
48.768837 72.79617 72.03835 48.011017 177.79936 178.87178 195.85085 194.77843 चाय
256.1544 321.64548 321.65744 256.16635 4.9710097 4.948021 38.984226 39.007214 रूप
