88.95634 122.534386 122.57006 88.99201 6.5311832 6.4592648 23.11489 23.186808 कर
140.14995 204.73521 204.7708 140.18553 6.4602256 6.3219013 22.938833 23.077158 सकता
525.6739 587.5811 588.57135 526.6641 21.684599 20.116901 59.22165 60.78935 उठा
225.91771 269.43286 270.78693 227.2718 231.10962 228.5997 252.07574 254.58566 घर
174.83206 223.1022 223.09991 174.82977 195.65561 195.66037 219.02951 219.02475 पर
239.07626 271.2329 271.22873 239.07207 22.94802 22.952858 50.989716 50.98488 दूर
558.9091 591.7275 591.77765 558.9593 136.70049 136.59874 152.79503 152.89677 बार
274.066 328.72647 328.71768 274.05722 195.87186 195.89694 215.04303 215.01794 पहला
103.384224 147.08426 147.17593 103.475914 25.897928 25.746418 52.192856 52.344364 और
483.96115 527.98376 528.4935 484.47092 50.95158 49.842506 70.076584 71.18566 समय
