490.32495 525.3135 536.9872 501.99866 206.55206 174.02359 186.58017 219.10864 यह
267.0272 501.91452 501.84744 266.9601 10.292625 10.476463 96.15076 95.96692 सकता
164.52669 181.33412 181.25017 164.44273 80.80945 80.869675 104.29732 104.23709 पर
77.96338 125.80905 125.79709 77.951416 5.1576767 5.195942 20.155819 20.117554 एक
134.86137 197.63329 197.62132 134.84941 5.203182 5.2533836 20.21037 20.160168 साथ
77.92131 141.69977 141.68924 77.910774 33.080643 33.12561 48.077347 48.03238 काम
10.601753 32.78316 33.26501 11.083603 48.855198 48.581825 87.679474 87.95284 बहू
375.8679 411.67142 412.98453 377.181 166.83328 164.92822 189.60675 191.51181 तरह
496.6974 541.4718 541.45874 496.6843 56.27314 56.301216 77.20205 77.17397 उस
41.35444 56.86312 57.182137 41.673454 60.888382 60.737015 93.42235 93.573715 हुए
