361.7705 391.61102 391.502 361.6615 10.297005 10.390121 45.32644 45.233322 के
418.21094 499.78943 499.7716 418.1931 21.368462 21.429283 45.331696 45.270874 अवसर
522.01917 558.85864 558.8408 522.00134 21.445862 21.473328 45.367302 45.339836 पर
361.52628 420.24777 420.23386 361.51236 69.13355 69.16778 93.05662 93.02239 जरुर
442.49762 549.907 549.8861 442.47675 59.22586 59.29213 93.13405 93.06778 उपस्थित
379.84015 405.44342 410.89447 385.2912 166.62193 161.87215 191.25554 196.00533 पर
560.7158 592.5801 592.5625 560.69824 4.946287 4.971834 26.87627 26.850723 वह
560.53186 597.3563 597.3419 560.51746 47.15699 47.18122 69.07481 69.050575 उस
462.15628 528.9138 539.49023 472.7327 229.78522 167.11008 178.37537 241.0505 दाननाथ
246.49033 292.32364 292.30283 246.46951 4.2956104 4.3324184 30.246664 30.209856 पर
246.34723 333.95514 333.93866 246.33073 60.101067 60.154793 87.03997 86.986244 तनाव
