18.420616 98.6712 98.662285 18.411697 35.318268 35.33571 76.3828 76.36536 श्रम
132.4924 209.63022 209.62796 132.49014 36.344345 36.348724 76.38909 76.38471 बल
295.3252 346.04333 346.0249 295.30676 133.96237 134.01022 153.53726 153.48941 अब
423.23093 466.29623 466.3262 423.2609 104.36075 104.30466 127.30916 127.36525 रह
435.10922 479.06717 479.06198 435.10403 33.20856 33.218487 56.214077 56.20415 मय
502.56635 560.4924 560.4849 502.5589 33.223793 33.236885 66.22532 66.21223 हुआ
540.9203 589.8102 590.797 541.9071 124.09701 122.71936 157.74106 159.11871 अपने
253.92154 298.95282 298.95102 253.91975 45.179512 45.182106 76.194145 76.19155 और
253.95956 293.97043 293.97256 253.9617 91.394104 91.39043 114.38843 114.392105 इस
542.8308 595.9977 597.0758 543.90894 74.79598 73.2868 111.26618 112.77537 हुआ
