38.366615 125.19865 125.49996 38.66793 22.246746 21.773064 77.00809 77.48177 कमर
140.09166 181.15407 194.13618 153.07378 22.038664 13.583817 76.63367 85.08852 पर
67.31352 121.44026 137.16164 83.0349 138.66087 126.14723 194.1487 206.66234 हाथ
150.32593 261.28894 261.92767 150.96466 137.89319 136.51279 187.85721 189.23761 रखकर
273.37012 340.86774 354.7848 287.28717 112.33056 101.32765 186.70206 197.70497 कभी
55.427353 84.15689 101.61218 72.882645 312.83917 303.0135 354.05133 363.877 और
575.3064 600.85803 577.6073 552.05566 42.917053 71.69331 92.33855 63.562286 लेकर
472.65067 544.82556 549.1544 476.97952 10.763986 3.1395187 44.117218 51.741684 घर
501.87805 533.3668 532.01306 500.52432 222.3965 224.4539 245.17351 243.1161 हर
248.67612 357.39993 357.9003 249.17648 8.963956 8.2844925 88.35483 89.034294 साफ
377.7594 446.26495 458.45483 389.94928 8.803676 0.08984375 95.922935 104.636765 कह
127.045586 154.25636 170.81552 143.60475 310.76443 302.434 356.5233 364.85373 गले
498.81534 540.7483 543.5272 501.59427 274.77512 266.53433 280.6747 288.9155 पर
544.02094 597.0275 599.5983 546.59174 11.722771 6.049118 30.067333 35.740986 जॉन
425.6967 463.0541 470.10837 432.75095 185.19832 180.37532 235.01543 239.83842 यह
437.38968 476.59854 482.36655 443.15768 262.7103 257.69266 302.76505 307.78268 सब
5.891878 44.635323 75.67662 36.933174 298.3539 284.4537 370.9736 384.8738 कई
