473.63248 557.2738 560.6373 476.996 13.575459 4.6487617 36.164783 45.09148 बाहर
500.86713 536.23553 535.0169 499.6485 224.40775 226.71863 245.36975 243.05887 बन
24.232277 53.189445 70.01073 41.05356 294.3534 284.09137 331.5572 341.8192 और
67.722 122.504196 122.362564 67.58037 294.72855 294.9393 331.7585 331.54776 उसके
39.085587 91.761154 91.809784 39.134216 336.18735 336.11533 371.67166 371.74368 भीतर
93.7765 138.21649 138.2496 93.80961 347.449 347.38828 371.6082 371.6689 नजर
569.2208 581.77527 569.651 557.09656 51.523422 65.67513 76.43098 62.279266 तरह
586.29535 594.75494 583.7475 575.2879 70.770386 79.02319 90.306366 82.05356 पर
31.630058 149.81447 193.71701 75.53261 11.70533 -13.5199585 192.17041 217.39569 और
201.61826 317.4531 340.8829 225.04807 69.85061 50.44583 190.30789 209.71268 जब
498.81747 535.4227 538.1964 501.59116 275.4246 268.23642 282.36142 289.5496 इन
193.44989 221.55267 221.4719 193.36911 309.69867 309.82043 328.4641 328.34235 कर
224.64632 243.69807 250.50401 231.45226 309.91064 304.94098 331.03235 336.002 इस
312.9755 376.38663 376.69016 313.27902 34.050945 33.670517 84.268555 84.64898 आप
386.2769 441.99185 451.77505 396.0601 15.003507 7.830368 83.8181 90.99124 सभी
136.80545 158.61649 174.92844 153.1174 305.77032 299.1526 352.91412 359.53186 हुई
325.31348 414.61432 415.4923 326.19147 97.81337 96.77821 172.52266 173.55782 करके
