304.27887 354.28107 354.16425 304.16205 150.9382 151.14938 178.805 178.59381 मान
532.23505 594.09467 584.0068 522.14716 5.963516 10.376999 151.76907 147.35559 रहे
36.572395 74.96816 66.96801 28.57224 177.55551 191.00949 213.84079 200.38681 बाद
19.807076 62.567688 51.785988 9.025377 214.91702 229.89182 260.67902 245.70422 फिर
75.68161 151.67532 140.89645 64.90273 234.48434 261.09738 291.87656 265.26352 लोभवश
493.182 547.942 540.30505 485.545 166.1142 172.2023 240.89368 234.80557 लिए
130.04669 185.37674 172.92389 117.59385 199.12744 218.51813 254.05148 234.6608 छोड़कर
443.94128 473.4195 469.62573 440.14752 185.28543 188.08722 228.00208 225.20029 कुछ
315.88797 337.71384 337.58182 315.75595 183.6312 183.81729 199.2985 199.1124 एक
465.25336 517.3906 513.77484 461.63754 20.215225 23.068283 89.143845 86.29079 लड़
78.053856 122.77822 111.9018 67.17744 186.99995 202.67256 233.71019 218.03758 हाथ
546.5186 583.9919 577.5169 540.04364 206.72003 211.22357 265.10132 260.59778 ऐसा
