387.356 497.62772 499.5599 389.28818 143.69482 135.98996 163.64374 171.3486 आप
64.999115 135.79797 136.5035 65.704636 111.887344 110.76483 155.2635 156.38602 रहा
232.67992 283.38098 283.3811 232.68004 7.6592164 7.6589966 39.616356 39.616577 रहा
232.66422 285.57523 285.58047 232.66946 58.791683 58.782013 87.43277 87.442444 सब
232.64612 281.1599 281.17218 232.65839 100.00885 99.99301 137.46521 137.48105 गये
305.2188 352.60114 352.61108 305.22876 109.90159 109.884476 137.43079 137.4479 तब
9.648651 90.516464 91.15139 10.283577 38.767834 37.829468 92.54718 93.48555 और
249.21278 294.41406 294.42633 249.22505 139.45726 139.4363 165.88698 165.90794 हम
400.8321 468.5495 470.0251 402.30768 121.752884 116.80873 137.01909 141.96324 शहर
320.10675 381.78192 381.78375 320.10858 3.472704 3.4681187 27.703972 27.708557 अपने
318.88983 353.0404 353.04254 318.89197 39.386257 39.382328 58.11098 58.11491 घर
