254.03012 288.10757 264.19095 230.1135 111.5733 124.5484 187.3624 174.3873 पर
128.87372 182.40668 182.35483 128.82187 244.14014 244.28668 263.22208 263.07553 कहा
224.66617 324.9824 325.0012 224.68497 30.139242 30.112602 100.976845 101.00349 पर
43.290497 103.9164 103.89197 43.266068 198.96935 199.02199 227.15233 227.09969 पेश
25.66298 79.975586 79.93231 25.619705 242.16623 242.30435 259.31976 259.18164 तरफ
95.97431 115.288734 115.334236 96.01981 236.37682 236.33884 259.47882 259.5168 वे
87.402054 207.89064 207.91554 87.426956 5.2006087 5.1639557 87.035065 87.07172 अपूर्व
398.57773 432.44504 426.65775 392.79044 54.578903 76.27226 85.30725 63.613895 वह
30.398378 66.62642 66.63612 30.408083 5.617641 5.6066475 37.568607 37.5796 कई
30.75286 67.89558 67.90053 30.75781 55.945263 55.936874 77.88406 77.892456 एक
