12.61454 78.3959 77.794464 12.013107 228.44205 229.52411 266.0867 265.00464 और
9.915398 119.34908 118.59438 9.160695 288.26788 291.49353 317.09784 313.8722 समाज
530.2276 559.17645 540.9533 512.00446 97.0341 109.67381 151.41035 138.77065 यह
238.36911 286.60968 285.90372 237.66316 192.26141 193.08801 234.28772 233.46112 हुई
236.21945 295.71265 295.64468 236.15149 239.96521 240.14545 262.5761 262.39587 एक
233.95845 288.59167 288.7791 234.14589 277.61105 277.16922 300.3434 300.78525 हम
24.184753 124.65071 124.43764 23.971682 173.61311 174.06679 221.2531 220.79942 मर
178.36746 247.47751 247.74911 178.63907 305.4467 304.33786 321.2675 322.3763 ऊपर
266.01343 307.03943 307.3156 266.2896 304.04053 303.38232 320.59827 321.25647 यह
14.661549 135.99959 136.80504 15.466999 4.5202727 1.4498444 33.28012 36.350548 संगठन
