458.23526 499.6182 481.6639 440.28098 38.237495 50.565727 110.8339 98.50567 कर
536.07294 592.7249 562.722 506.07 8.422852 27.138565 117.95662 99.240906 गर्दन
317.26053 334.98044 349.25735 331.53745 259.0607 242.02103 256.8679 273.90756 पर
109.98775 148.35484 158.86629 120.49919 257.1431 229.26175 243.72641 271.60776 धवनि
275.50903 305.54993 306.72797 276.68707 297.83478 296.5501 324.0974 325.38208 करके
345.63498 375.66568 376.13614 346.10544 234.4839 233.47203 247.43379 248.44566 कर
15.245132 75.31658 74.99583 14.9243765 8.52121 8.933777 55.63681 55.224243 हर
5.6384354 122.2217 121.51153 4.9282627 63.153084 64.58431 122.43247 121.00124 सहित
517.67285 556.93933 520.4713 481.2048 113.76813 127.059296 234.79785 221.50668 हुए
16.04507 59.753872 55.67818 11.969378 255.96603 263.173 287.89127 280.6843 रूप
279.76843 300.77283 300.2625 279.25812 269.08698 269.4901 296.07916 295.67603 पर
17.506714 138.17613 136.85724 16.187824 133.22763 135.51712 205.03067 202.74118 एक
448.79636 493.60263 468.0679 423.26163 92.12569 105.61897 190.41045 176.91716 रही
