87.05618 301.32352 296.0305 81.76316 286.14407 300.14786 381.1346 367.13083 उतना
545.0062 584.79236 591.7897 552.00354 193.09975 181.92885 206.85033 218.02122 प्रगति
286.27222 320.99176 319.35583 284.6363 330.98944 333.3302 357.59583 355.25507 वह
334.07394 402.68387 400.52017 331.91025 323.55844 328.2004 360.18094 355.53897 अपनी
287.31918 380.9413 378.91397 285.29184 364.15976 370.16068 401.7905 395.78958 रसिकता
500.4215 543.1061 535.3353 492.6508 212.3638 224.72723 251.5556 239.19217 घर
449.67963 483.44305 486.36285 452.59943 197.4284 192.57413 212.88245 217.73672 यह
46.419518 128.70511 125.94723 43.66163 245.64307 251.5545 289.9438 284.03235 बात
161.36887 232.51797 229.78558 158.63647 254.25787 259.36926 297.4035 292.2921 बस
294.57086 341.69708 339.56592 292.4397 229.06451 236.26483 250.2132 243.01288 कर
