14.965752 131.60275 121.64922 5.012222 266.0649 321.98343 342.7449 286.8264 सास
14.867386 112.947266 103.30394 5.2240562 314.3661 360.12793 380.79614 335.0343 बाप
14.770416 108.25826 97.758385 4.2705393 361.97757 404.41324 427.54495 385.10928 एक
268.0193 368.59955 374.45697 273.8767 369.16415 349.27933 378.90707 398.7919 एक
23.585945 42.911835 44.80665 25.480759 32.80778 31.224957 54.360188 55.943012 रख
279.65405 352.35968 355.9002 283.19458 331.64197 316.2259 332.9237 348.33978 नगर
281.19153 369.2381 389.9262 301.87964 175.39883 54.995728 70.12419 190.5273 और
99.9498 160.17178 151.64807 91.42609 374.37067 402.13647 420.62378 392.85797 और
285.68845 367.74417 371.64816 289.59244 279.59863 260.5511 277.3692 296.41675 साहब
284.46005 338.3016 343.24973 289.40817 305.2815 293.5642 316.30103 328.0183 उसे
