305.7976 360.53082 359.49933 304.7661 173.94052 175.91574 204.49872 202.5235 चन्दर
423.5329 443.30817 447.4843 427.70905 392.7015 385.0554 395.85623 403.50235 वह
-22.699795 78.581665 104.36406 3.082592 164.83165 105.284195 149.13625 208.6837 समय
-30.12049 86.613884 120.0067 3.2723236 254.6582 189.45154 249.23206 314.43872 प्रबंधन
71.470856 174.59116 198.38232 95.26203 216.18304 159.20636 202.26526 259.24194 समय
412.62946 460.20532 474.15332 426.57745 98.22647 71.76349 96.83952 123.302505 एक
323.5863 352.0699 343.28247 314.7989 123.08215 129.32962 169.39355 163.14609 भर
19.14209 49.210487 48.814873 18.746475 318.6476 318.87228 371.81332 371.58865 मुझ
52.405506 87.45242 98.12953 63.082615 316.89954 298.8982 319.68555 337.6869 पर
8.570848 57.851585 67.82263 18.541895 396.6859 371.8913 391.70935 416.50397 तरस
4.653244 63.760437 77.32373 18.216537 442.22186 413.35724 441.1313 469.9959 खाओ
191.28812 259.8075 279.51584 210.99646 210.16853 173.62596 210.58025 247.12282 बहुत
