523.63245 595.7633 593.31104 521.1802 5.5414734 15.731655 33.08969 22.89951 आया
520.95953 566.78143 564.1877 518.3658 43.080307 49.936325 67.27115 60.41513 तब
410.3702 426.96152 423.79703 407.20572 161.45067 163.98454 184.70491 182.17104 पर
354.86063 404.25095 408.76083 359.3705 85.06455 76.63709 103.067955 111.495415 पर
457.4533 506.27283 502.95044 454.13092 88.846695 96.753815 117.26654 109.35942 हम
213.30484 285.6338 276.65323 204.3243 232.0299 284.12952 296.59705 244.49744 एक
8.913956 44.13542 46.050606 10.82914 111.97133 108.966934 131.41927 134.42366 ढ़ग
479.9397 514.1467 512.2601 478.053 55.833954 61.095734 73.36157 68.09979 कहते
201.23517 258.646 248.85223 191.4414 244.86179 286.08975 299.7278 258.49985 छीन
4.369423 40.918133 42.332184 5.783474 14.357492 11.344721 28.498934 31.511705 पता
