61.64885 138.96732 135.21318 57.894722 51.342117 53.85341 169.43642 166.92513 लिए
53.370632 128.17754 128.60178 53.794872 228.35469 227.8649 292.6624 293.1522 आप
149.57185 260.78253 261.211 150.00029 227.08507 226.35696 291.7942 292.5223 सबका
551.5208 592.6082 568.1613 527.0739 22.970596 73.23654 93.21943 42.95348 खरच
400.54764 432.72256 432.62857 400.45364 125.44714 125.56256 151.77243 151.65701 पर
12.919111 26.530975 26.278105 12.66624 210.58817 210.76953 229.74881 229.56744 एक
33.943806 49.200138 48.810986 33.554653 210.13641 210.48068 227.72595 227.38168 बात
57.353462 73.11034 72.27795 56.52107 201.69154 202.20738 227.63368 227.11784 और
551.84515 580.3581 555.6424 527.12946 96.40004 130.92297 151.336 116.813065 उन
487.72046 516.7412 492.87347 463.85272 9.403168 44.59552 64.27765 29.085295 जब
525.84985 554.333 529.3882 500.90503 55.955795 90.484146 111.06169 76.53334 तक
325.61206 367.7669 351.64166 309.48682 320.17743 351.07562 373.07556 342.17737 इस
