328.62695 363.6573 371.3758 336.34546 247.4707 234.68146 255.82278 268.61203 लोग
329.88898 372.93793 378.6563 335.60736 90.88228 82.527084 111.99017 120.34537 ऊपर
388.57846 422.1946 428.17886 394.5627 79.49145 72.96705 103.80016 110.32456 एक
493.80927 590.78735 576.9246 479.94653 167.68066 215.82065 243.7471 195.60712 यही
346.5252 383.44092 386.7152 349.7995 128.30122 125.87596 175.71532 178.14058 रही
113.80322 186.62146 168.68457 95.86633 112.523895 143.04868 185.83792 155.31314 रहे
125.52074 201.79568 186.43956 110.16462 188.3631 219.74716 257.06824 225.68417 अरे
323.00424 354.7902 363.16776 331.3818 221.29245 209.61911 232.43085 244.10419 असल
287.6114 327.62915 333.91296 293.8952 93.4744 85.70945 118.094 125.858955 अपनी
440.77444 502.22946 494.4529 432.9979 189.33769 220.98634 236.08675 204.4381 फिर
471.4167 534.3933 531.4797 468.50305 89.79433 94.5356 133.2368 128.49553 बजे
31.978271 77.79978 75.584175 29.762667 6.011097 9.588566 37.966854 34.389385 रुपए
466.392 507.6738 506.64743 465.36563 83.49245 86.38191 101.04541 98.155945 चलिए
81.01807 137.91428 129.63657 72.740364 154.91267 178.64082 198.4894 174.76125 आँख
83.275314 127.416595 120.471054 76.32977 193.23384 211.03365 228.2577 210.4579 लड़
86.54992 125.99508 117.50591 78.06075 217.75244 233.32047 254.82974 239.26172 गई
129.63876 214.03214 208.78433 124.39097 241.24805 274.35028 287.72937 254.62714 आमदरफ्त
