326.61902 360.1372 370.11475 336.59656 227.58759 220.06656 264.53235 272.05338 पर
369.08594 415.50287 422.77423 376.3573 283.11273 264.10046 281.85297 300.86523 भले
3.2748108 47.057507 43.93865 0.15595257 9.306671 12.708851 52.84553 49.44335 और
291.62766 325.46573 338.1274 304.28934 64.25785 57.70021 123.03579 129.59343 देर
441.76105 505.22113 505.29327 441.8332 6.394561 6.2073383 30.659248 30.846472 नजर
300.93527 342.7593 342.8738 301.04977 287.4084 287.266 320.89276 321.03516 पर
4.1914406 34.765293 33.217728 2.6438735 118.67784 121.10707 140.5844 138.15517 एक
4.1638203 30.759016 29.468794 2.8735983 146.6541 148.7791 164.92668 162.80168 पत्र
546.24335 595.8686 597.389 547.76373 60.762173 57.69352 82.280426 85.34908 जब
332.96988 371.73416 377.19376 338.42947 87.62947 80.10675 108.239975 115.762695 तान
386.90686 422.0152 428.27344 393.1651 78.637184 71.82351 104.069756 110.88343 सब
