82.5172 149.01231 152.77357 86.27846 241.72183 231.90378 257.37787 267.19592 कब
512.83936 568.1134 568.5852 513.31116 274.80475 273.64575 296.14758 297.30658 रहा
489.64334 543.2844 543.428 489.7869 315.01303 314.62863 334.66617 335.05057 सब
8.572372 69.32224 64.15219 3.402321 138.47119 151.43237 175.66473 162.70355 दिन
552.0241 593.0268 593.36237 552.3597 281.63968 280.88663 299.16068 299.91373 रहा
448.00116 538.683 552.97314 462.29132 234.1836 189.74948 218.91309 263.3472 और
10.281601 58.039135 53.262623 5.5050898 56.482773 67.59198 88.12581 77.0166 कुछ
10.264839 47.53893 43.811615 6.5375257 81.574066 90.07234 106.42064 97.92236 यह
54.069313 107.414696 110.74749 57.402107 274.97687 266.7763 288.45648 296.65704 यह
463.71933 510.63773 510.6409 463.7225 5.8363805 5.829788 28.291393 28.297985 साथ
428.4592 468.22922 468.35342 428.5834 316.10065 315.8249 333.73608 334.01184 रसोई
465.2887 495.81726 495.8772 465.34863 320.76794 320.6089 332.11823 332.27728 एक
