205.52466 275.56122 264.43527 194.39873 253.10895 289.99237 311.11896 274.23553 गए
176.78337 239.2852 228.8625 166.36067 281.39066 313.025 333.61777 301.98343 पर
7.23188 73.005196 68.325066 2.551752 113.70761 128.14468 149.46667 135.0296 छत
455.71594 526.0502 537.23303 466.8988 235.1522 200.89166 223.84917 258.1097 धूम
521.7185 586.2053 586.6481 522.16125 295.868 294.98672 327.38547 328.26675 और
11.130764 52.029102 47.719826 6.8214874 6.5959816 16.595463 34.2206 24.221119 यह
11.107925 59.500504 55.569626 7.1770477 35.553204 47.084652 63.580883 52.049435 बात
83.78664 159.24734 164.3813 88.92059 241.54243 230.23566 264.49933 275.8061 हम
11.247597 70.7573 65.29087 5.7811627 155.95879 168.40398 194.54305 182.09785 और
512.7935 578.66595 579.5063 513.63385 258.17892 256.4202 287.89383 289.65256 और
57.907845 95.70142 97.96841 60.174828 280.45297 274.6523 289.42264 295.2233 पर
