6.6506577 57.592175 57.57728 6.635762 5.3085403 5.3389244 30.311821 30.281437 एक
6.667679 89.68251 89.6634 6.648565 47.68093 47.752907 69.80222 69.73025 सफल
378.3638 454.47104 454.48062 378.37338 19.910301 19.894798 66.95042 66.96592 लोग
76.22519 95.2265 95.267166 76.265854 13.119661 13.079117 32.136024 32.176567 प्त
116.22229 154.3494 154.34314 116.21603 13.132828 13.145378 32.172905 32.160355 कर
487.2173 532.35876 532.3668 487.22534 28.864487 28.851044 55.908325 55.92177 पर
93.10191 112.153046 112.145096 93.09396 22.527657 22.54026 34.549747 34.537144 वह
93.13667 116.21147 116.20116 93.12636 36.138973 36.15481 51.17976 51.16392 सीट
534.4661 596.7026 596.71686 534.4804 6.5799365 6.5522346 38.63709 38.66479 हम
534.0801 584.2715 584.2754 534.084 75.55431 75.5478 105.62066 105.627174 पर
