209.89624 401.47687 400.2022 208.62157 148.49039 153.72623 200.36713 195.13129 नमकहलाल
387.34073 406.76108 449.10678 429.68643 153.33994 138.42535 193.564 208.47858 था
457.94507 521.13824 521.4451 458.25195 43.55906 42.829704 69.41761 70.146965 समूह
32.087585 135.59764 134.14479 30.634739 120.25609 123.614426 168.39372 165.03539 कर
102.232376 141.93095 225.28236 185.58379 107.490746 73.01669 168.99994 203.474 बोल
105.51482 135.02396 203.08339 173.57425 201.73303 175.13931 250.66003 277.25375 रहा
29.694263 110.71747 111.06856 30.045353 313.35284 311.24402 324.73328 326.8421 समय
189.67715 220.65964 285.52518 254.5427 186.28413 159.62363 235.00462 261.66513 फिर
527.26044 572.3936 572.6662 527.533 45.187138 44.68183 69.02969 69.535 कर
5.337734 67.42551 68.13223 6.0444603 330.76285 328.61935 349.09 351.2335 और
