383.64615 509.81857 509.82724 383.65482 18.871628 18.857681 97.519226 97.53317 उसने
458.15326 514.1913 514.23236 458.19434 284.35388 284.29706 324.80463 324.86145 नाक
15.283508 134.48956 134.453 15.246947 21.741188 21.80716 87.88986 87.82389 जिस
381.97488 410.46408 410.2878 381.7986 276.79605 276.94418 310.84805 310.69992 खैर
255.37798 312.4944 312.50195 255.38554 10.293931 10.281368 44.756462 44.769024 वह
524.7647 575.53485 570.0031 519.233 264.5213 268.92938 332.64142 328.23334 उसने
74.06908 159.76099 159.75499 74.06307 9.571182 9.589874 37.10012 37.08143 वापस
515.0275 570.0511 570.0545 515.03094 4.81578 4.80986 37.139313 37.145233 वह
512.6593 596.8082 596.819 512.67004 52.24657 52.225716 95.34218 95.36303 कभी
426.15067 453.61612 451.2311 423.76566 294.32263 296.02094 334.59253 332.89423 एक
62.387177 97.00855 96.964355 62.34298 100.88484 100.97925 117.18672 117.092316 रहा
