54.91831 134.28574 135.08435 55.716923 96.63495 95.42944 148.00836 149.21387 रहा
291.98904 326.55624 325.23007 290.66287 243.3917 247.08952 259.48633 255.7885 उन
46.299026 104.903564 103.750244 45.145706 233.5936 236.95517 257.0619 253.70032 कलंकित
386.20142 501.8283 501.8294 386.2025 10.156784 10.153938 54.051086 54.053932 बताइए
292.18414 327.49512 327.3155 292.00452 101.91928 102.10556 136.15947 135.97319 हर
164.93236 277.62622 277.62744 164.93355 10.162232 10.16008 73.0255 73.02765 तक
4.705755 63.42946 63.85125 5.1275463 110.80254 109.91266 137.74701 138.6369 सब
115.50113 139.23492 138.57834 114.844536 247.3909 248.751 260.20813 258.84802 उस
148.60597 180.49425 179.62022 147.73195 245.48111 247.30853 262.56015 260.73273 कमरे
462.87292 512.76465 512.76526 462.87354 63.236576 63.235573 92.198746 92.199745 और
528.5565 583.46924 583.47 528.55725 62.236874 62.23577 96.193954 96.19506 कोई
461.82767 520.69995 520.7003 461.82797 102.39144 102.39045 121.38142 121.38241 काम
