119.87627 173.44347 173.46129 119.89409 575.0389 574.9913 595.05145 595.09906 साथ
405.77258 455.51318 471.51178 421.77118 538.62335 499.27924 519.5053 558.8494 एक
233.57352 265.96774 247.74228 215.34805 244.34207 298.21957 309.17776 255.30026 कर
408.11115 455.91876 455.8775 408.0699 567.025 567.1007 593.1737 593.098 एक
475.97217 517.9233 517.9199 475.9688 76.64956 76.65386 109.62931 109.62501 बढ़
475.99915 536.9091 536.9115 476.00153 130.21155 130.20575 155.19144 155.19724 गया
477.129 527.0469 527.05505 477.13724 183.78323 183.76682 208.75696 208.77338 अब
550.5609 593.4596 593.4696 550.5709 183.76704 183.75215 212.73167 212.74657 वह
31.838188 141.95639 142.0037 31.88549 301.00327 300.94278 387.04715 387.10764 हर
77.145645 119.73627 119.76077 77.17015 566.0429 566.00287 592.08746 592.1275 यही
400.6029 450.0296 468.0667 418.64 502.38428 462.55902 484.9447 524.76996 उसे
460.33627 508.2833 508.29703 460.35 299.16794 299.13327 318.13455 318.16922 राम
460.34546 522.2809 522.3041 460.36865 330.3707 330.31747 357.32254 357.37576 करते
540.1025 589.0119 589.029 540.11957 329.30243 329.27246 357.25012 357.2801 और
460.36703 549.26733 549.2876 460.3873 377.58124 377.48657 396.49298 396.58765 सम्मान
462.58078 513.5425 513.56604 462.60428 416.79312 416.73013 435.7347 435.7977 भाव
389.89056 539.7183 539.69086 389.8631 7.066368 7.1486816 57.08706 57.004745 आचार
