92.30758 135.91354 135.93777 92.33181 568.037 567.99646 594.07874 594.11926 यह
149.19435 198.94237 198.96654 149.21852 567.9842 567.93805 594.02936 594.0755 कह
418.32062 459.01178 458.96948 418.27832 565.93134 565.9921 594.31 594.2492 तुम
10.76371 126.92907 126.97372 10.808357 244.9012 244.8251 312.97192 313.048 साथ
231.52121 260.80692 243.59036 214.30466 259.50607 307.78738 318.23032 269.949 पर
473.69736 503.71024 503.68484 473.67197 577.39966 577.4419 595.5045 595.4623 वह
29.305283 187.84334 187.90855 29.370499 6.053555 5.897827 72.28487 72.4406 समेट
27.199211 170.56271 170.62714 27.263634 110.82516 110.71817 197.04843 197.15543 छाई
22.723091 91.71588 91.72385 22.731056 443.68875 443.67465 482.6437 482.6578 अभी
20.573376 79.551544 79.55658 20.578411 496.24213 496.2315 524.1895 524.20013 तक
