11.820614 120.930084 120.96303 11.853558 300.01263 299.9699 384.05365 384.09637 रही
408.0464 453.01575 466.3499 421.38055 538.1913 502.64343 519.5116 555.05945 कर
410.91815 557.6697 557.68964 410.9381 85.02928 84.99873 180.9677 180.99825 चल
133.92831 176.32465 176.34607 133.94974 567.9984 567.9591 591.04004 591.07935 घर
415.31284 458.8704 458.83066 415.2731 568.18176 568.2622 589.78516 589.7047 जब
396.3695 455.3255 455.31293 396.35693 6.8700523 6.8947983 36.875492 36.850746 एक
473.72064 568.5644 568.5507 473.70697 6.912628 6.950798 40.9177 40.87953 चबूतरा
396.38412 507.26053 507.25272 396.3763 46.645126 46.670517 80.65355 80.62816 संगमर्मर
83.38223 118.91928 118.94653 83.409485 567.0412 567.0079 596.092 596.1253 देर
486.73615 522.87604 522.84406 486.70416 572.9326 572.9866 594.4054 594.35144 एक
43.34708 111.518005 111.553925 43.383 108.5949 108.53819 151.72552 151.78224 वह
153.02916 190.13405 190.13231 153.02742 108.46474 108.466354 148.68022 148.6786 न
45.618034 163.84885 163.87613 45.6453 192.12535 192.045 232.16515 232.2455 भस्म
234.95673 264.21973 248.7344 219.47142 246.64261 295.31223 304.6229 255.95328 इस
449.92902 576.7519 576.7946 449.97174 270.97458 270.88864 333.89438 333.98032 इतना
