233.3485 263.70654 245.52327 215.16524 250.17542 300.5185 311.4834 261.14032 उस
399.7937 448.88452 466.75366 417.66284 511.5085 472.1059 494.36856 533.7712 और
417.3602 465.15353 465.11526 417.32193 568.18896 568.2562 595.4502 595.38293 हुआ
3.778965 104.90074 104.93155 3.8097725 266.95572 266.90555 329.0073 329.05746 पहले
177.02316 202.32092 202.33145 177.03369 563.9396 563.9154 574.9641 574.9883 जात
231.95012 248.41637 239.46007 222.99382 292.70364 319.4313 324.94907 298.2214 तब
412.68875 449.303 461.85007 425.2358 542.6952 513.86096 529.79346 558.6277 वह
484.7099 522.8761 522.84406 484.67786 572.9262 572.9832 594.40546 594.34845 इसके
449.15448 547.01227 547.0351 449.1773 174.6105 174.56577 224.53659 224.58133 आये
449.1826 533.07776 533.1102 449.21506 253.17587 253.1254 307.1132 307.16367 और
18.694424 61.821293 61.846325 18.719456 26.404192 26.3629 52.50422 52.54551 पर
89.69159 169.9703 169.99698 89.71826 26.324286 26.242401 52.393913 52.4758 समय
18.739082 195.24158 195.2763 18.773796 73.04132 72.880905 111.07419 111.234604 मध्यकालीन
18.806803 68.91114 68.942604 18.838266 143.77135 143.7289 180.86928 180.91173 युग
96.76225 155.91486 155.93568 96.78308 143.70238 143.65517 169.76027 169.80748 तक
95.74526 140.4841 140.51035 95.77151 567.02954 566.9878 595.07715 595.1189 वर्ष
490.4167 583.2769 583.31525 490.45502 312.54523 312.47266 361.4743 361.54688 करने
490.44583 555.3804 555.4263 490.49173 390.15164 390.07895 431.09073 431.16342 इस
490.4569 597.3367 597.4004 490.52063 437.76593 437.62408 485.6463 485.78815 दिवस
