422.0796 454.3028 454.2757 422.0525 576.12317 576.1714 594.303 594.25476 उस
470.76245 517.97107 517.9441 470.73547 576.26385 576.3344 594.39813 594.3276 समय
31.831291 164.98798 165.03204 31.875359 292.9896 292.91446 371.02652 371.10165 एक
106.26673 155.72769 155.74597 106.28501 571.03613 570.9911 591.0565 591.10156 बाप
231.74237 262.766 244.60526 213.58163 253.70331 304.9997 315.98315 264.68677 यह
35.565147 89.69951 89.71904 35.58468 102.37917 102.33134 124.42953 124.47736 एक
35.600277 104.75122 104.76904 35.6181 142.55228 142.49646 164.58142 164.63724 तरफ
121.27655 168.40665 168.4245 121.2944 142.47757 142.43948 164.53 164.56808 रख
55.670918 173.0475 173.09981 55.723225 44.0645 43.955414 100.24205 100.351135 विनय
168.82417 202.07811 202.10277 168.84883 564.952 564.92065 591.0194 591.0508 रही
