73.06425 130.83453 117.58968 59.81939 21.491661 39.59968 81.854935 63.746914 राम
469.42175 549.8584 531.52655 451.08994 14.532333 28.873886 131.6905 117.34895 कह
20.857605 49.22795 49.189377 20.819033 423.2952 423.3469 444.5278 444.4761 पार
448.3055 516.58813 516.9359 448.6533 314.35788 313.7316 351.64462 352.2709 राम
82.85045 177.75256 175.03465 80.13253 193.57999 197.01755 272.05215 268.6146 आया
556.0458 598.3042 586.84924 544.5908 24.462845 32.41095 93.31469 85.366585 फिर
126.14288 187.88626 177.58191 115.83853 75.9662 95.316055 128.1962 108.846344 उधर
208.06107 254.26578 243.96365 197.75894 101.6465 116.12668 148.99968 134.5195 जब
2.3695526 41.76394 41.671158 2.276773 399.73962 399.90936 421.4452 421.27545 जमीन
11.179691 42.01675 41.16425 10.32719 191.20654 192.32312 215.867 214.75043 जगह
9.836311 25.66907 17.472578 1.6398201 215.84465 220.04295 250.95369 246.75539 बेल
