201.24292 246.5924 238.53052 193.18103 290.8843 304.67813 331.1829 317.38907 कर
93.6423 119.869736 123.8945 97.66707 181.71193 175.61235 192.91838 199.01796 चकित
428.35913 488.60144 488.6599 428.4176 391.58685 391.48108 424.79486 424.90063 परिजन
488.2563 520.9962 521.04047 488.30054 399.47623 399.4158 423.41318 423.4736 दस
533.5806 566.3304 554.2255 521.47577 381.23132 389.8208 435.97375 427.38428 पंद्रह
216.88406 258.85922 252.18222 210.20706 230.76746 243.06778 265.8532 253.55289 करने
237.3053 285.1153 274.12506 226.31506 384.56546 393.35043 453.16183 444.37686 ऐसा
3.0891714 30.962326 32.71827 4.8451147 297.27985 294.7791 314.351 316.85175 पर
64.92506 97.15879 99.9192 67.68546 327.38217 322.83804 342.41885 346.96298 शाम
98.52907 128.1274 130.90471 101.30638 322.64484 318.47223 338.1731 342.3457 तक
129.3112 147.3832 159.64442 141.57243 318.30533 309.78696 335.79947 344.31784 यह
223.3271 249.50127 250.05846 223.8843 196.87083 196.5222 238.35411 238.70274 ऐसे
310.52182 369.03122 369.1127 310.6033 379.7637 379.65482 423.43106 423.53995 कह
