8.186447 153.8588 153.1876 7.5152593 225.14267 227.68549 266.13632 263.5935 सम्हल
10.306557 126.46575 126.45745 10.298256 293.37064 293.39584 331.61258 331.58737 रहता
417.99994 558.9972 557.0537 416.05643 238.78345 242.32458 319.7102 316.16907 ऐसा
318.17395 336.4309 354.2074 335.95044 244.07104 235.82635 275.1903 283.435 आने
137.00705 197.29541 197.0191 136.73074 266.03513 266.66995 292.90884 292.27402 गया
360.09317 414.0494 413.64474 359.6885 204.12323 204.97629 230.5711 229.71805 पर
412.62643 508.79337 508.28098 412.11404 204.95375 206.47417 238.88457 237.36415 इतना
321.87738 355.57703 357.61487 323.91522 54.37026 50.98098 71.24341 74.63268 उस
24.989273 115.288345 114.37494 24.075863 185.48412 188.15202 219.06767 216.39977 बनाए
368.0951 433.9666 432.99615 367.12463 290.32504 292.9517 317.28885 314.6622 आया
573.4475 586.7035 561.79675 548.5408 147.93643 163.53537 184.70108 169.10214 कुछ
