292.49823 361.9123 345.3094 275.89532 334.55283 345.59964 449.92612 438.8793 तीन
482.19434 518.3968 518.3366 482.13416 210.05128 210.17519 227.7664 227.6425 कर
476.14667 594.87756 594.7337 476.00278 48.060623 48.265076 131.8448 131.64035 पर
124.923775 179.919 189.51022 134.51498 30.925745 15.774384 50.587784 65.73914 रह
357.56143 394.94034 402.82266 365.44376 245.56714 205.55023 212.91296 252.92987 कर
81.909424 119.99388 115.14392 77.05946 394.03033 397.87518 445.9156 442.07074 यह
132.60759 182.71156 182.74358 132.6396 397.6976 397.65878 438.95145 438.99026 इस
201.05623 240.00328 233.26079 194.31374 392.18958 397.46124 447.27484 442.00317 ग्रह
517.6688 558.2732 558.17725 517.5729 202.08266 202.26314 223.85149 223.671 कर
50.796577 108.40934 108.5866 50.97384 343.28012 343.02658 383.30234 383.55588 बात
499.9784 546.2036 546.239 500.0138 230.78252 230.69359 249.09407 249.183 कर
