128.49171 195.6183 206.27293 139.14635 182.33104 137.40858 153.32957 198.25203 कम
136.82523 266.68564 282.834 152.9736 221.03798 136.62227 161.46404 245.87975 फुरसत
336.31854 363.1593 310.20465 283.3639 231.168 260.48795 308.96494 279.645 पान
2.3086395 158.05183 158.22476 2.4815674 7.602082 7.2798004 90.84757 91.16985 आप
362.01917 386.19275 398.36316 374.18958 159.586 138.63928 152.68457 173.63129 यह
131.3575 159.97444 171.83278 143.21584 292.37192 274.94254 294.4125 311.8419 थे
180.3814 246.26228 257.43042 191.54955 270.13034 229.47119 247.56717 288.22632 शहर
426.13412 452.58096 396.52548 370.07864 226.4859 256.7553 305.7318 275.4624 साथ
19.21607 73.30228 73.69938 19.613173 88.639244 87.958336 119.50077 120.18168 हुआ
434.4658 485.47354 490.24527 439.23752 33.285065 21.36193 41.775597 53.69873 वन
176.41129 229.8212 238.263 184.85309 109.93182 73.272125 85.571075 122.230774 अब
276.90503 323.88928 316.50806 269.5238 283.4443 298.52573 321.52103 306.4396 महशर
167.23418 218.9056 218.9803 167.30888 14.158123 14.004047 39.061386 39.21546 सब
230.63107 287.75424 287.82376 230.70059 5.424759 5.3195457 43.075737 43.18095 इसी
