288.13266 349.57785 350.37766 288.93246 4.663434 2.3127136 23.218632 25.569353 कर
203.11633 224.06866 235.0513 214.09897 54.790436 46.80504 75.62158 83.60698 तक
506.34814 534.73175 518.81445 490.43085 93.26532 106.46614 140.69061 127.48979 तब
138.88689 191.23509 200.49596 148.14775 194.45793 173.61406 196.87218 217.71605 डर
233.40749 299.04834 299.85913 234.21828 6.7570653 4.2458305 25.439346 27.95058 मग
260.59357 324.8363 327.4735 263.23077 44.212383 40.501236 86.15358 89.86473 कमल
194.77304 251.75049 269.49283 212.51538 150.5981 117.76747 148.55925 181.38988 यह
497.175 514.45056 505.72302 488.44745 139.29411 148.7325 164.70692 155.26854 उस
335.81384 357.49347 369.55035 347.87073 49.939392 42.827896 79.58368 86.695175 सभी
175.24863 216.94061 226.8757 185.18372 119.15094 94.401474 111.137726 135.88719 सब
