546.44226 597.17773 598.16833 547.43286 172.78966 170.5475 192.9633 195.20546 तय
121.30148 209.55234 212.35355 124.10269 63.036297 57.159058 99.22095 105.09819 कम
477.20825 521.9033 521.90173 477.2067 10.660698 10.663345 36.62355 36.620903 पर
477.3155 564.5533 564.55255 477.31476 48.875664 48.87838 71.72884 71.72613 तनाव
6.090885 43.076454 44.64819 7.6626205 64.10982 61.64688 85.24948 87.71242 बन्द
8.199482 59.539288 61.38341 10.043606 94.47791 91.059044 118.75146 122.17033 करके
143.6614 185.23819 185.23676 143.65997 16.034706 16.036987 42.00512 42.00284 ओर
296.17468 311.9134 313.47815 297.73944 196.62639 194.03151 203.52208 206.11696 बार
252.78497 313.29095 314.99902 254.49304 57.372963 53.34362 78.99279 83.02213 चन्दर
333.07452 406.84668 406.84485 333.0727 8.779926 8.783985 42.01731 42.013252 केवल
424.7913 473.6437 473.6423 424.7899 19.171303 19.17379 47.213753 47.211266 एक
