316.00296 388.4382 387.44864 315.0134 23.516716 25.848618 56.586433 54.25453 आए
359.10675 388.8659 401.29706 371.5379 133.47238 125.740265 173.58508 181.3172 रहे
299.6501 316.328 333.15875 316.48083 297.5534 266.60645 275.67688 306.62384 ऊँट
15.689125 91.11231 91.23206 15.808876 360.5868 360.32324 394.59637 394.85992 कहना
389.92084 448.99567 448.2096 389.13477 30.544365 32.442253 56.91046 55.012573 बाद
466.98682 527.36017 526.6016 466.22827 32.94471 34.882103 58.519325 56.581932 जब
545.3104 597.09863 596.30786 544.51965 35.389587 37.053383 61.66839 60.004593 हम
77.62606 112.62032 115.936195 80.94193 105.11396 100.078674 123.123405 128.15869 बढ़
359.61194 375.32935 385.542 369.8246 91.02934 86.93703 126.160995 130.25331 ने
394.39905 462.2033 465.289 397.48474 96.40578 89.060776 117.545685 124.890686 आकर
78.29724 141.78024 141.73477 78.25178 26.683838 26.776932 57.774864 57.68177 बगल
498.25922 583.2845 587.92096 502.8957 115.82081 106.636856 149.56116 158.7451 पहुंचकर
