361.67148 399.57285 399.56985 361.6685 6.7890472 6.793762 30.80745 30.802734 इस
417.05612 462.88864 462.88602 417.0535 6.8082886 6.8127213 33.814545 33.810112 तरह
480.34003 541.02045 541.0132 480.33276 6.830269 6.8513565 27.828094 27.807007 बयान
3.9140549 59.082603 59.115826 3.947277 151.99388 151.93703 184.17506 184.23192 ठीक
94.74065 235.16571 232.4098 91.98473 61.24672 68.37987 122.63344 115.50029 बहार
436.36017 479.88098 485.482 441.96118 74.95578 66.59198 95.73685 104.10065 घर
476.8826 556.3125 557.2666 477.8367 141.09966 139.56432 188.92693 190.46227 कवि
519.9993 594.57184 594.5893 520.0168 47.01044 46.9794 88.95804 88.989075 चली
13.145248 44.969288 44.08478 12.260743 28.339611 29.955433 47.376026 45.760204 करते
55.42948 81.09879 80.16221 54.492897 29.458881 30.762188 49.208652 47.905346 और
11.922569 54.993744 54.369392 11.298218 53.959175 56.14737 68.43674 66.24854 सम्मान
12.071922 38.741833 38.11772 11.44781 74.49972 75.854836 88.137886 86.78277 भाव
