505.26886 555.77094 561.58734 511.08527 43.36519 34.076256 65.69892 74.987854 और
424.50314 480.9066 481.79977 425.39633 109.83919 108.58302 148.68867 149.94484 देख
3.9905167 47.019726 47.099102 4.069893 145.95607 145.82649 172.18239 172.31197 और
199.98183 333.57574 333.59412 200.0002 4.8708596 4.764471 27.829622 27.93601 अन्याय
296.36957 350.90967 353.8224 299.2823 40.335712 33.500454 56.741886 63.577145 एक
422.13388 503.23666 510.13815 429.03537 52.55743 37.64006 75.16206 90.07944 उसने
486.13263 597.95074 598.982 487.16388 100.87007 98.396805 145.02129 147.49455 रहता
3.8544102 35.98951 39.083702 6.9486027 44.519253 36.572742 49.085423 57.031933 और
45.616974 102.78157 105.70491 48.540314 34.929623 20.75204 32.53906 46.71664 यकीनन
200.24933 209.51736 155.134 145.86597 -9.113365 5.9064636 39.46389 24.444061 लिए
368.22705 397.56244 399.96954 370.63416 24.551188 20.874886 40.082726 43.759026 वह
410.9571 452.44556 455.3592 413.87073 19.195889 13.996647 37.246517 42.44576 कुछ
465.83133 506.3215 508.7288 468.23862 12.318235 7.244028 26.45307 31.527277 ठहर
356.25046 405.64096 408.91122 359.52072 71.83008 62.741486 80.51338 89.601974 घाव
