367.88965 449.76428 453.31128 371.43665 22.126816 11.866577 40.171143 50.43138 एकता
4.9774246 47.99746 48.08311 5.063076 144.96721 144.82167 170.13911 170.28465 हट
436.18454 472.78036 476.77884 440.183 55.07022 48.336517 70.066956 76.80066 प्त
490.40305 537.9192 542.64575 495.1296 45.083523 36.341682 62.033154 70.774994 कर
143.89105 213.53064 213.53708 143.89749 9.0577 9.03228 26.644241 26.669662 फल
4.2606583 66.846886 71.47897 8.892746 37.049156 21.597885 40.360413 55.811684 करने
485.0788 535.0156 535.7847 485.8479 101.97549 100.86882 135.57251 136.67917 और
295.99167 344.4786 347.5181 299.03116 37.302086 31.225945 55.48075 61.556892 रहती
541.5436 591.0569 594.1465 544.6332 57.12329 48.017776 64.81849 73.924 करना
248.18095 257.4002 200.51485 191.29558 -8.175678 6.9214706 41.659306 26.562157 पर
458.87775 511.4898 514.02386 461.4118 11.751305 5.1579704 25.378914 31.972248 समय
413.5275 467.7513 468.56778 414.34396 103.5742 102.373 139.23105 140.43225 उठी
