213.50177 339.46625 265.3581 139.39362 10.239716 131.84846 208.611 87.00224 कारण
567.5087 597.86835 596.90765 566.54803 363.16965 364.16873 393.36288 392.3638 तय
122.65346 134.89073 134.93187 122.694595 118.820656 118.7943 137.89798 137.92433 इस
157.65002 207.21716 185.34393 135.7768 172.90482 209.26721 239.08356 202.72116 ओर
132.31058 148.90582 147.49411 130.89886 283.53784 285.44482 297.7303 295.8233 उस
293.2407 353.07022 320.9722 261.14267 33.697388 91.444016 124.699814 66.953186 बहुत
70.10781 91.224754 85.53947 64.42252 367.61066 371.62567 401.5276 397.51257 वह
102.23447 133.67117 122.10286 90.66615 185.33798 208.32034 224.14423 201.16187 एक
73.71211 104.96425 94.59886 63.34673 212.5893 235.36514 249.5881 226.81226 पल
384.38083 422.94223 406.1232 367.5618 43.63713 80.84851 98.27777 61.06639 गया
