484.04108 543.00116 543.72455 484.76447 83.03029 81.65343 112.63188 114.00874 अपने
534.9272 589.19073 589.1591 534.89557 15.593815 15.658619 42.092865 42.02806 बाद
114.646866 178.3894 178.36748 114.62493 4.676937 4.7126503 43.855827 43.820114 वह
156.32574 200.59344 210.39471 166.12701 154.69821 140.82819 172.11005 185.98007 लिए
415.84613 462.43384 463.0608 416.47308 86.68473 85.59704 112.44967 113.53736 कहो
430.99765 495.83163 495.80252 430.96854 14.411652 14.489178 38.814156 38.73663 चला
104.668915 139.8071 146.9354 111.79722 177.65816 166.64189 189.3788 200.39507 यह
548.8613 595.39575 596.1908 549.6564 69.1205 68.0349 102.11261 103.19821 सही
320.768 336.69482 336.6292 320.7024 6.4150925 6.466976 26.604519 26.552635 न
346.30637 379.26932 379.24503 346.28207 6.4785767 6.51836 26.622559 26.582775 कर
