423.57376 506.4988 506.45663 423.5316 5.936798 6.0369606 40.942387 40.842224 कुशल
425.08212 464.42715 465.02994 425.6849 87.50458 86.58598 112.40369 113.32228 गए
482.21146 538.0598 538.5659 482.71756 86.173225 84.86991 106.55558 107.858894 भारत
123.09569 174.16182 174.1393 123.073166 4.6816673 4.7102814 44.90945 44.880836 रही
361.23926 414.57025 413.34778 360.01678 177.82031 180.7136 203.2472 200.35391 रहा
509.49628 591.3037 591.2785 509.47104 16.621342 16.718914 37.866436 37.768864 जवाब
549.01324 594.508 595.18256 549.6878 75.31792 74.25647 103.1689 104.23035 हुआ
87.28981 115.94324 115.93663 87.2832 13.128059 13.14296 25.840614 25.825714 जल
177.4336 229.73178 236.608 184.30981 220.17163 206.1926 231.91785 245.89688 और
115.20245 182.75708 192.55365 124.99902 166.30426 145.13153 176.38885 197.56158 कोई
