351.92307 401.39883 403.89847 354.4227 48.01714 41.50493 60.495556 67.00777 कल
525.33484 571.12317 571.088 525.2997 19.813599 19.868004 49.468544 49.41414 वह
409.91666 450.57437 449.81198 409.15427 142.2529 143.60284 166.56482 165.21487 घर
196.32324 224.46909 228.44849 200.30264 211.51747 204.04729 219.0407 226.51088 लोग
205.47025 227.57996 231.0123 208.90259 232.92053 226.99304 239.79575 245.72324 इस
339.7831 378.0663 378.0356 339.7524 4.777033 4.823332 30.217474 30.171175 पर
457.67316 513.97974 512.7559 456.44934 136.33208 138.14412 176.17232 174.36028 दिए
308.09683 326.04385 296.63034 278.68332 91.26279 107.43984 140.07162 123.89457 पर
432.06204 509.66843 509.63022 432.02383 8.06377 8.157261 39.88847 39.79498 शब्द
212.53635 292.3651 288.9801 209.15134 46.12462 51.95636 98.29256 92.460815 इस
