50.59326 144.43481 144.42288 50.58133 20.765587 20.786743 73.715614 73.69446 किस
50.678535 120.205666 120.20211 50.67498 110.510544 110.51735 146.88155 146.87474 मत
416.3598 536.8557 536.87085 416.37494 6.9319386 6.898155 60.96232 60.9961 कहती
416.46698 529.05383 529.0606 416.47375 86.44111 86.42057 123.56312 123.58366 सजल
167.67145 239.39789 239.38501 167.65857 18.15628 18.172096 76.6024 76.586586 गई
278.08728 366.30353 366.30438 278.08813 11.576645 11.575455 73.30377 73.30496 और
170.14407 311.2688 311.26392 170.13919 117.3613 117.37866 157.03766 157.0203 आपस
258.4731 336.7385 336.73068 258.4653 79.912636 79.929436 116.284645 116.267845 मलाई
527.8606 567.29065 567.30054 527.8705 36.635536 36.612328 53.50637 53.52958 उसके
527.8827 557.1726 557.17566 527.88574 64.79491 64.787125 76.05118 76.05896 पास
2.3714256 42.691387 42.55335 2.2333877 374.52576 374.8235 393.5177 393.21997 इस
