502.56134 593.9317 596.6866 505.31622 114.36333 107.25931 142.69154 149.79556 सखी
52.62201 142.99908 143.55188 53.174805 51.9747 50.62828 87.73447 89.08089 पर
6.640991 66.866684 64.31731 4.091613 252.06378 255.71173 297.80066 294.1527 और
478.48798 540.69806 543.3514 481.1413 13.883803 5.319935 24.59431 33.15818 थर
350.60785 402.93268 405.97015 353.64532 84.833916 76.68351 96.18395 104.33436 समय
433.31186 472.28897 473.27267 434.29556 85.8277 81.594604 90.65239 94.88548 जब
482.39722 568.4418 569.5337 483.48914 80.17443 70.85052 80.92751 90.25143 बादशाह
96.46413 222.16353 222.4785 96.7791 15.793408 15.162529 77.91771 78.54859 कर
62.385056 146.05392 144.97397 61.305096 274.49814 279.55917 297.41312 292.35208 नयापन
114.53793 195.52728 196.4784 115.489044 101.55795 99.20825 131.991 134.3407 विषय
