208.64474 436.74667 441.196 213.09409 233.47705 223.82999 329.03357 338.68063 गरदन
416.29922 469.77194 543.473 490.00034 224.69476 190.29266 304.8496 339.2517 पर
278.8965 311.72922 327.62875 294.79605 164.81436 133.66257 150.42004 181.57184 लद
499.36 527.85986 538.6211 510.12122 123.37649 115.11093 152.21603 160.4816 दिन
378.66437 402.20892 412.25433 388.70978 104.49615 99.04001 142.38843 147.84456 रही
3.8080597 81.03225 81.01891 3.7947266 11.841644 11.864471 56.95674 56.933914 स्पष्ट
418.7203 440.24203 447.30325 425.78152 127.99468 123.242966 155.22504 159.97676 रही
86.25906 141.02943 141.0233 86.25293 16.482815 16.513287 27.547031 27.51656 आसान
149.311 198.07675 198.07263 149.30688 16.506304 16.524473 27.57876 27.56059 लगता
76.68237 134.80566 256.21014 198.08685 231.44632 182.39377 326.24826 375.3008 लोक
