22.599602 95.61353 91.537224 18.52329 68.8372 80.480965 106.042076 94.39831 खड़ा
504.28983 545.3103 545.3601 504.33963 5.989535 5.882227 24.918795 25.026102 छत
494.51663 577.5397 577.6936 494.67056 298.3881 298.14926 351.65384 351.89267 सब
273.35577 307.64032 207.03156 172.74701 50.29663 91.35979 175.3603 134.29715 सोच
252.3603 301.5307 301.5807 252.4103 331.91528 331.84167 365.21045 365.28406 चढ़
315.0099 364.1673 364.22015 315.06274 331.60242 331.52203 363.83575 363.91614 गए
6.6827965 62.62 58.978214 3.0410128 104.61287 113.244064 136.8458 128.2146 रहा
451.47617 495.4189 495.45792 451.51517 14.066124 13.9844055 34.951496 35.033215 कर
567.08 601.5629 597.14264 562.6597 120.19731 126.38432 151.02025 144.83324 वह
396.01584 494.0657 494.13235 396.0825 323.07016 322.9097 363.62332 363.78378 बदलने
331.5056 360.11523 286.66248 258.05286 77.31946 112.479294 172.24797 137.08813 आज
