337.62436 372.16788 375.00333 340.4598 265.32578 258.05692 271.5317 278.80057 भर
474.29614 526.1564 526.1172 474.25696 5.739086 5.818901 31.281559 31.201744 चल
544.79895 593.6637 593.62427 544.7595 5.7241554 5.799362 31.385456 31.31025 कर
451.44647 474.03253 381.09363 358.50757 99.45325 132.5592 195.96548 162.85953 देर
21.26691 59.75986 59.74902 21.25607 7.6348724 7.6514893 32.754967 32.73835 केवल
22.58786 249.9997 253.759 26.347168 43.91999 23.805313 66.30732 86.422 तकनीकी
306.11768 399.82385 390.45526 296.74908 115.578064 138.26227 176.96298 154.27878 अब
522.5826 564.0999 564.08563 522.5683 46.843063 46.869354 69.50027 69.473976 यह
333.68484 393.9869 401.09207 340.79 28.872822 20.99437 75.37778 83.256226 रहे
486.48938 507.29248 433.5514 412.7483 125.83327 155.84654 206.9587 176.94542 वह
258.4671 319.35913 321.9475 261.05548 67.75499 59.81846 79.67732 87.61385 अलग
