116.361404 233.84914 236.9543 119.46657 49.271072 38.587334 72.73457 83.41831 कुछ
321.65057 412.53162 403.5553 312.67426 110.674484 132.82304 169.65501 147.50645 कर
401.6927 498.104 489.43842 393.0271 130.64825 154.15817 189.69485 166.18494 उठा
519.90814 554.28375 554.252 519.8764 15.310371 15.369503 33.853386 33.794254 मन
282.34152 318.94107 323.08926 286.48972 60.029816 55.24543 86.97835 91.76273 हैए
338.56384 388.83856 391.42084 341.14612 61.822784 55.258575 75.036194 81.6004 आप
2.4473495 32.238903 32.221416 2.4298635 6.154522 6.176983 29.369427 29.346966 एक
37.63214 69.56282 69.54538 37.6147 6.2588005 6.2828827 29.397575 29.373493 नया
11.899502 129.19711 131.52692 14.229305 52.418766 42.45008 69.86398 79.832664 उस
449.5445 468.34363 401.63074 382.8316 78.39453 106.14514 151.33855 123.58794 तुम
347.77274 403.31058 407.0143 351.47647 26.068142 18.890064 47.546207 54.724285 पर
474.0968 514.5693 514.5371 474.06464 5.999153 6.0554314 29.19777 29.14149 बार
406.8543 466.8764 469.71674 409.69464 59.590843 51.72712 73.40658 81.2703 मनुष्य
66.91978 81.113945 83.67431 69.48014 3.7061486 1.9666367 22.85886 24.598372 भरी
