51.855392 89.870224 89.95842 51.94359 295.70038 295.61145 333.3089 333.39783 वह
52.00228 96.65119 96.694084 52.045174 363.46484 363.40753 396.8357 396.893 कम
160.93727 191.71407 191.3051 160.5283 235.73846 236.57394 251.63947 250.80399 कर
2.4815693 35.159355 36.769318 4.0915318 277.93558 274.8527 291.91782 295.0007 उस
183.79169 278.10165 278.07977 183.7698 22.743591 22.781052 77.83513 77.79767 कहा
51.48877 146.83902 146.82364 51.473392 67.32968 67.35678 121.445496 121.418396 सके
51.98947 184.34033 184.33615 51.98529 148.06993 148.08055 200.1957 200.18507 कर्जन
289.32327 356.4998 356.48337 289.30685 19.198746 19.229362 55.251526 55.22091 अब
286.4391 357.61188 357.60114 286.42834 77.63826 77.66011 112.69647 112.67462 तक
378.32053 438.51828 438.50327 378.3055 78.67548 78.69927 116.72445 116.70066 वह
459.07416 557.27026 557.2551 459.05902 65.70507 65.7342 116.75967 116.73054 बेहद
