24.620953 122.63118 122.80681 24.796581 321.69272 321.42282 385.19833 385.46823 अवसर
58.01924 229.98714 229.97563 58.007736 49.708344 49.721344 202.00284 201.98984 गई
50.40436 93.708466 93.81912 50.51502 279.2125 279.08664 317.16458 317.29044 कर
2.4528818 31.365501 33.067524 4.1549044 277.9424 275.21805 293.2808 296.00516 रहा
309.3358 403.50778 403.5004 309.3284 118.88866 118.90651 157.9568 157.93895 अलग
158.47414 191.43825 190.8835 157.91939 231.21259 232.10892 252.51099 251.61465 इस
92.42227 134.09895 134.0864 92.40971 375.69855 375.71368 410.3022 410.28705 स्वयं
149.0865 193.6848 193.67525 149.07695 384.0337 384.04993 410.32385 410.30762 वचन
252.01736 314.16528 314.15195 252.00403 29.584732 29.61235 59.635307 59.60769 एक
341.25195 431.40448 431.3864 341.2339 16.62638 16.667137 56.686203 56.645447 औरत
455.18954 506.39243 506.3748 455.1719 17.689747 17.712894 56.72011 56.696964 को
252.29984 318.51532 318.50302 252.28752 70.41766 70.43854 109.48105 109.460175 जोर
