427.8384 495.86423 496.1749 428.14908 326.3034 325.81403 369.00018 369.48956 पद्य
60.952118 157.47586 157.4686 60.94485 28.181656 28.196121 76.62996 76.61549 तफसील
61.486893 129.61902 129.60277 61.47065 105.488434 105.51924 141.4522 141.42139 अलग
146.31248 214.73943 214.72319 146.29625 105.52379 105.55472 141.49072 141.4598 अलग
119.232285 223.31413 223.80077 119.71892 317.3807 316.4401 370.2894 371.23 अपनी
396.87268 435.00555 435.00928 396.8764 19.223042 19.218555 50.635174 50.63966 आती
392.668 421.75143 421.74478 392.66135 72.83486 72.84225 98.983604 98.97622 एक
432.34256 466.77945 466.77426 432.33737 72.8401 72.848206 94.97945 94.971344 तरह
479.40823 492.83334 490.71677 477.29166 62.889275 63.77468 95.86733 94.981926 से
502.70087 527.47925 527.47406 502.69568 72.85041 72.85624 94.99372 94.98789 वह
247.06061 345.06433 345.57416 247.57043 310.56088 309.58524 360.80075 361.7764 कभी
262.41486 340.78497 336.57166 258.20154 20.487045 24.305664 110.776535 106.95792 इस
