326.08673 373.8252 373.75085 326.0124 174.72096 174.82872 207.7631 207.65535 फिर
225.3721 265.41815 265.4769 225.43085 10.607931 10.493837 31.115507 31.2296 मत
502.2664 569.4508 581.97 514.7855 369.9773 344.82825 378.27246 403.4215 कोई
405.12286 428.66528 440.65137 417.10895 137.49036 129.35736 164.05338 172.18637 तुम
542.2096 579.1168 593.8009 556.8937 66.94353 53.977966 95.77699 108.74255 यह
472.59943 511.41345 517.2398 478.42578 401.46722 386.93805 402.5028 417.03198 पर
278.06354 314.14252 324.47778 288.3988 145.4365 132.9737 162.89359 175.35638 उसके
544.32196 586.55707 601.79205 559.55695 144.24261 124.17276 156.23343 176.30328 पसंद
330.26562 367.6046 367.60297 330.26398 223.48825 223.49182 240.4039 240.40033 तब
463.6433 491.50702 495.9654 468.10168 385.54123 374.90494 386.58438 397.22067 पर
369.80585 400.83075 414.6585 383.6336 144.77768 133.83377 173.03412 183.97803 वही
521.8007 547.9545 558.5164 532.3626 39.70291 30.454712 60.32367 69.57187 उसे
