39.072067 104.54927 90.92253 25.445328 428.62225 524.4109 533.7256 437.93695 जवाब
273.1674 315.98184 315.99295 273.1785 219.39554 219.37262 240.09326 240.11618 इस
162.3903 218.50438 218.20131 162.08723 494.37653 494.9317 525.5648 525.00964 बीच
176.26353 221.65843 212.02773 166.63283 396.5304 415.85632 438.47797 419.15204 गोद
172.00899 221.26344 211.71373 162.45927 424.53674 446.1134 467.9132 446.33655 और
31.011192 119.003105 118.7468 30.754889 167.58258 168.12793 209.48325 208.9379 लगती
19.323952 106.401634 106.20841 19.130732 546.1389 546.5012 592.9358 592.5735 आदि
58.33943 106.439804 95.68585 47.585484 420.50943 492.43948 499.63077 427.7007 तय
328.12646 395.78247 395.79492 328.13892 216.71986 216.68843 243.49199 243.52342 बार
163.06279 200.58754 200.47838 162.95363 533.2181 533.3709 560.1663 560.0135 इन
164.98906 205.44243 205.48131 165.02794 575.0661 574.9902 595.70685 595.7828 सब
18.080872 82.63833 82.362976 17.80552 52.213463 52.613518 97.04792 96.647865 रही
19.679695 102.60057 102.32537 19.4045 113.62053 114.134415 158.54018 158.02629 आते
283.31067 355.97736 368.2732 295.6065 397.838 375.83673 416.4478 438.4491 और
287.84393 342.44275 350.84198 296.24316 464.51035 448.64047 477.53726 493.40714 यह
289.68103 394.05853 401.31317 296.93567 515.34406 485.46503 510.80792 540.68695 वास्तव
25.554626 126.824394 126.67415 25.40438 15.079071 15.706532 39.955532 39.32807 लागत
