198.12581 242.12517 247.13268 203.13332 309.47433 300.00735 323.28055 332.74753 वह
5.805359 91.938034 88.867004 2.7343292 4.640602 16.288166 38.998154 27.35059 शासन
4.8194885 78.25493 75.002815 1.5673729 49.15577 58.80375 83.55718 73.9092 भारत
6.199482 62.02492 59.289562 3.4641232 96.998856 104.1297 125.54408 118.41324 बना
181.97047 253.40868 254.98314 183.54494 223.88902 218.67982 240.27199 245.48119 कहा
263.3834 313.7117 315.20987 264.88156 217.95247 214.28261 234.82832 238.49818 घर
186.15935 280.3316 282.35675 188.1845 246.53899 239.94449 268.86432 275.45883 उससे
208.63074 255.2312 255.53406 208.9336 81.33047 80.89643 113.41401 113.848045 वह
253.80118 306.59915 306.90097 254.103 81.02336 80.53162 112.93559 113.42734 एक
276.88916 318.48096 338.19128 296.5995 17.495089 4.6615753 68.54036 81.37387 उस
