175.73557 209.12585 209.07083 175.68054 357.21594 357.29504 380.5268 380.4477 बात
156.3893 210.83492 213.73143 159.28581 421.69553 417.92673 459.77133 463.54013 कम
129.1759 214.10672 214.1737 129.24289 27.196573 27.108528 91.71062 91.79866 पास
134.5331 178.06178 177.88185 134.35316 133.0484 133.29309 165.30527 165.06058 अपने
244.20958 331.7162 334.10468 246.59807 410.59818 405.75967 448.957 453.7955 एक
5.5092773 105.92803 108.4537 8.034943 422.0328 416.99832 467.376 472.4105 मगर
227.82985 276.55817 276.62225 227.89397 215.9014 215.7804 241.6084 241.7294 बकरी
230.69418 273.223 273.2956 230.76678 250.84714 250.72723 276.47415 276.59406 उसमें
283.4828 332.24243 332.2954 283.53577 257.6456 257.50815 276.30783 276.44528 आकर
234.11613 266.8695 266.92865 234.17528 292.5966 292.49332 311.24344 311.3467 चरा
218.94022 323.1312 332.92752 228.73654 74.59651 66.561325 193.58855 201.62373 कई
51.03031 94.499596 95.638695 52.16941 399.79565 397.44427 418.50256 420.85394 बाद
