404.1678 581.0585 581.0097 404.11905 425.22955 425.31067 531.6246 531.54346 सिर
364.01746 397.47217 398.53546 365.08075 303.6949 301.71576 319.6895 321.66864 यह
447.5741 534.1073 531.5962 445.06302 5.482147 7.2854614 127.781296 125.97798 सूख
477.90173 521.55206 521.5776 477.92725 331.49774 331.4632 363.72028 363.75482 भरी
477.79282 513.4646 511.97806 476.3063 367.67975 368.9018 412.2926 411.07056 हुई
5.7776566 76.850716 76.85735 5.784294 7.7945857 7.785633 60.49843 60.50738 जन्म
10.37574 101.84364 101.84905 10.381149 79.42823 79.42136 151.39487 151.40175 अप्रैल
353.02002 376.7929 377.43213 353.65924 339.51752 338.27118 350.4646 351.71094 हम
459.01703 562.2186 562.1571 458.95547 527.5676 527.6631 594.2539 594.15845 आता
234.01187 285.88992 285.91788 234.03983 117.60524 117.56445 153.09721 153.138 तुम
78.039024 110.734474 111.66137 78.96592 26.54024 25.743195 63.76526 64.5623 इस
121.78131 160.64154 160.64474 121.784515 26.53531 26.530937 55.033806 55.038177 बात
