42.56214 65.70467 31.515205 8.372675 -12.493862 4.754528 50.627254 33.378864 और
460.75977 530.0125 529.578 460.32526 324.8523 325.74042 359.6233 358.73517 गया
415.41357 516.28986 511.5074 410.6311 179.08377 191.75842 229.82172 217.14706 यह
221.27223 317.33392 321.9876 225.92592 109.48342 85.75661 104.5978 128.32462 चल
419.53564 522.49744 504.12024 401.15845 65.00284 108.95035 152.00507 108.057556 तब
56.865974 80.131874 44.46325 21.19735 17.730858 35.004997 83.04574 65.7716 हुए
437.01575 499.2428 385.83704 323.61 234.9029 283.8413 428.04102 379.1026 यह
425.20065 490.54648 487.8541 422.50827 219.67645 227.42746 250.12598 242.37497 इस
182.54117 297.423 307.98944 193.1076 236.49722 202.38443 237.96906 272.08185 कोई
175.90173 275.43494 283.35095 183.81775 295.42627 264.19788 289.42828 320.65668 एक
453.9171 535.73615 519.71704 437.898 33.461136 69.38605 105.86954 69.944626 होइए
