118.36009 155.11957 146.60939 109.84992 183.03839 206.93631 220.02652 196.1286 वह
183.26328 290.6568 289.82373 182.4302 517.06934 518.8351 569.5028 567.73706 इसी
327.70303 468.3348 469.43295 328.80118 11.434417 7.705307 49.11953 52.84864 भारत
325.3891 442.09448 442.19208 325.4867 73.778336 73.58034 131.12143 131.31943 सभी
325.12064 499.67203 499.26608 324.7147 157.31339 158.45413 220.56467 219.42392 सफाई
324.417 480.72424 479.2077 322.90045 252.22385 257.9448 299.38034 293.6594 बनाए
167.95488 228.66628 228.74586 168.03447 498.968 498.7876 525.57605 525.7565 यह
161.7835 179.48015 185.15413 167.45747 233.43466 230.63199 266.4588 269.26147 यह
113.81946 175.47559 163.59323 101.937096 146.96617 188.49477 206.13612 164.60753 धन
255.21722 340.32898 340.25592 255.14417 506.77936 506.982 537.679 537.4764 फर्क
385.2113 443.56848 442.43353 384.07635 323.6785 327.07004 346.59903 343.2075 जगह
453.2301 514.1426 512.98315 452.07065 327.6314 331.17145 351.12115 347.58112 जगह
