540.1069 589.1014 592.2911 543.2966 148.79173 141.35045 162.35185 169.79314 कर
10.671265 73.71165 73.56832 10.527937 65.86211 66.07077 109.3716 109.16293 समय
20.326584 81.37628 81.27576 20.22606 143.04999 143.2002 184.05588 183.90567 समय
27.795084 61.52446 68.053246 34.323868 202.7558 198.99164 257.49396 261.25812 कई
36.498062 69.8396 75.71219 42.37065 272.33035 268.61685 321.3436 325.0571 दफे
79.6571 108.07751 111.86579 83.44538 284.81647 282.07684 321.3761 324.11572 वह
151.28117 207.14934 207.1963 151.32814 4.671301 4.581257 33.728363 33.818405 सखी
73.080414 157.15555 156.91443 72.839294 39.447388 39.72191 113.567474 113.29295 समझ
219.52603 259.34402 258.80777 218.98978 93.0689 94.080666 115.18563 114.17387 यह
105.650635 148.05453 148.14667 105.74277 5.9223423 5.783039 33.829353 33.968655 अपने
479.8175 541.584 541.53467 479.76822 323.90906 323.963 380.37238 380.31842 पर
40.15775 65.67888 65.75011 40.22897 6.2686095 6.1912155 29.676367 29.753761 सिर
71.71802 90.6201 90.66977 71.767685 13.278005 13.220684 29.6008 29.65812 पर
468.61902 525.2474 526.6015 469.97314 227.38469 224.11766 247.58958 250.85661 आप
