93.8468 149.84883 150.59453 94.5925 63.403606 61.15029 79.68341 81.93673 अब
335.64597 399.14932 399.23776 335.7344 144.99062 144.87315 192.69771 192.81517 बहुत
75.950096 112.76075 106.17306 69.362404 105.88574 113.39789 145.67853 138.16638 भर
305.27896 459.48093 457.9257 303.72372 422.97916 429.38156 466.84006 460.43765 अब
210.14357 256.13263 255.83217 209.84312 376.08484 376.77197 396.8806 396.19348 यह
333.69296 395.0211 389.90768 328.57956 39.41581 55.391388 75.02104 59.045464 वह
323.38947 388.26056 388.32404 323.45294 95.88721 95.79094 138.56111 138.65738 अड़
115.78276 143.38277 138.5055 110.90549 111.855835 117.48894 141.38567 135.75256 वेग
454.68103 586.8961 585.94006 453.725 442.0405 446.70224 473.81607 469.15433 आप
207.14146 253.56316 253.45644 207.03474 399.53162 399.89948 413.36914 413.00128 बात
