354.8479 378.25488 373.5965 350.1895 488.44153 491.75793 524.6365 521.32007 वह
346.54105 372.7853 367.50168 341.25742 547.071 550.78937 588.0811 584.36273 इस
304.37057 347.64474 352.8187 309.54453 362.77277 340.58966 350.68286 372.86597 यह
215.69046 259.897 279.9944 235.78784 78.093704 24.809967 41.483643 94.76738 हट
219.24185 267.45908 286.9002 238.68298 155.67923 98.631744 115.06363 172.11111 कर
54.82203 111.33575 110.95594 54.442223 54.076042 55.116707 75.742256 74.70159 उन
220.25354 262.10034 280.4042 238.5574 114.2302 64.26306 79.59231 129.55945 कर
50.721146 114.162735 113.23735 49.795757 5.7754593 7.2235565 47.76521 46.317112 इसे
301.39896 339.4465 339.49582 301.44827 563.0084 562.9402 590.4498 590.51807 आप
152.85712 224.94525 224.26547 152.17734 412.5515 415.09607 434.35394 431.8094 भर
43.139458 99.504776 99.354195 42.98888 124.21437 124.641495 144.51271 144.08559 बीस
