189.69467 242.97495 242.82916 189.54889 197.13556 197.38644 228.34671 228.09583 मिल
3.5823917 45.237812 57.13958 15.484158 28.678125 22.732414 106.115715 112.061424 गई
67.280594 121.100266 131.26485 77.445175 24.428654 17.519615 96.69911 103.60815 और
22.437431 119.17315 119.15641 22.420694 383.08304 383.12418 422.50174 422.4606 साहब
287.60547 371.76794 371.7755 287.61304 5.766818 5.7511177 46.454292 46.469994 सब
6.978445 36.603287 36.79518 7.1703396 115.99768 115.747604 138.48053 138.7306 इसका
40.844585 66.74251 66.89688 40.998966 115.75308 115.53995 134.29883 134.51196 सबब
70.64491 88.5919 92.680145 74.733154 108.60473 106.15065 136.04843 138.5025 यही
427.42764 498.06583 498.07938 427.4412 13.1214695 13.101112 60.02407 60.044426 ओर
122.80749 143.95264 148.54861 127.403465 18.175318 15.552395 52.60376 55.22668 मुख
151.70953 165.64075 168.51761 154.5864 18.117842 16.446095 40.41983 42.09158 पर
129.24802 149.80219 152.83337 132.2792 61.139297 58.591667 83.04707 85.5947 अब
157.4813 174.64941 177.74179 160.57367 61.017643 58.970146 84.899536 86.94703 वह
