509.8132 597.0099 597.0165 509.8198 26.723679 26.710617 70.30643 70.31949 सकती
182.25482 259.98972 260.06567 182.33078 274.9819 274.816 310.40585 310.57175 समझो
285.9223 331.4541 331.52124 285.98944 273.6884 273.5961 306.7109 306.8032 और
38.690804 78.78291 176.83661 136.74449 28.734306 -13.530952 79.481125 121.74638 रहे
259.76736 320.88504 321.2816 260.1639 332.99042 331.93036 354.7934 355.85345 उसे
526.5434 577.2767 577.2852 526.55194 8.324099 8.303188 28.99314 29.01405 साल
227.15097 291.1298 291.14993 227.17111 246.7264 246.66919 269.1886 269.2458 गजब
129.66328 196.8304 215.70256 148.53545 26.801517 -3.6122055 38.065952 68.479675 अब
196.06215 212.58406 217.94417 201.42226 112.77259 108.50865 129.2779 133.54184 अब
178.17183 230.04857 230.0768 178.20006 262.1685 262.09988 283.46158 283.53018 आप
228.20459 291.29242 309.90997 246.82214 38.342587 9.458603 50.122677 79.00666 सभी
