153.3875 180.12682 187.42287 160.68355 107.07725 103.00836 150.95544 155.02432 शेर
447.87714 481.1933 484.20197 450.8858 43.34868 36.123337 49.996338 57.22168 जब
496.02493 529.5239 532.5409 499.0419 32.86663 25.601646 39.512978 46.77796 जब
574.9463 597.219 593.4475 571.1748 94.98164 98.127 124.83313 121.687775 पर
578.7662 593.0202 590.3947 576.1407 53.423866 55.43277 74.06137 72.05247 हठी
577.11664 592.0142 589.3858 574.4882 70.51752 72.61867 91.25452 89.153366 और
144.56773 172.90083 178.81749 150.48439 69.361626 65.01658 103.59791 107.942955 यह
87.23806 96.76884 93.27389 83.74311 133.79454 135.78401 152.52708 150.53761 पर
78.34543 100.968475 101.04715 78.4241 160.55573 160.43704 175.43219 175.55087 तनाव
451.37683 485.6278 490.28076 456.0298 75.00964 67.66113 89.34816 96.69667 और
