20.528946 81.72726 81.533035 20.334726 7.360409 7.85355 31.955761 31.46262 उसने
426.76987 459.94186 396.36026 363.18826 258.4897 284.42896 365.7392 339.79993 कई
419.16037 479.82187 466.7562 406.0947 51.23188 76.75898 107.807625 82.280525 वह
434.54724 523.96265 519.85284 430.43744 173.98955 186.45116 215.94023 203.47862 अब
371.69608 393.87613 339.7263 317.54623 205.9867 224.51636 289.33392 270.80426 रहे
465.28052 539.82715 523.46204 448.9154 87.207 118.05536 157.60242 126.75406 इस
420.05106 511.78622 508.39053 416.65536 203.61554 215.5412 241.66174 229.73608 जब
11.990074 72.74781 72.567696 11.8099575 38.44175 38.934753 61.132484 60.63948 अन्य
70.054565 186.18466 183.61191 67.48181 157.60684 164.01227 210.65631 204.25089 पतली
561.8648 595.2691 596.1296 562.7253 67.1639 64.89626 77.57159 79.839226 जब
561.9922 595.329 596.09204 562.75525 91.52284 89.52156 102.23244 104.23372 तक
222.09567 326.75626 330.98727 226.32669 83.781136 58.96801 76.81429 101.62742 आपकी
213.41534 269.95132 272.99048 216.4545 118.154274 104.19437 116.50262 130.46252 गत
