82.37164 118.113205 118.1678 82.42624 265.15652 265.09885 298.9194 298.97708 गई
313.11743 351.49738 350.02075 311.6408 265.19165 268.0326 287.98083 285.1399 पर
469.22842 597.3832 597.7385 469.58377 47.33943 46.47844 99.36351 100.2245 मदद
146.70616 221.08638 220.33846 145.95824 39.676537 41.00904 82.75886 81.42635 इधर
144.8014 217.22002 216.35692 143.93831 89.42938 90.78888 136.76569 135.40619 आये
25.952896 110.33298 106.84593 22.465849 61.90103 76.21283 96.77191 82.46011 साथ
25.91829 108.46977 104.48215 21.930664 100.16583 114.49228 137.46967 123.14322 तरह
133.01724 182.074 179.93771 130.88095 270.1368 273.54276 304.31247 300.90652 इस
507.62283 589.6908 590.22485 508.1569 105.142876 104.46942 169.55139 170.22485 पर
35.920715 121.222046 117.99954 32.69821 3.0831604 17.021133 36.74305 22.805077 आज
34.567703 100.69119 97.00339 30.879898 37.577065 48.617218 70.704865 59.66471 इस
473.3046 538.5254 538.66797 473.44717 16.149012 15.790966 41.76628 42.124325 आरती
219.51782 299.66013 298.3354 218.19308 71.08392 72.59421 142.89008 141.37979 यह
