426.89066 473.33664 471.7946 425.3486 267.1246 270.3494 292.559 289.3342 लिए
133.01726 179.12593 177.31828 131.20961 270.13684 273.34436 299.32977 296.12225 पर
227.88428 293.1902 292.16772 226.86182 59.668823 60.872208 116.36116 115.157776 पर
462.9777 598.52637 598.9746 463.42593 23.478046 22.591156 91.09038 91.977264 अलग
366.009 406.93192 410.067 369.14407 274.20004 270.12943 301.64725 305.71786 पर
130.60057 231.35164 230.1599 129.40883 47.476593 49.331284 114.06862 112.21393 प्रकार
496.0828 543.7776 543.93787 496.24307 109.56789 109.21593 130.93282 131.28477 कहा
554.62744 588.2721 588.4321 554.7875 109.16276 108.91446 130.60443 130.85274 वह
498.61548 523.33154 526.4026 501.6865 136.64143 134.34474 167.3939 169.6906 ही
538.17725 583.72437 583.9009 538.35376 145.63551 145.26436 166.92537 167.29652 तरह
266.0735 289.0642 289.29126 266.30054 269.6511 269.1404 279.36313 279.8738 बाद
