361.2238 406.0519 408.85233 364.0242 274.67596 270.21692 298.37042 302.82947 पर
34.48577 100.47143 95.65525 29.669592 19.871014 30.768238 59.931507 49.034283 तुम
34.46125 101.97391 98.21284 30.70018 66.89425 78.36976 100.49685 89.02134 रहा
34.436638 106.87368 103.27053 30.833488 114.11746 126.78139 147.39124 134.72731 उस
157.56268 212.48041 211.6893 156.77158 40.339912 41.32617 85.377235 84.390976 और
228.80914 308.57056 307.7553 227.99388 43.878876 45.31566 90.57254 89.13576 इसके
429.82574 466.88568 465.6776 428.61768 277.0004 279.63052 296.65317 294.02304 पर
260.34457 288.07578 288.58505 260.85385 268.84485 268.23663 291.4574 292.0656 गई
151.21361 227.35185 226.48463 150.34639 96.45714 97.894745 143.82478 142.38718 लगा
437.9515 467.17514 466.3898 437.16617 264.40234 266.41522 277.81696 275.80408 वह
