269.68124 316.67514 317.1873 270.1934 405.82193 404.9036 431.1116 432.02994 इस
283.43256 329.90936 330.01654 283.53973 370.6745 370.36346 386.3814 386.69244 आप
33.364723 127.579094 127.677574 33.463203 305.09262 304.97757 385.63565 385.7507 पर
311.23935 377.49142 378.94296 312.6909 261.5744 257.78424 283.15717 286.94733 जब
169.36185 209.07352 209.12488 169.41321 409.56653 409.48145 433.46777 433.55286 उस
5.2097855 76.389366 76.22782 5.0482435 147.39282 147.62183 197.83228 197.60327 इस
335.6921 367.54123 367.66403 335.8149 299.29956 299.10938 319.67322 319.8634 और
336.7207 373.5468 373.67462 336.8485 322.89523 322.66592 343.19247 343.42178 उसी
339.33426 375.7432 375.84726 339.43832 351.78625 351.54987 367.58087 367.81726 तरह
126.63285 158.75238 158.7674 126.647865 316.27118 316.2434 333.60486 333.63263 कर
4.620323 62.160698 61.94483 4.4044576 94.85269 95.12331 141.02324 140.75262 इस
