349.71478 393.8363 393.85602 349.7345 565.89935 565.86005 588.03937 588.0787 एक
276.60696 320.0319 319.93155 276.50662 488.47577 488.70654 507.58838 507.3576 बन
342.43527 405.12772 405.02505 342.3326 479.75348 479.98047 508.34186 508.11487 सके
36.414482 83.67611 83.65183 36.390205 555.06714 555.10547 585.0316 584.9933 और
126.17089 187.7315 190.55432 128.99371 236.96286 230.751 258.7258 264.93765 शाम
283.28815 410.6823 412.5711 285.17694 235.73018 231.802 293.0572 296.98535 हार
82.276764 127.658615 127.623886 82.242035 556.9715 557.0223 588.049 587.9982 यह
70.01457 142.93259 146.9707 74.05269 233.80632 226.34335 265.79846 273.26144 पहने
392.50974 426.77853 426.79715 392.52835 567.8479 567.81274 585.9989 586.03406 तब
5.276847 32.435158 32.44243 5.2841177 556.23456 556.22284 573.1368 573.1485 पर
