342.36377 425.64093 428.0583 344.78113 12.619907 6.855137 41.77568 47.54045 वह
342.77054 425.6487 427.74667 344.8685 81.636696 76.65336 111.54508 116.52842 वह
49.325214 170.89044 170.95198 49.386753 522.31024 521.90814 540.51227 540.91437 उसका
219.0848 270.83923 282.43555 230.6811 36.51709 18.281044 51.19171 69.42776 कह
228.64607 277.02765 291.3271 242.94551 78.76291 62.020813 103.34355 120.08565 रही
170.40678 194.70085 199.71199 175.41792 118.138275 116.013 173.29578 175.42105 रहे
4.707077 85.21676 86.004776 5.4950943 121.54732 120.03526 161.99342 163.50548 एक
4.44611 78.15527 79.07086 5.361706 188.81091 186.99194 224.09448 225.91345 कर
16.609097 47.9689 48.137295 16.777493 522.29913 521.9705 538.0423 538.3709 पैर
8.9824505 61.04177 61.447037 9.387716 49.677525 49.027565 81.48813 82.138084 और
372.78745 406.64395 407.57144 373.71494 139.35127 137.50017 154.46422 156.31532 कर
372.49884 429.77496 431.01868 373.74255 163.98628 161.09789 185.76079 188.64919 सकते
25.640348 57.999245 58.304565 25.94567 97.12667 96.58723 114.90179 115.44123 वह
