39.1407 164.88673 163.64104 37.895004 212.37558 215.13419 271.91638 269.15778 उसने
22.356384 178.07553 177.53333 21.814173 311.56354 313.12225 367.29138 365.73267 उसकी
373.32144 413.743 413.81363 373.39206 573.22003 573.07587 592.87286 593.017 सके
436.9617 567.1531 567.484 437.29257 240.27896 239.5611 299.56833 300.2862 उसकी
107.12314 218.53946 193.38132 81.965004 18.89244 57.51767 130.08755 91.462326 जब
9.805973 49.947327 49.325226 9.183872 141.99802 143.2135 163.75821 162.54272 धन
57.95195 114.42366 113.516785 57.04508 136.6639 138.41997 167.58284 165.82677 संग्रह
3.8828468 44.338997 43.794903 3.3387532 175.57857 176.6403 197.37218 196.31044 कर
52.327133 105.11577 104.57483 51.78619 176.84996 178.23537 198.84718 197.46178 मदद
482.4834 527.2453 527.51447 482.75256 170.57826 170.00719 191.10701 191.67809 एक
19.512863 136.46376 109.50699 -7.4439087 2.9208908 43.056755 121.60542 81.46956 कर
465.4176 558.81726 558.7704 465.37076 343.90326 343.98737 396.06342 395.9793 भर
