173.8635 229.82266 229.78629 173.82712 363.66428 363.72806 395.67044 395.60666 यह
141.0033 160.08401 173.43997 154.35925 56.204357 50.801445 97.968796 103.37171 से
179.75314 234.71643 238.19046 183.22717 66.278725 60.03425 90.61239 96.856865 ऊपर
256.825 294.15625 293.87366 256.54242 351.39493 351.7722 379.7377 379.36044 रह
373.33517 422.1981 422.08163 373.21872 336.13394 336.41275 356.82028 356.54147 जब
376.39053 449.11966 449.05087 376.32175 363.6827 363.84708 394.27005 394.10568 उसके
34.182705 62.583954 32.990635 4.589388 45.250854 58.594788 121.58122 108.23729 हुए
461.63623 507.98798 505.5199 459.16815 72.31186 77.926056 98.30316 92.688965 और
349.7112 406.91904 399.1968 341.98898 44.27794 54.910095 96.46063 85.828476 यह
143.79803 197.86133 197.72464 143.66135 336.1336 336.42157 362.0844 361.79645 कर
233.54866 289.6103 306.02844 249.96681 35.46365 21.813606 89.24405 102.8941 आए
290.90204 322.33954 322.10974 290.67224 363.69778 364.01132 387.05557 386.74203 और
49.705566 65.74432 51.009285 34.970528 20.93972 28.351929 60.23603 52.823822 बने
63.847023 92.81193 92.68484 63.719933 36.896988 37.124893 53.277954 53.05005 जब
205.38156 243.9852 243.89429 205.29065 340.093 340.277 359.34372 359.1597 तक
65.89327 91.829796 72.076546 46.140022 140.07414 152.5399 193.63896 181.1732 सभी
