219.50288 255.4724 266.9491 230.97957 56.638824 47.45929 92.430176 101.60971 लोग
253.84415 317.48602 317.06827 253.4264 345.4102 346.04367 388.01163 387.37814 हम
329.08008 419.97107 414.57037 323.67938 36.233902 53.26796 82.085175 65.05112 दिखाकर
149.51015 235.60997 235.484 149.38417 345.32062 345.659 377.71417 377.3758 कभी
29.235573 87.8734 87.14971 28.51189 136.7311 138.14769 168.10323 166.68663 उनकी
7.7026978 69.11401 68.1155 6.704183 180.28865 182.18205 214.56825 212.67485 कमाई
92.91881 121.86282 134.49823 105.554214 66.798935 58.263245 101.109146 109.64484 तभी
438.01364 511.17502 511.26248 438.1011 161.1071 160.96245 205.21022 205.35487 वह
145.48643 197.4088 197.42525 145.50288 376.463 376.42065 396.58716 396.62952 मगर
28.23481 80.215904 79.26001 27.278913 230.10748 232.02737 257.9084 255.9885 बाल
5.5242615 72.05538 70.46645 3.9353352 267.9583 270.8833 307.02484 304.09985 दिवस
254.8268 303.04526 319.20355 270.98508 33.11929 21.566353 89.00615 100.55909 उसे
494.69644 568.5116 568.5447 494.72952 164.34004 164.29411 217.39449 217.44041 और
