464.34885 510.7994 510.73984 464.28928 85.09639 85.22916 106.07306 105.94029 यह
36.136536 108.79813 99.93503 27.273436 143.10216 189.01772 203.04362 157.12807 हर
555.12756 579.1116 578.728 554.744 172.2491 172.6585 195.12764 194.71825 पर
559.19403 583.7476 583.9195 559.3659 117.06483 116.78667 131.95978 132.23793 सब
358.1474 411.5058 414.5417 361.1833 22.847467 13.741062 31.529566 40.63597 उसका
421.04532 473.7206 476.76035 424.08505 12.08957 3.099743 20.911018 29.900845 कारण
358.5016 436.86578 441.06042 362.69623 49.579494 36.26017 60.939198 74.25852 अधिकतर
384.1838 440.60068 441.06467 384.6478 80.743484 79.95126 112.99399 113.78621 बहुत
56.67267 131.54936 137.44705 62.57036 32.50227 19.685219 54.139248 66.9563 जल
160.87321 198.59035 202.47127 164.75414 24.77247 18.31464 40.981316 47.439144 का
211.99963 279.45126 283.33868 215.88705 15.97975 4.430851 27.135408 38.684307 आपस
314.08215 350.33197 350.69135 314.44153 86.00442 85.49485 111.06255 111.57212 गए
