171.0575 290.00162 289.46982 170.5257 279.64676 280.874 332.41385 331.1866 उसका
186.4461 353.30774 353.136 186.27437 361.14178 361.6574 417.22992 416.7143 फतहचन्द
366.4379 440.99234 446.5378 371.98337 342.1812 337.0437 417.5185 422.656 चेहरे
464.09085 512.0138 513.8506 465.9277 363.3061 361.5592 411.94952 413.6964 पर
533.1485 593.461 592.4294 532.1169 24.154884 26.26358 55.770653 53.661957 सुबह
474.8532 591.9662 565.483 448.37 163.73004 231.31046 277.20435 209.62393 रुप
52.24826 76.8297 85.183655 60.60222 319.36816 313.5938 349.1565 354.93085 रहने
62.364323 79.23093 84.69231 67.8257 360.35455 356.33228 379.23346 383.25574 पर
374.6777 473.81082 450.99167 351.85855 115.446884 172.34657 212.1031 155.20341 एवं
77.678535 140.72769 157.6312 94.58202 102.55335 90.78752 181.3677 193.13353 और
