137.87827 225.78061 225.72195 137.81961 372.32974 372.40225 443.49802 443.4255 रात
538.23175 594.9312 593.86664 537.1672 24.366982 26.33348 57.027786 55.061287 कर
88.18646 146.53745 163.63263 105.28165 280.35986 268.75342 354.69904 366.30548 पर
190.17575 247.46164 261.38727 204.10138 281.84015 273.02258 363.4947 372.31226 हर
289.4141 412.50235 411.89914 288.81088 283.2805 284.3052 356.76578 355.74106 समय
444.77676 511.72873 514.6316 447.6796 285.53546 283.17273 365.43066 367.7934 वह
399.94922 443.4762 442.64307 399.1161 21.147018 22.93853 43.179787 41.388275 उस
29.595034 91.9162 110.2124 47.891235 206.7845 193.31693 277.9826 291.45016 पर
131.0668 261.99167 260.9686 130.04373 208.8739 210.80392 280.20496 278.27493 सरल
283.02597 373.1135 383.5577 293.47018 178.24289 169.85391 282.01202 290.401 और
