513.8699 565.3723 584.9581 533.4557 68.35967 33.023064 61.568977 96.90559 लोग
63.439472 164.49725 164.61061 63.55283 125.555244 125.39026 194.82681 194.99179 कमरे
10.649536 57.222412 57.1351 10.562223 343.6015 343.7052 382.91864 382.81494 आया
500.0469 572.37366 580.62427 508.29752 239.62581 224.88272 265.35864 280.1017 अब
192.87938 231.98033 232.05177 192.95082 128.88606 128.75633 150.28612 150.41585 इस
241.68857 289.0214 289.08682 241.754 128.82455 128.6724 149.03168 149.18384 तरह
535.4885 581.1769 598.0414 552.353 101.08931 69.7415 94.32088 125.668686 पथ
7.354105 49.614784 49.704163 7.4434834 302.19568 302.0979 340.72577 340.82355 कहनी
503.23294 536.0384 547.8595 515.054 43.295837 20.787659 38.016724 60.524902 एक
88.07854 134.3194 134.51176 88.270905 121.13533 120.71661 141.95967 142.37839 आप
187.01192 257.73975 257.89813 187.17027 154.3068 153.87195 179.62997 180.06482 आया
