467.18185 510.4175 509.15945 465.9238 76.87912 78.6662 109.10277 107.31569 भर
75.771576 170.633 148.16681 53.30539 113.23013 160.52853 205.58661 158.28821 सफल
394.14078 464.0261 461.6956 391.81027 3.0449219 6.1110725 59.228535 56.162384 यह
397.75882 481.94888 479.4072 395.21713 87.251205 90.51564 156.06505 152.80061 चोट
516.7656 587.42847 585.6172 514.95435 110.730255 113.470184 160.18332 157.44339 अब
283.81305 418.3786 364.63007 230.06453 149.3277 216.29791 324.29657 257.32635 यह
261.60712 297.9546 296.74768 260.4002 17.887691 19.492268 46.831867 45.22729 पर
312.81085 385.93152 384.18164 311.06097 7.825218 11.053165 50.691673 47.463726 विजय
265.03445 333.6395 332.5233 263.91824 66.038086 68.89581 95.69255 92.83482 पाकर
424.56165 528.1122 490.88165 387.33112 247.11975 298.7782 373.4077 321.74927 इसरो
