325.23056 394.62918 395.24564 325.84702 5.392373 3.793087 30.542862 32.142147 गया
436.94818 468.20483 467.9402 436.68353 13.476032 14.029625 28.972618 28.419025 करने
300.62473 397.05008 401.85153 305.42618 246.27031 236.83981 285.93384 295.36435 किस
432.81302 499.72232 494.78745 427.87814 155.99805 165.78671 199.51852 189.72986 जाए
34.368256 65.22543 57.67929 26.822117 0.2953186 5.700058 48.783077 43.378338 आदी
387.56668 460.52133 463.8848 390.93015 247.44084 239.84552 272.15198 279.7473 सब
470.8932 511.82324 507.42743 466.49738 95.014084 104.71492 123.26175 113.56091 इस
341.14676 405.01712 407.67654 343.80618 231.25807 224.39462 249.1429 256.00635 मकान
473.3562 509.64813 505.96857 469.67664 119.53346 128.27028 143.55489 134.81807 पर
352.32617 389.81042 393.0191 355.53485 70.17166 63.396133 81.14748 87.923004 दिल
