322.30548 595.6683 592.87494 319.51215 51.75798 62.771683 132.10292 121.08922 आवश्यक
213.0061 328.63013 299.2893 183.66528 129.94319 187.93553 246.43474 188.4424 अधिक
452.29608 469.1656 468.62756 451.75806 154.49742 155.13933 169.27785 168.63594 पर
475.58716 505.19733 504.65997 475.0498 155.40114 156.52788 170.64897 169.52223 सरल
512.6735 535.52716 534.74603 511.8924 150.3961 151.2657 171.79378 170.92418 और
453.01376 478.73502 478.1732 452.45193 177.13718 178.08353 193.35342 192.40707 शब्द
332.42953 416.03836 388.99588 305.38705 197.14362 239.06706 292.9984 251.07497 पसंद
420.49545 450.73898 436.19638 405.95285 259.5954 271.32043 308.83167 297.10663 न
297.4295 388.06238 371.1825 280.54962 298.5571 343.27322 377.48618 332.77005 करता
248.85147 326.7888 323.8926 245.95529 7.36084 10.675262 78.77749 75.463066 लिए
