223.59273 268.39606 268.4239 223.62053 10.476878 10.38171 23.464436 23.559605 तक
285.33575 324.92798 324.9621 285.36987 10.408713 10.318556 25.291454 25.381613 वह
340.75522 395.56766 395.61783 340.8054 3.2187557 3.0939388 25.130558 25.255375 बेहद
225.50081 312.13953 312.22235 225.58363 28.396135 28.042358 48.323486 48.67726 कमजोर
174.26428 223.87363 225.40536 175.79602 166.90189 164.43561 195.24664 197.71292 इस
502.5711 550.1702 550.4023 502.80316 13.775627 13.321312 37.63596 38.090275 ज्वर
492.76648 538.4022 538.6185 492.9828 60.326805 60.023323 92.55871 92.86219 कुछ
312.2904 390.0689 390.16724 312.38873 30.90789 30.561714 52.656075 53.00225 पहले
447.92343 496.41287 496.59964 448.1102 59.028805 58.686646 85.158356 85.50052 कर
439.11487 483.89417 484.0298 439.2505 105.0907 104.89488 135.91212 136.10794 चूर
170.83005 222.28534 222.32251 170.86722 12.89954 12.772919 27.880642 28.007263 मान
146.01242 174.03036 175.05927 147.04132 185.19734 183.8192 204.7372 206.11534 वह
451.7908 527.54553 527.5902 451.83554 159.86894 159.76674 192.93929 193.04149 साथ
