243.2758 310.6548 310.73883 243.35985 3.5328927 3.3402748 32.731636 32.924255 और
331.2223 449.95673 450.02338 331.28894 14.5091505 14.139431 35.547203 35.916924 कहावत
28.44757 56.15412 58.602707 30.896156 5.6618814 3.084301 29.404263 31.981842 दूर
467.89612 505.61365 505.85126 468.13373 9.552743 9.183556 33.45918 33.828365 उसे
513.12335 548.8464 549.0225 513.2995 17.577633 17.232548 35.464687 35.809772 इस
558.32904 590.5716 590.7266 558.4841 17.104923 16.789326 32.62841 32.944008 घर
463.5107 533.96704 534.1039 463.64755 49.022503 48.452675 65.37222 65.942055 अनादर
544.5764 585.6167 585.80457 544.7643 41.03743 40.702896 63.743713 64.07825 और
458.3408 532.6039 532.70593 458.44278 79.852356 79.367935 95.000565 95.484985 अपमान
542.09515 579.42145 579.5236 542.1973 79.26736 79.02389 94.69518 94.93865 सब
177.13684 222.6727 223.92838 178.39252 170.98087 168.71234 193.91711 196.18564 डार
533.1525 594.77045 594.8195 533.2016 153.73515 153.5942 175.037 175.17796 जवाब
307.9472 356.1203 356.1848 308.01172 46.52061 46.28162 59.284718 59.52371 बात
