174.07495 239.63953 235.18 169.61542 126.584885 136.96965 165.12514 154.74037 अपनी
374.68625 433.837 433.28012 374.12936 81.57683 82.73656 111.14102 109.98129 रहने
375.07986 408.07364 407.69797 374.7042 125.00424 125.645905 144.96378 144.32211 आ
425.3477 466.30203 465.72458 424.77023 118.024445 118.82492 148.36993 147.56946 गई
26.321543 67.865486 68.02189 26.477945 317.2724 316.92938 335.8736 336.2166 जब
337.5565 419.40945 419.3884 337.53543 9.345428 9.376236 65.35069 65.319885 गए
257.26752 360.789 360.06012 256.53864 80.20467 82.2172 119.71067 117.69814 मानसिक
93.25888 196.34982 196.59909 93.50815 309.5433 308.57663 335.1591 336.12576 उनकी
218.98703 330.03128 329.99124 218.94699 7.1161575 7.188568 68.58013 68.50772 बात
249.53835 307.0031 307.28247 249.8177 301.9383 301.34564 328.42938 329.02203 कर
422.51288 500.01025 499.99518 422.4978 21.232224 21.26416 57.84922 57.817284 कर
532.05743 596.63837 596.6163 532.03534 7.3202667 7.343918 67.568504 67.54485 रहे
401.5002 441.223 437.89987 398.1771 193.62842 199.06375 223.34995 217.91461 भर
