445.55603 498.5879 498.57153 445.53967 33.535366 33.568127 60.08807 60.05531 उस
515.93414 596.89374 596.8859 515.92633 19.70794 19.720016 71.70454 71.69246 ऐयार
58.82292 106.40169 108.12158 60.542816 159.05331 156.36346 186.78564 189.4755 हम
68.279495 145.50209 141.55779 64.33519 42.67324 52.686363 83.10534 73.09222 साफ
511.01227 593.14355 593.1076 510.97632 83.63258 83.72066 117.24774 117.15967 साथ
2.6636276 57.250843 58.748955 4.1617393 166.30461 163.20992 189.63503 192.72972 तरह
5.3166504 50.14702 45.566532 0.73616505 115.59538 122.96117 150.8394 143.47362 और
4.585449 73.27017 67.60425 -1.0804722 51.733955 60.62319 104.4022 95.51296 पर
398.15344 440.7348 440.72125 398.1399 32.867218 32.891052 57.057228 57.033394 यह
141.73029 228.76608 223.42593 136.39014 80.65634 91.91463 133.19827 121.93999 मरती
