339.40955 370.25336 370.2635 339.41968 20.5137 20.496513 38.692642 38.70983 वह
274.81686 305.15048 304.7902 274.45657 55.081352 56.022835 67.63181 66.69033 मिल
350.78265 415.57532 418.53674 353.74408 173.58536 166.21161 192.23361 199.60736 उमा
544.90295 585.2589 585.30664 544.9507 13.350006 13.262032 35.135498 35.223473 यह
544.9574 588.8059 588.8822 545.0337 50.432438 50.335815 84.94 85.03662 देश
460.77832 530.4392 529.9751 460.31424 94.97066 96.45572 118.225204 116.74014 जाकर
546.9455 594.84625 594.38214 546.4814 96.805244 97.82641 119.59826 118.577095 रपट
467.70526 503.46527 503.49542 467.7354 14.4390335 14.3609085 28.173996 28.252121 उत्तर
364.15857 384.92096 384.67804 363.91565 105.575066 106.01798 117.40647 116.963554 पड़
398.47574 459.46512 461.78476 400.79538 166.63237 159.66539 179.97173 186.9387 मगर
