51.13645 75.89269 68.132866 43.376625 375.4684 381.22012 414.61972 408.868 स्पष्ट
29.781088 75.92106 75.94784 29.807867 15.128202 15.063293 34.097214 34.16212 तरह
299.18085 479.37738 479.3825 299.18597 30.122726 30.110077 103.45442 103.46707 तक
512.8119 589.55054 589.5547 512.81604 72.28122 72.270004 100.688446 100.69966 समस्त
14.794292 85.965164 86.04732 14.876446 47.20266 47.078255 94.0767 94.2011 चौक
117.94127 153.00877 144.48592 109.41841 399.35245 415.41843 434.0214 417.9554 और
368.2103 391.89078 396.68478 373.0043 319.7855 316.21066 347.96756 351.5424 और
549.6747 590.6305 590.651 549.6952 115.415146 115.38658 144.8185 144.84706 और
177.00047 230.34618 230.34407 176.99837 74.67102 74.67543 100.00186 99.99745 कर
252.68506 310.0525 310.0536 252.68614 74.66838 74.66637 105.330124 105.33214 एक
