10.611435 140.79483 140.82239 10.638992 6.905085 6.827324 52.973965 53.051727 आगा
512.1963 575.6184 580.547 517.1249 252.47453 239.12408 262.5376 275.88806 पर
548.59906 593.2569 595.4841 550.82623 279.63306 275.44232 299.1759 303.36664 रहे
304.28027 398.05444 410.28168 316.5075 205.36273 150.67752 171.64478 226.32999 कुछ
94.686584 147.14398 145.35634 92.89893 224.969 229.78171 249.2666 244.45389 उमग
382.8899 473.08154 473.11615 382.9245 10.701158 10.648422 69.87878 69.93151 और
516.57983 595.3563 597.8771 519.1006 217.76024 201.17928 213.15547 229.73643 कारण
12.076637 96.17643 96.19188 12.092087 80.07652 80.04561 122.0748 122.10571 एक
11.450821 140.44646 140.4557 11.460072 151.08441 151.06577 214.95752 214.97617 ईसाई
60.68847 93.92654 93.677315 60.439247 268.0743 268.42093 292.319 291.97238 देख
