70.98677 122.254654 121.28194 70.01405 120.32001 121.890045 153.65317 152.08313 यह
54.828716 141.54408 141.54834 54.832973 7.2879457 7.2711296 29.199986 29.2168 आनन्दसिंह
53.64356 95.4556 95.46001 53.64797 39.03417 39.02577 60.960644 60.969044 उनके
53.60729 95.425354 95.42999 53.611927 70.78913 70.78028 92.72109 92.72994 ऐयार
331.77563 400.597 396.27246 327.4511 99.196045 105.85669 150.54007 143.87943 हटा
486.62976 506.8142 478.2671 458.08264 184.60152 199.26323 238.5634 223.90169 वह
324.87582 375.00485 375.01035 324.88132 18.51439 18.501133 39.38424 39.3975 पास
393.64743 478.24515 478.25168 393.65396 8.057491 8.040497 40.41106 40.428055 देखकर
142.53572 174.22755 173.88338 142.19154 145.70094 146.67009 157.92522 156.95607 अगर
182.8104 212.43039 211.806 182.186 140.798 141.70233 162.15347 161.24915 कोई
171.42696 253.95226 253.95634 171.43105 17.080349 17.064175 37.94961 37.965786 लगभग
171.39775 242.45326 242.45943 171.40392 51.335075 51.32064 81.614876 81.62931 पहली
