139.81436 176.69965 176.60666 139.72137 325.8595 326.01587 347.9488 347.79242 पर
70.911606 109.30177 105.96019 67.57002 313.47495 318.027 346.20834 341.65628 और
198.34326 274.27 274.2618 198.33508 5.533329 5.568535 23.178562 23.143356 पहरा
307.1139 397.35724 397.71198 307.46863 63.79508 62.47947 86.8139 88.12951 अब
188.13158 207.04857 211.00108 192.08409 67.836784 65.0658 92.04897 94.819954 इस
177.5736 211.29729 211.30495 177.58125 15.118954 15.091919 24.643147 24.670181 रहा
330.16696 361.14584 361.1357 330.15683 32.251312 32.26631 53.23976 53.224762 सिर
370.79962 392.77203 392.76636 370.79395 39.260094 39.26899 53.24019 53.231293 पर
381.5888 462.09985 462.40265 381.8916 68.19634 66.996605 87.31504 88.51478 कटाई
372.0232 433.911 433.89282 372.005 5.103153 5.15221 28.126667 28.07761 पहरा
