187.06058 276.0295 276.0319 187.06296 9.955587 9.944828 29.738981 29.74974 उस
21.338623 38.04783 30.539665 13.83046 476.87177 482.10205 506.08832 500.85803 यह
158.42271 179.52129 183.52074 162.42216 68.799065 65.82043 94.14979 97.128426 बढ़
281.95047 344.32346 344.61526 282.24228 68.73521 67.80921 87.46444 88.390434 पर
346.57257 441.15063 441.46454 346.88647 67.775826 66.3717 87.5151 88.91923 रहना
67.763306 115.89227 112.817245 64.68828 315.3813 321.08813 347.02136 341.3145 आप
543.5563 581.4863 580.07214 542.1421 277.1396 283.8739 291.8391 285.1048 और
180.69652 208.96715 209.02571 180.75508 67.82448 67.75633 92.05373 92.12187 बचा
112.0701 157.0762 157.07004 112.06393 6.886631 6.898678 29.932606 29.920559 बार
428.9019 474.11563 474.32858 429.11484 72.1788 71.49252 85.52374 86.21002 पर
54.580643 75.7357 64.40635 43.251293 468.23322 475.12274 509.9109 503.02136 जब
43.003815 102.13109 102.12578 42.9985 5.8629513 5.880354 23.949905 23.932503 सकती
