434.66617 481.01523 485.40195 439.0529 81.32326 72.81868 96.72577 105.23035 शर्त
427.60947 519.62964 519.829 427.80887 392.9935 392.0851 412.28488 413.19327 समय
225.13321 268.03098 266.3013 223.40353 268.14975 274.33456 286.33157 280.14676 समझ
222.91626 256.77112 255.34293 221.48808 287.42377 292.1847 302.34033 297.5794 रखा
101.10167 151.66835 151.65413 101.08745 53.685898 53.703903 93.66655 93.648544 गए
255.77284 323.2063 323.26074 255.82729 386.1008 385.97183 414.42172 414.5507 और
358.19382 403.36868 462.46524 417.29037 100.29964 70.86986 161.58342 191.0132 भोर
463.80063 542.7648 548.7521 469.78793 53.80838 39.37587 72.13403 86.56654 हाथ
450.49957 514.321 514.57544 450.75403 374.34195 373.34537 389.6389 390.63547 गया
9.724281 85.22916 85.230385 9.72551 124.92835 124.926025 164.7945 164.79681 कमरे
9.756775 60.756058 60.720627 9.721343 182.91446 182.96106 221.74533 221.69873 गये
183.71587 384.83514 397.28986 196.17058 29.590355 1.4778366 90.579796 118.692314 कोतवाल
18.79532 59.690887 59.770424 18.874857 7.727668 7.560362 27.002048 27.169355 बना
451.17603 577.3992 587.2283 461.00513 144.25438 125.09923 189.86815 209.0233 उसका
