79.792755 149.4867 149.48303 79.78909 67.9623 67.969475 103.60955 103.60238 गए
312.72406 346.01068 385.40125 352.11462 31.245409 9.483765 69.73553 91.49717 कर
359.752 401.42828 452.46515 410.78888 102.49084 75.31331 153.57742 180.75496 टिक
9.559315 49.304886 49.312695 9.567123 130.2823 130.27104 157.84077 157.85204 पर
9.579384 80.988075 80.974464 9.565774 165.99286 166.01929 202.79547 202.76904 करने
9.609749 76.94468 76.89094 9.556008 220.0051 220.14691 245.66507 245.52325 जन्म
368.23962 410.5468 384.18567 341.87848 170.73337 223.94135 244.90186 191.69388 वह
216.63438 249.3076 247.86308 215.18987 279.35947 284.00107 294.1694 289.5278 गया
192.83429 204.89572 222.5499 210.48846 143.75526 135.47765 161.20183 169.47945 पर
278.13086 344.9917 341.524 274.66315 225.67001 235.75433 258.7459 248.66159 उस
5.618248 59.70356 59.75937 5.674057 68.01078 67.915535 99.60702 99.70226 भर
366.66516 384.09875 375.03033 357.59674 262.2007 283.87057 291.16623 269.49637 आप
