220.32422 259.79608 257.1336 217.66173 224.19365 230.18153 247.73238 241.74449 और
274.04572 314.1206 314.2669 274.19202 376.4941 376.09055 390.62186 391.02542 रहा
271.30524 320.65253 320.6734 271.3261 398.9608 398.90256 416.56943 416.62766 फिर
372.1499 406.51874 388.7868 354.41797 202.02576 245.49171 259.51248 216.04652 हाय
438.9783 522.7733 530.44385 446.64883 66.29047 50.84162 92.446884 107.89573 पर
441.32013 507.26764 507.6286 441.6811 375.28732 374.27408 397.769 398.78226 वह
220.7688 254.78516 253.0354 219.01904 259.77423 264.73132 276.73853 271.78143 पर
219.47119 266.26996 264.4499 217.65114 283.72763 290.3124 303.24765 296.66287 आए
274.76157 317.89365 318.1003 274.96823 361.99323 361.3236 374.6371 375.3067 जब
4.6818695 91.40283 91.40216 4.681197 142.50833 142.50943 195.65979 195.65869 एक
472.4371 522.47156 522.61597 472.58157 398.16653 397.7596 415.5245 415.93143 रहा
17.204346 51.929695 51.9803 17.254951 41.869335 41.76192 58.122402 58.229816 तक
17.2246 58.064247 58.112442 17.272795 68.81831 68.73808 93.27307 93.3533 बची
278.0893 329.33594 327.28693 276.04028 241.78842 249.39555 263.1991 255.59196 कर
