187.91756 257.74573 263.23938 193.41121 17.574203 7.70702 46.584473 56.451656 गया
226.62325 258.88687 294.5711 262.30746 74.877975 53.287155 106.610855 128.20168 अब
277.31223 303.46017 338.1973 312.04935 70.09901 52.7574 105.134575 122.47618 वह
12.02182 75.25778 75.25571 12.019741 156.81706 156.82182 184.40425 184.39949 उसके
12.049038 60.997128 60.96625 12.018162 206.76468 206.84695 225.21503 225.13275 पास
451.76935 536.98804 544.6763 459.45758 57.459686 41.714508 83.32602 99.0712 रहा
219.51578 271.6192 269.32553 217.22209 254.30261 261.91113 277.6183 270.00977 अगर
86.18068 137.65549 137.647 86.17219 66.53969 66.55429 96.5049 96.490295 यह
372.97995 410.76767 381.9169 344.12918 176.7601 224.23465 247.19864 199.72409 उसे
457.51245 497.24857 537.8796 498.14346 131.40346 105.89598 169.19188 194.69936 अब
295.10648 346.29324 343.70956 292.5228 230.37555 238.169 255.13855 247.3451 अंग
219.23318 271.64163 268.56168 216.15323 222.13281 230.07324 250.40137 242.46094 कोई
