6.8350296 71.01286 71.35907 7.1812363 371.6855 371.0301 404.9325 405.5879 एम
516.85724 597.0018 597.0295 516.88495 23.858002 23.815384 75.96624 76.00886 यही
195.1117 251.3425 248.48846 192.25766 85.16818 90.89096 118.934235 113.21146 विनय
85.493484 186.96918 186.89195 85.41625 5.5217514 5.61512 89.547424 89.454056 गये
54.71056 79.2628 79.356735 54.804493 382.11325 381.94412 395.5815 395.75064 भर
362.25082 412.0878 412.10312 362.26614 10.958003 10.923283 32.901733 32.936455 अगर
368.20773 412.09976 412.08517 368.19315 55.836777 55.868515 76.025635 75.9939 एक
477.9251 517.92786 517.931 477.92828 54.908836 54.903297 77.956184 77.96172 यह
21.898613 62.845024 62.828117 21.881708 8.554798 8.587067 30.042686 30.010418 कर
21.759594 61.731644 61.710835 21.738783 49.440605 49.47592 73.02927 72.99395 रहा
