24.539932 78.78352 78.7633 24.519703 6.3116055 6.3545666 31.89554 31.85258 चरा
24.401695 94.07124 94.040115 24.370565 42.89148 42.95376 77.77249 77.71021 करते
425.10907 470.28003 466.69977 421.5288 113.58957 120.580414 143.71402 136.72318 गए
469.2716 561.21106 561.22095 469.2815 9.057193 9.017864 32.04733 32.08666 अन्याय
467.09607 507.0888 507.0904 467.09766 60.318737 60.31595 83.37645 83.37924 पर
10.245012 73.47913 73.688866 10.454744 378.38763 377.87335 403.6615 404.17578 वजह
198.2445 245.1113 242.36298 195.49619 85.48703 90.256805 117.26108 112.4913 कर
164.31757 207.39774 207.37756 164.2974 55.703987 55.74253 78.28396 78.245415 एक
374.28738 407.9777 407.98068 374.29037 50.846775 50.841965 71.99167 71.99648 रह
511.89807 583.02893 583.0348 511.90393 52.900173 52.888527 89.01668 89.02833 उसने
311.50113 397.152 397.1636 311.51273 4.97075 4.9415016 38.916096 38.945343 भगवान्
