433.0322 467.8928 464.71005 429.84946 113.4989 118.8932 139.4615 134.0672 पर
195.44794 247.46521 245.36157 193.3443 92.57042 97.84392 118.593994 113.320496 गया
17.10998 80.499725 80.843864 17.454119 367.51947 366.7929 396.8166 397.54315 अन्त
467.92236 559.9204 559.9402 467.94214 14.859804 14.824158 65.92882 65.96446 लिए
107.0141 233.04489 232.98645 106.95566 4.5354614 4.64624 71.13048 71.0197 रात
311.52698 374.24176 374.24927 311.5345 13.973192 13.94541 30.928099 30.955881 चमक
4.5604706 111.08676 111.04657 4.520279 32.04122 32.13629 77.17267 77.0776 हिम्मत
547.1093 583.23944 580.1772 544.04706 113.41246 122.79266 134.58783 125.20763 पर
376.19952 472.90686 472.91852 376.21118 4.957678 4.9107037 28.883326 28.9303 आता
238.04102 297.6245 297.5968 238.0133 44.50419 44.553032 78.36469 78.31585 इस
