490.48254 531.3739 530.711 489.81967 143.75247 145.35367 162.28098 160.67978 मगर
548.0116 591.9131 591.2456 547.3441 146.00513 147.73593 164.66751 162.9367 साथ
11.848526 115.0409 114.35848 11.166107 62.703636 64.37824 106.43079 104.75619 सूरदास
310.95706 348.5737 341.67722 304.06058 76.73091 88.149185 110.86917 99.4509 कर
186.35616 228.10283 229.13191 187.38524 121.56478 120.17699 151.13351 152.52132 सुन
158.57074 253.77618 253.76764 158.5622 19.64759 19.669662 56.46795 56.445877 अलग
489.92755 589.46124 589.4545 489.92084 44.126465 44.136658 109.938965 109.92877 उसे
104.97261 172.43034 173.1043 105.64656 122.134865 119.89258 140.16797 142.41025 तरफ
421.27567 465.78012 465.76675 421.2623 64.29156 64.31057 95.63502 95.616005 और
113.79448 167.07507 166.54857 113.26797 71.32564 72.17357 105.25786 104.40993 तरह
32.397896 92.022415 92.02077 32.396248 5.3623123 5.3662415 30.33361 30.329681 भला
523.18646 561.6988 561.7089 523.1966 4.780918 4.760496 23.9339 23.954323 कर
