341.67905 384.7595 385.1398 342.05936 19.381931 18.69373 42.502327 43.19053 सभी
5.9992466 47.983994 47.995018 6.0102673 105.038994 105.02048 130.00403 130.02255 और
58.767685 106.3616 106.35739 58.76347 29.652779 29.659668 58.770714 58.763824 दिन
104.191605 239.69945 239.68248 104.17464 74.0361 74.06415 156.05948 156.03143 वह
318.45776 476.01282 475.99756 318.4425 74.08046 74.11307 147.80663 147.77402 उस
49.98358 76.992294 76.9946 49.985886 103.02047 103.01719 121.992226 121.99551 पर
485.64764 531.7077 531.701 485.64093 47.77475 47.784904 78.1771 78.16695 और
552.0559 590.74194 590.74365 552.0576 57.004135 57.00157 81.86281 81.86537 इस
468.61414 513.75696 513.75195 468.60913 116.1145 116.12219 145.60196 145.59427 और
528.95105 580.5397 580.54114 528.9525 117.05481 117.05243 147.4447 147.44708 लेख
