577.1464 595.8127 582.66583 563.9996 212.39136 219.63943 253.4972 246.24911 वह
300.487 366.55707 366.60297 300.5329 205.53166 205.47522 259.22815 259.28458 कट
24.952127 63.747757 63.7483 24.95267 15.449806 15.448753 35.34342 35.34447 कोई
24.821598 55.269367 55.273365 24.825596 44.990196 44.98191 59.675827 59.684113 इस
66.52844 125.16016 125.163574 66.53186 44.978855 44.962902 57.552174 57.568127 टक्कर
282.20032 381.6026 381.5996 282.19733 53.68538 53.69162 101.37251 101.36627 उस
431.17212 598.1454 598.15 431.17676 53.71981 53.7042 103.34698 103.36259 दरबार
204.26126 255.67316 255.6673 204.2554 6.0582333 6.070818 30.038515 30.02593 एक
274.54916 349.6044 349.59854 274.5433 6.07543 6.0937977 30.012281 29.993914 प्रकार
168.94907 211.09094 211.11932 168.97745 222.24052 222.20433 255.24425 255.28044 तक
320.05276 347.14346 352.77853 325.68784 140.77385 128.53593 141.01009 153.248 वक्त
212.70074 263.06204 263.09204 212.73074 209.76231 209.71852 244.20677 244.25056 गया
68.68391 118.89628 118.895226 68.68285 6.876339 6.87854 30.93911 30.936909 एक
17.167244 123.58968 123.5848 17.162363 91.81276 91.8199 164.3502 164.34306 वह
