465.67303 505.09473 505.1548 465.7331 224.71231 224.5885 243.70544 243.82925 नाम
120.568115 172.6001 173.74725 121.71527 208.23965 203.6836 216.7846 221.34067 निखरती
300.7953 535.451 535.494 300.83832 62.612774 62.460648 128.87343 129.02556 जवाब
59.355625 109.24199 110.642166 60.755802 219.49203 215.07819 230.90338 235.31723 हाथ
94.80008 188.96518 188.99982 94.83472 10.219039 10.126526 45.38147 45.473984 कहा
95.29985 173.41469 173.42332 95.30849 87.45507 87.44162 137.57434 137.5878 झूठ
560.6183 587.58154 594.2084 567.2451 199.03003 183.46921 194.9519 210.51273 पर
560.70435 595.2301 602.9492 568.42346 225.50713 205.57552 218.9467 238.87831 आए
123.02787 168.16937 168.9252 123.7837 223.866 219.85928 228.37473 232.38144 अपशिष्ट
395.0172 479.44812 479.4834 395.0525 9.893837 9.841148 66.325005 66.37769 कुछ
515.7389 587.34045 587.37244 515.7709 9.805435 9.75618 56.175423 56.224678 इस
