1.4529724 37.99182 41.02668 4.487831 182.90613 179.11649 208.3778 212.16745 घर
1.1871281 41.381218 44.634804 4.44071 236.95624 232.53717 262.13058 266.54965 कर
48.06711 165.35867 143.29965 26.008095 122.3486 235.62491 258.46585 145.18954 वह
544.6358 580.99347 585.18866 548.831 137.37723 132.80786 166.18814 170.7575 जान
552.59094 585.78186 593.81995 560.629 189.81895 184.78407 237.77254 242.80742 यही
436.19818 509.98474 508.25555 434.469 224.6091 229.16148 257.18823 252.63585 रहा
170.98898 206.81967 186.29434 150.46365 173.8687 217.22578 234.1881 190.83101 बच
494.61237 576.9903 577.0234 494.64545 394.13382 394.0798 444.5764 444.6304 बनाए
84.66232 157.84833 144.13258 70.94659 206.75198 275.95297 290.45853 221.25754 पर
453.77307 496.84497 496.87024 453.79834 406.14227 406.114 444.62897 444.65723 हम
7.739727 36.523026 38.16199 9.378693 217.14204 214.04091 229.253 232.35414 एक
555.1023 594.3795 598.5757 559.29846 97.891 92.89412 125.87733 130.8742 बन्धन
184.58376 215.63857 197.46666 166.41185 235.86722 273.1604 288.2925 250.99933 हम
