393.77255 475.20322 468.2664 386.83572 153.61447 164.78125 215.366 204.19922 लगे
9.840588 53.542545 48.74938 5.047421 164.68875 172.63046 199.00647 191.06476 इन
337.99304 421.99048 421.9912 337.99377 5.1373506 5.1365128 77.02215 77.02299 गई
245.88574 280.17267 280.81976 246.53284 67.489075 66.34291 85.70007 86.84624 बाद
343.46582 401.6549 400.30804 342.11896 106.02528 109.6591 131.22693 127.59311 नजर
350.2073 387.91318 385.05765 347.35178 147.64027 152.81154 173.63252 168.46126 यह
344.766 381.49335 378.63495 341.9076 187.3066 192.34468 213.18202 208.14394 वह
553.3248 597.7628 594.2418 549.80383 137.88596 148.88464 163.11032 152.11163 प्रकट
9.017426 138.03125 138.03156 9.017724 28.099983 28.099228 78.01853 78.01929 आप
148.79248 200.49323 196.80823 145.10748 184.73193 194.13165 214.39996 205.00024 चन्दर
96.68417 130.4135 131.06805 97.33873 109.03943 106.68135 116.04399 118.40207 यह
445.22986 466.84485 465.90118 444.2862 103.71219 105.06236 120.169235 118.81906 पर
