54.002228 163.2505 138.22281 28.974537 111.04346 217.30923 243.03937 136.77359 रही
56.370926 157.24318 142.70677 41.834515 183.35849 278.60034 293.9961 198.75426 ऊन
467.4612 521.8629 521.8922 467.49045 396.79715 396.76297 443.2922 443.3264 और
353.01776 390.06805 390.04974 352.99945 267.89868 267.9306 289.1682 289.1363 तय
288.04095 345.373 347.11456 289.78253 230.40941 226.09782 249.25606 253.56764 अगर
357.4857 393.71786 395.46335 359.23117 225.13438 222.40959 245.62007 248.34486 बच
550.219 587.92786 595.4175 557.7086 168.03989 162.31378 211.63632 217.36243 रहा
173.48964 215.6108 191.24736 149.1262 178.89964 229.85155 249.99245 199.04054 करने
362.4979 420.5383 420.55618 362.51578 418.9416 418.9026 445.47266 445.51166 उठकर
428.31436 462.8845 462.90237 428.33224 418.9341 418.91086 445.44418 445.46744 एक
550.84973 586.1903 594.6251 559.28455 107.31807 101.89313 156.84117 162.26611 वह
394.46713 414.69553 414.64835 394.41995 280.21994 280.27438 297.80307 297.74863 आदि
99.43149 164.95206 150.53171 85.01114 114.67677 179.51033 194.08348 129.24992 रह
