260.6474 298.4898 299.58063 261.73822 303.22882 300.24414 314.0741 317.05878 उस
223.51581 375.72516 376.68732 224.47797 103.50402 101.46156 173.16223 175.2047 स्तर
238.37231 273.6126 273.5644 238.32408 473.27368 473.40338 486.50433 486.37463 आवाज
306.98767 355.29236 355.7486 307.4439 8.229364 7.4785233 36.828583 37.579426 वह
303.6708 360.46548 360.91904 304.12436 45.497734 44.648712 74.98847 75.837494 एक
378.95566 425.87466 426.4072 379.4882 34.21478 33.50969 68.94795 69.653046 की
443.22403 520.32605 520.7656 443.66354 43.3711 42.217278 71.58517 72.73899 जगह
538.69946 593.6532 594.0786 539.1249 41.898846 41.075607 69.473145 70.29639 दस
300.80844 362.39517 362.92093 301.3342 71.60886 70.718994 107.10486 107.99472 खर्च
8.852547 67.3354 67.634026 9.151169 185.3219 184.56482 207.63242 208.3895 गया
85.45849 131.94931 132.2988 85.807976 184.28372 183.68481 210.81415 211.41306 वह
5.1524677 58.56523 58.872375 5.459612 227.66907 227.01465 252.08295 252.73737 गश
76.997284 169.02011 169.30313 77.280304 227.78426 226.65532 249.72557 250.8545 खाकर
181.7173 238.67897 238.66548 181.70381 445.05392 445.0731 485.13266 485.1135 उठा
