304.13983 355.8216 354.985 303.30322 325.42972 328.02402 344.69016 342.09586 उस
500.51898 568.82367 569.535 501.2303 99.22676 96.29176 112.84621 115.781204 आपका
150.10776 253.29575 255.81772 152.62973 93.01193 84.25098 113.955124 122.71608 गनीमत
21.058277 44.342392 44.14903 20.864916 51.820557 51.982758 79.73978 79.577576 राम
20.70905 46.49637 46.300716 20.513395 101.95238 102.13202 130.21767 130.03802 नाम
430.10095 477.03265 480.81372 433.88202 207.38658 191.67741 202.97346 218.68263 पर
120.466576 161.64499 163.33023 122.15182 117.68868 114.1844 133.98743 137.4917 रक्त
48.68239 75.604004 75.46843 48.54681 92.53633 92.65608 123.136826 123.017075 अंग
314.04108 344.44598 343.15686 312.75195 152.56963 154.6032 173.87794 171.84438 यह
102.09482 122.476105 118.35837 97.97708 45.46688 50.700176 66.73685 61.50355 हुए
