111.99863 158.69922 157.17871 110.47812 505.92896 508.84717 533.17957 530.26135 छोड़
384.26236 476.49197 476.49228 384.26266 34.989 34.988274 70.031876 70.0326 अपनी
378.68823 436.7821 436.77856 378.6847 92.039085 92.04673 119.03744 119.02979 छत
460.0411 507.1677 507.16415 460.03757 92.04616 92.05237 119.04671 119.0405 पर
551.3808 595.6661 595.6641 551.37885 22.958405 22.960426 67.03864 67.03662 रहे
302.71118 371.85706 371.85742 302.71155 7.334847 7.3335533 28.377258 28.378551 समय
392.0154 496.29562 496.296 392.01578 7.330055 7.328102 28.374928 28.37688 यकायक
516.40704 564.6258 564.62604 516.4073 7.323383 7.32288 33.384335 33.38484 एक
224.21986 250.70721 270.4536 243.96628 507.2671 491.91394 525.9807 541.33386 गये
44.725143 97.42465 97.24924 44.549725 146.16052 146.51758 172.40814 172.05109 वह
