280.15192 438.84662 438.90778 280.21307 477.12302 476.9594 536.27686 536.4404 वह
104.78001 186.78 186.78 104.78001 6.5999985 6.5999985 65.59999 65.59999 इसी
219.78 306.78 306.78 219.78 20.600006 20.600006 61.6 61.6 तरह
293.1683 403.00064 404.44882 294.6165 417.6481 412.64023 444.40115 449.40903 उसी
299.06497 346.06497 346.06497 299.06497 43.59999 43.59999 71.59999 71.59999 इन
299.065 361.065 361.065 299.065 86.2 86.2 124.2 124.2 सभी
306.72192 391.41766 393.77185 309.0761 337.39777 328.6524 351.4521 360.19745 सूरत
307.2124 415.0855 417.37256 309.49945 360.7099 351.48926 378.2456 387.46625 इसकी
308.79895 443.4107 444.5052 309.89343 396.9714 387.69174 403.56827 412.84793 भयानक
13.014999 57.015 57.015 13.014999 60.4 60.4 89.4 89.4 यदि
70.365 114.365 114.365 70.365 68.4 68.4 89.4 89.4 एक
13.014999 55.015 55.015 13.014999 94.8 94.8 123.8 123.8 दफे
