293.14737 444.57224 446.88083 295.45596 380.8177 370.4469 404.15527 414.52606 अब
299.33942 430.84644 431.8142 300.3072 441.88925 438.58768 477.13596 480.43753 रहा
295.1708 399.1456 399.436 295.4612 505.67316 504.77814 538.514 539.409 पर
298.0 438.0 438.0 298.0 15.0 15.0 141.0 141.0 हुई
295.6278 371.93103 374.53375 298.23053 320.34183 311.54196 334.11002 342.90988 फिर
297.04092 362.92215 364.76462 298.8834 361.44717 355.5405 376.09103 381.9977 पूछ
83.384995 196.385 196.385 83.384995 16.400002 16.400002 59.4 59.4 काम
83.384995 152.385 152.385 83.384995 98.8 98.8 141.8 141.8 पर
4.0 80.0 80.0 4.0 44.0 44.0 79.0 79.0 कहती
9.872955 31.16074 23.001675 1.7138906 254.93497 260.01328 294.21548 289.13718 गयी
