22.253843 76.63249 79.070625 24.691977 143.6072 140.13625 178.33403 181.80498 और
97.36299 141.66565 143.52591 99.22325 150.92502 148.09781 177.24829 180.0755 यह
160.93594 233.41537 235.98093 163.5015 135.76619 131.14131 171.34767 175.97255 कहते
421.56628 483.5658 483.23633 421.23682 254.68301 255.36563 285.28897 284.60635 दिवस
63.759518 173.01561 173.03876 63.782665 204.32835 204.27513 251.78609 251.83931 अब
301.77835 339.34366 341.86703 304.30173 81.06366 77.02521 100.4975 104.53595 एक
280.13007 329.72162 325.21228 275.62073 174.99132 187.82347 205.25038 192.41823 समय
351.265 395.4804 387.84857 343.63318 187.6826 199.12917 228.60902 217.16246 कुंवर
504.0318 574.4797 577.1091 506.6612 120.73516 116.23964 157.4433 161.93883 उसने
521.9015 542.79675 542.6681 521.7728 257.91687 258.14618 269.86823 269.63892 वह
163.63834 251.99683 252.01486 163.65637 222.88307 222.8363 256.90967 256.95645 चलन
321.9766 404.96213 396.65732 313.67178 222.13101 243.59738 275.70248 254.23611 बाग
361.84265 385.99976 386.8977 362.7406 138.89104 137.34935 151.41997 152.96165 हुआ
22.131403 58.60325 58.607018 22.135172 214.65614 214.64949 235.31075 235.3174 पद
