337.86066 371.61456 371.7356 337.9817 161.59038 161.32701 176.84285 177.10622 उनके
338.98523 370.72504 370.84283 339.10303 182.26807 182.02756 197.57098 197.8115 अपने
337.86502 373.71518 373.82962 337.97946 203.00508 202.7415 218.3072 218.57079 सकते
319.98712 407.63977 428.79242 341.13977 543.34686 486.26312 518.7432 575.82697 कम
350.35367 393.52097 393.59433 350.42703 384.6242 384.50177 410.35773 410.48016 कर
7.4665527 36.632668 70.71389 41.547775 394.0818 378.80005 443.84625 459.128 गर्व
226.9836 265.6571 277.73517 239.06165 548.00354 530.1665 556.35364 574.1907 उसे
434.76068 499.67236 505.94568 441.034 523.8967 509.1244 536.6903 551.46265 और
322.74142 408.86746 424.5262 338.40018 501.93796 444.7627 468.35025 525.5255 कलाम
6.4487305 59.6396 59.624092 6.433225 35.99124 36.018013 66.82054 66.79377 अपने
357.14304 411.1862 420.49008 366.44693 577.467 543.2635 557.9642 592.16766 रखना
