335.70587 379.8883 380.06995 335.8875 251.8521 251.55621 278.6762 278.9721 एक
433.73895 499.81952 504.4455 438.36493 567.009 552.5085 573.5898 588.0903 तक
140.28557 190.1776 201.63948 151.74745 493.05414 467.28253 489.47192 515.2435 दशा
457.74213 505.12988 502.40106 455.0133 154.7247 160.2641 183.6081 178.0687 जाए
336.14215 367.96576 368.14844 336.32483 195.33778 195.10439 220.01118 220.24458 तुम
336.15982 373.10635 373.2686 336.32205 219.82121 219.55925 242.43794 242.6999 यदि
431.39 501.21564 506.12317 436.29755 515.9327 499.79962 521.04 537.17303 कट
461.83762 495.3517 493.38504 459.87094 186.15459 190.19402 206.5111 202.47166 वह
461.71082 504.4665 501.56024 458.80457 208.0065 213.26956 236.8794 231.61633 इसी
461.54706 508.54242 505.66937 458.674 236.21304 242.15372 264.88187 258.9412 कोई
346.93985 382.80154 382.9836 347.12192 167.71701 167.44284 191.25797 191.53214 यह
434.63922 499.73297 504.72772 439.63397 541.6124 526.9758 549.1891 563.8257 यह
5.4216156 58.666653 56.72201 3.4769745 571.6509 577.9574 594.37585 588.06934 ऊपर
