50.886597 214.62381 214.39786 50.66065 514.20355 514.7305 584.94 584.413 बहन
258.9795 334.67316 335.13666 259.443 494.94016 494.4876 572.0143 572.46686 से
381.313 514.1216 513.7876 380.97897 520.22095 521.1006 571.532 570.65234 कम
148.75435 189.66887 179.76585 138.85133 4.692711 12.375687 65.11273 57.429756 पर
117.63817 197.79933 199.32674 119.16557 120.112045 117.20729 159.3585 162.26326 तरस
95.77336 208.11589 209.97682 97.63429 207.41571 203.78772 261.41278 265.04077 खाओ
346.63574 437.76898 437.27295 346.1397 491.45386 493.1413 519.93005 518.2426 करना
379.07623 502.35345 504.84088 381.56366 24.465132 19.696487 84.00012 88.76877 आप
353.76807 499.54773 502.596 356.81635 116.41904 111.4252 200.41095 205.40479 अपने
232.61578 287.3308 287.28027 232.56525 566.6004 566.72064 589.7121 589.59186 पहले
