366.86523 423.99695 443.16626 386.03455 420.73828 394.34436 435.83783 462.23175 इन
47.484634 91.038315 91.69861 48.144928 265.8522 264.8795 294.44363 295.41635 समय
101.775566 125.35441 125.35537 101.77653 264.0695 264.06876 294.2178 294.21854 पर
48.23768 80.59261 81.288765 48.93383 300.64362 300.06952 339.30505 339.87915 कई
49.0048 81.59127 82.247215 49.660744 343.87915 343.30096 380.27057 380.84875 दफे
92.07349 117.737686 117.83481 92.17061 351.71295 351.6283 381.07965 381.1643 वह
190.7278 253.27544 270.4532 207.90553 432.031 402.6997 439.33044 468.66174 तरह
211.31636 291.4356 291.81372 211.69447 510.5103 509.59784 542.79755 543.71 जफर
307.72214 353.92642 349.8821 303.67783 485.91498 489.26666 545.01886 541.6672 को
262.38678 354.08258 383.37152 291.67572 414.13254 371.5314 434.57364 477.17477 पर
