162.84589 241.60031 242.56097 163.80655 301.82947 300.2674 348.70087 350.26294 आप
264.16803 352.3863 353.75122 265.53296 279.42935 277.6796 346.4955 348.24527 सभी
48.546127 130.24652 128.61147 46.91108 5.1781387 8.426662 49.548027 46.299503 जब
239.26656 274.6187 288.76477 253.41261 406.74454 390.1326 420.23703 436.84897 पुन
252.26347 325.64026 340.46967 267.0929 445.45883 411.293 443.14157 477.3074 उपयोग
66.39887 109.992455 110.75173 67.15815 327.81268 326.97705 366.5879 367.42352 कर
433.63248 474.66745 474.62827 433.5933 546.3881 546.4842 563.2204 563.1243 मान
330.7905 385.15445 400.30777 345.94382 436.30035 411.12738 443.85266 469.02563 कर
407.39233 451.12244 469.28033 425.55023 372.8768 360.05276 421.97128 434.79532 रहे
243.18834 325.71204 326.4967 243.973 490.71722 489.85907 565.3188 566.17694 इसी
504.399 552.26874 552.4256 504.55585 489.58142 489.43384 540.3406 540.48816 हुई
