256.32602 304.75534 314.92374 266.49442 457.05792 434.51398 456.35797 478.90192 ख़त
316.2639 366.29288 381.68253 331.65353 415.50986 392.22122 425.28152 448.57016 और
177.44226 208.2016 208.46127 177.70193 492.88385 492.49225 512.89215 513.28375 बात
176.29733 208.3742 208.70224 176.62537 523.3381 522.98553 552.83026 553.1828 कही
403.59784 451.8282 465.77655 417.5462 378.09244 355.63882 385.59995 408.05356 पर
82.55552 125.61425 125.90499 82.84626 299.1157 298.84067 344.36063 344.63565 यह
448.58032 573.66455 571.068 445.98376 8.119522 12.97274 79.89558 75.04236 बेघर
247.12251 292.70123 293.1801 247.6014 269.068 268.04907 289.47076 290.4897 कारण
301.37457 346.7182 347.1728 301.82916 267.80737 266.79138 287.07806 288.09406 मानव
244.28496 291.40112 292.02472 244.90855 300.1468 299.17493 329.40503 330.3769 अपनी
