537.947 573.6315 554.6389 518.95447 53.35176 81.64685 105.599335 77.304245 बात
193.89345 229.4669 229.46806 193.8946 75.362114 75.36086 107.93693 107.93818 इस
249.85323 305.56104 305.56183 249.85402 61.26586 61.264885 106.39692 106.397896 धरती
559.11914 594.1886 563.6969 528.62744 364.1385 381.01056 444.38947 427.5174 खुद
164.00879 209.60208 218.61053 173.01724 322.9154 314.82147 365.56635 373.66028 वह
178.62767 230.71931 238.88881 186.79716 398.2716 389.13184 435.69336 444.83313 एक
243.47244 286.24954 295.90378 253.12668 366.3697 359.3673 418.34467 425.34705 की
303.44708 370.22614 378.5567 311.77765 376.28436 364.65448 412.48877 424.11865 जगह
383.36578 434.35907 441.7572 390.76392 362.29028 353.40198 395.84595 404.73425 दस
350.61487 405.98737 405.9864 350.6139 102.39557 102.397125 137.51103 137.50948 जगह
469.43427 538.15765 538.3609 469.6375 414.585 414.11563 443.87308 444.34244 अलग
472.37558 562.16943 569.1686 479.37473 204.16699 198.62036 311.9287 317.47534 हुआ
129.8412 174.1533 176.66148 132.34938 53.943447 51.81111 103.93335 106.06569 उठे
256.31418 362.27383 370.97464 265.01498 290.34375 271.63043 320.89673 339.61005 भूतनाथ
