25.708664 54.46399 62.560707 33.80538 336.0275 329.1118 362.77774 369.69345 हम
62.431858 109.80449 117.33429 69.961655 314.39847 305.95517 348.20236 356.64566 अपने
516.61566 594.2431 594.2946 516.6672 401.88055 401.78558 443.88666 443.98163 बात
503.0855 542.9232 523.7304 483.89267 20.745552 52.369263 76.54732 44.923607 साथ
339.98785 363.8305 363.60565 339.763 4.1945934 4.484461 22.979343 22.689476 जबकि
297.19574 469.89667 494.62115 321.92023 244.76361 221.65045 406.39105 429.5042 आधा
313.26944 336.93344 336.69778 313.03378 4.8853626 5.1710377 24.690132 24.404457 धान
129.26572 166.22308 174.92499 137.96762 346.8236 339.63794 384.39362 391.57928 और
183.48135 229.3966 236.6124 190.69714 340.89337 332.76843 373.54602 381.67096 कभी
141.65167 186.89413 193.68747 148.445 409.17194 401.23914 439.9831 447.9159 कभी
