398.85693 547.0414 546.5708 398.38638 379.3784 380.21762 463.29752 462.45828 तरह
302.1953 341.95612 342.80298 303.04218 87.44829 85.758606 105.68611 107.37579 कर
210.94144 338.50534 303.53757 175.97366 226.10556 298.67117 360.14145 287.57584 इसके
224.17749 289.1574 289.00995 224.03003 388.61417 388.9421 418.15506 417.82712 भीतर
308.6303 358.13647 358.04608 308.53992 398.03818 398.26114 418.32803 418.10507 आए
222.01053 322.2536 322.1796 221.93652 432.20398 432.44684 463.0028 462.75995 आनंदमई
340.79218 402.0041 401.93304 340.72113 432.49182 432.64008 461.9626 461.81433 उनके
55.058765 84.04402 101.492065 72.506805 203.84001 178.25981 198.03041 223.61061 पर
13.5125885 141.42372 141.07518 13.164049 349.30774 350.24426 397.84784 396.91132 उसको
7.537491 186.77844 186.59976 7.358816 411.58813 412.23657 461.6266 460.97815 कलंकित
