333.2585 380.19272 380.1655 333.2313 555.26215 555.3062 584.30084 584.2568 कर
159.05003 221.11763 214.88914 152.82155 358.39746 367.79108 408.9452 399.55157 कई
136.15161 195.97977 190.315 130.48685 403.49518 413.28705 447.8985 438.10663 दफे
196.40894 246.99863 242.48148 191.89178 423.18362 431.50003 458.97836 450.66196 वह
88.747665 108.377625 101.83829 82.20833 266.2189 270.2062 302.4003 298.413 वह
115.77655 167.55576 154.53058 102.75137 278.28384 301.16885 330.63937 307.75436 चुपचाप
108.88846 203.37552 192.30472 97.81765 167.5398 193.2286 233.94858 208.25977 उस
54.964996 151.5423 145.20155 48.62425 376.66025 392.21445 431.5847 416.0305 मानव
212.26523 276.27847 272.5632 208.54996 379.00565 388.1512 414.1556 405.01004 एक
93.223694 137.23233 135.8499 91.84126 554.8219 560.1284 571.59326 566.28674 आप
