325.79883 440.07434 436.71375 322.43823 262.3006 271.4934 313.26917 304.07635 मान
9.859352 96.977104 97.398636 10.280884 258.68002 257.7133 295.69998 296.66672 आज
102.398575 200.9116 201.70589 103.192856 239.47714 238.27524 303.3787 304.5806 इतनी
105.35614 162.12408 163.7768 107.00885 173.0749 170.18443 202.64339 205.53386 साथ
282.11914 311.40973 310.59967 281.30908 257.4403 259.7871 269.89746 267.55066 आज
282.32013 307.2577 306.21014 281.27258 268.7434 270.80896 283.45612 281.39056 चोर
542.3717 566.8176 551.14465 526.6987 317.30112 326.189 369.29733 360.40945 खूब
187.92944 230.50262 230.62799 188.05481 210.77988 210.59753 239.86441 240.04675 इधर
197.99106 241.59448 241.80002 198.1966 250.82928 250.45374 274.31647 274.69202 उधर
6.1199913 52.454372 52.61832 6.2839394 221.2661 221.01036 250.71388 250.96962 इस
