6.3556595 97.51395 94.68802 3.5297294 421.43536 429.57983 461.2094 453.06494 एक
157.50531 236.22498 237.11316 158.3935 352.0989 349.17844 373.11905 376.03952 उसकी
234.6427 305.72107 306.35974 235.28137 357.0449 354.07205 369.3428 372.31564 मरम्मत
13.079937 61.685913 60.090412 11.484438 362.07208 368.32104 380.73126 374.4823 अगर
12.16029 40.759724 39.303463 10.704029 383.70258 387.07288 399.43042 396.06012 वह
12.49699 44.15655 42.83848 11.178921 405.33682 408.73093 421.02573 417.63162 उस
207.7283 325.89032 323.75613 205.59413 442.41998 451.81152 478.66278 469.27124 अधिक
51.435127 104.201096 103.09252 50.326557 18.151146 20.93821 41.926094 39.13903 तरफ
119.194016 139.64452 139.82057 119.37007 13.24779 13.130642 43.866055 43.983204 से
156.75209 178.41331 232.89153 211.2303 307.43652 284.74323 336.7437 359.437 पर
13.7241745 55.6351 54.600136 12.689211 457.84195 461.23953 474.0062 470.6086 रहा
311.11087 337.32785 343.49887 317.2819 286.2287 264.52185 271.97504 293.6819 वह
6.061981 51.3313 49.84442 4.575103 29.87273 32.25848 60.471752 58.086002 एक
240.24338 274.7914 275.09976 240.55173 326.6531 325.8408 338.95474 339.76706 उन
