4.553917 48.917706 48.73948 4.375692 13.619225 13.972313 36.36537 36.012283 मगर
4.470707 40.87444 40.49799 4.094257 45.391617 45.81552 78.14334 77.71944 रही
70.107285 172.66962 143.21855 40.656227 133.9507 221.31422 255.88893 168.5254 उसे
44.310062 167.95 168.63467 44.99474 277.57166 276.19537 337.7027 339.07898 अब
98.77809 152.8575 132.10683 78.02742 5.787712 57.377895 79.12979 27.539608 लिए
77.88759 143.16063 130.53111 65.25807 46.437836 107.97211 121.36899 59.834717 समय
65.545364 117.56972 99.199844 47.175495 70.45422 117.28243 137.69066 90.86245 और
432.5298 532.9892 534.5013 434.04187 161.37242 158.11421 204.73567 207.99388 जली
420.4558 542.77356 543.46893 421.15118 245.32335 242.81522 276.72668 279.23483 उसका
11.825542 46.454422 46.05575 11.42687 81.918304 82.46782 107.59065 107.04114 यह
119.45384 162.75012 151.45961 108.16332 117.19061 156.58368 168.99292 129.59985 बाद
