18.25798 155.06133 154.81456 18.01121 521.7521 522.39575 574.848 574.20435 सुनकर
179.37509 296.714 296.53488 179.19598 522.51 523.062 561.1378 560.5858 कमला
535.76556 586.0638 592.5706 542.2724 201.69673 177.11476 190.42873 215.0107 कम
79.98251 166.77753 166.42346 79.62844 474.30212 475.04932 516.17596 515.4288 उत्पन्न
5.7609053 31.926048 40.179157 14.014014 27.630142 14.135681 30.138088 43.63255 दस
522.00995 581.4925 587.1257 527.6431 165.49864 134.33794 145.09108 176.25179 असर
528.8417 568.704 573.82336 533.96106 186.56708 166.4057 176.52747 196.68884 कर
38.540405 93.43796 169.32805 114.4305 256.72778 210.26251 299.9248 346.39008 लगता
98.18031 189.51042 188.78636 97.45625 412.11682 413.3694 466.16528 464.91272 जब
167.26947 197.97894 198.83264 168.12317 176.7972 174.79381 187.88008 189.88347 पर
508.84866 569.89136 580.81335 519.7706 145.50089 112.8432 133.25821 165.9159 एक
