417.687 553.1626 553.7456 418.27002 299.06262 295.45264 317.33105 320.94104 तरफ
418.41205 542.87897 542.9872 418.52026 334.5486 334.1039 364.394 364.8387 सभी
75.074905 149.80864 149.46712 74.73338 425.06607 426.00992 453.05112 452.10727 गया
69.54051 148.79916 148.57266 69.31401 479.97156 480.61658 508.44885 507.80383 आज
60.64099 193.45532 193.3324 60.518066 536.49945 536.9666 571.9178 571.4506 इजलास
169.08458 201.02046 197.61592 165.68004 31.157768 37.74324 54.25332 47.667847 कर
445.0531 565.1822 563.88654 443.75745 413.32498 418.8353 447.0817 441.57138 इस
187.35013 304.2639 304.1956 187.28183 547.7513 548.05804 574.086 573.77924 आसपास
166.78201 244.61563 244.22482 166.3912 478.61835 479.26556 526.26495 525.61774 गए
27.403723 78.71829 165.25272 113.93814 177.73952 139.93393 257.38953 295.1951 दिन
