272.87775 374.20715 376.2577 274.92828 315.8602 308.31906 335.87137 343.4125 उसके
369.33865 433.77585 454.8516 390.4144 185.82639 137.04163 164.87949 213.66425 हुई
21.498177 89.80624 119.78103 51.47297 295.30637 275.09207 376.38272 396.59702 कुछ
394.42892 402.3878 366.20096 358.2421 301.44022 311.0883 340.93942 331.29135 पर
23.219551 81.36956 81.295555 23.145546 13.60928 13.794273 37.05865 36.873657 सड़क
95.297745 148.36154 148.27345 95.20965 6.75494 6.9328537 33.206944 33.02903 डियर
172.71222 259.0752 258.29413 171.93115 104.450165 105.72415 158.67154 157.39755 एक
484.14484 532.5185 570.597 522.2233 297.35806 274.79544 356.4346 378.99722 रहा
7.0441933 54.082348 54.026157 6.9880037 52.774445 52.87953 78.03096 77.92587 रख
305.37256 361.01288 360.32275 304.68243 31.814407 32.725296 74.88252 73.971634 और
301.43372 366.59308 366.0982 300.93884 99.17976 100.15111 133.34789 132.37654 साथ
