309.91187 349.92767 349.91663 309.90082 19.339943 19.359467 41.96393 41.944405 पर
369.34064 451.57092 451.58185 369.35156 9.014451 8.987423 42.194992 42.22202 विजय
313.80124 394.7582 394.6559 313.69894 69.77092 70.13374 92.96443 92.60161 पाकर
305.30362 341.0389 339.0742 303.3389 113.04361 116.05858 139.34552 136.33055 पर
495.77917 576.7927 576.74426 495.73074 32.76043 32.884247 64.59254 64.46872 इकन्नी
499.6194 590.38806 590.2378 499.46915 75.39397 75.8347 106.7776 106.33687 उसकी
107.32616 210.25761 210.2499 107.318436 525.3398 525.3515 592.83234 592.8206 मर
342.3571 381.59995 379.2065 339.96365 123.115814 126.39114 155.0676 151.79227 पर
416.3016 476.3419 476.26736 416.22708 46.28782 46.443962 75.08928 74.933136 रूप
180.93246 259.5515 259.5164 180.89734 547.4406 547.5108 586.89325 586.82306 तरफ
