6.51968 119.93065 119.9389 6.527935 103.68954 103.67969 198.74155 198.7514 ऐसी
197.60806 259.36084 260.05206 198.29929 371.60287 370.14456 399.4149 400.8732 तभी
497.1459 567.0492 567.05005 497.14676 394.89792 394.89658 438.5712 438.57254 नाम
7.6219635 84.56277 84.56211 7.621308 44.02176 44.023438 74.36312 74.36144 मगर
108.47124 228.90512 228.90443 108.47055 43.01539 43.018044 74.36629 74.36363 लगभग
431.82578 444.70816 424.97623 412.09384 147.53703 156.39626 185.08882 176.2296 वह
466.57745 505.02783 505.02704 466.57666 38.58497 38.58602 67.90267 67.90162 बढ़
466.61023 521.2334 521.2335 466.61035 84.68276 84.68244 105.911476 105.9118 गया
467.75543 511.2539 511.25488 467.7564 130.77988 130.77786 152.00659 152.0086 अब
531.6158 570.05426 570.05536 531.6169 130.77814 130.77634 153.01471 153.01651 वह
