419.98676 434.30603 410.19702 395.87775 140.99294 150.8112 185.97246 176.15419 कोई
434.4218 555.852 555.85455 434.42438 10.680875 10.678146 124.91472 124.91745 गये
207.17365 284.10477 284.9812 208.05008 369.12643 367.2637 403.45975 405.32248 लिए
470.76672 503.7464 489.25775 456.27808 385.73798 395.1427 445.95013 436.5454 उम्र
90.98532 157.79822 157.79646 90.983574 4.58667 4.59037 35.939445 35.935745 पग
185.0421 251.84361 251.84187 185.04036 4.5944633 4.5981636 35.944664 35.940964 पग
441.8335 458.325 438.0177 421.52618 152.13457 163.46211 193.027 181.69945 रमा
9.358429 77.19432 77.19351 9.357624 38.358414 38.359993 72.74495 72.74337 उस
97.65991 152.33072 152.3299 97.659096 38.363113 38.364403 72.746704 72.745415 पर
180.58511 289.87888 289.87808 180.58432 38.36754 38.36998 73.76096 73.75852 शासन
