356.47308 404.42987 400.01062 352.05383 203.81451 209.53674 246.57333 240.8511 देश
5.196827 82.4964 82.50403 5.204464 64.0195 64.00769 114.01352 114.02533 और
4.4765434 84.76286 84.76517 4.4788475 125.02488 125.02109 174.01816 174.02194 उसी
6.048935 88.2549 88.249405 6.043443 201.00455 201.01675 237.99606 237.98386 तरह
179.54143 235.04875 235.04512 179.5378 268.16125 268.1731 285.21533 285.2035 अलग
256.83984 312.2511 312.24744 256.83618 268.17776 268.1896 285.20413 285.1923 अलग
373.6889 524.63434 524.57043 373.625 12.338783 12.492767 75.15864 75.004654 निश्चय
305.95618 350.79028 347.5041 302.66998 153.4813 158.88364 186.15576 180.75342 एक
405.9255 502.90775 502.88058 405.89835 79.93288 80.0291 107.425705 107.32948 सकता
405.97424 466.72333 466.68854 405.93945 134.71846 134.77531 171.9308 171.87395 मुझ
234.06995 288.86322 286.11407 231.32079 179.13658 185.7035 208.64198 202.07506 इतना
298.9069 335.0007 335.06058 298.96677 212.23141 212.13898 235.52881 235.62125 वह
129.62967 235.92542 235.93582 129.64008 5.9649916 5.9380608 46.964977 46.99191 अगर
125.58215 222.97485 222.98413 125.59143 66.002014 65.98746 128.01549 128.03004 कोई
524.5657 585.31165 585.27576 524.5298 41.87786 41.939728 77.17773 77.11586 कोई
