351.38486 377.42105 391.5867 365.5505 101.906876 91.75548 128.08742 138.23882 बन
496.01627 517.2219 508.61838 487.4127 96.887436 101.65256 139.94012 135.175 फिर
159.05861 185.02379 185.22188 159.2567 19.278791 19.096764 47.35405 47.53608 से
200.71236 266.77405 266.7873 200.72557 27.284904 27.248657 51.333466 51.369713 दमक
159.4184 206.42764 206.43283 159.42358 65.79669 65.784485 85.79816 85.81036 उठा
224.06604 272.1323 272.14178 224.07553 56.762074 56.746346 85.7876 85.80332 और
297.9822 323.0129 322.97104 297.94034 149.90823 149.97852 164.88644 164.81616 हर
453.93585 592.5894 592.5955 453.94196 4.5161533 4.5064316 90.97985 90.98957 सही
7.6979065 45.91559 52.236 14.018316 153.09953 143.56157 168.88683 178.42479 चार
37.633934 100.625694 100.63465 37.64289 18.750969 18.72134 37.767532 37.79716 उसका
38.043884 93.023636 93.0307 38.05095 55.621906 55.603416 76.61868 76.63717 दबाव
