13.311935 30.59491 30.549088 13.266114 358.48328 358.5523 370.0277 369.95868 अब
32.182156 47.266376 52.612415 37.528194 353.34708 349.60422 371.14957 374.89243 यही
18.55466 36.14907 36.13329 18.538877 380.94107 380.96188 394.28555 394.26474 एक
38.570087 61.893154 61.877132 38.554066 380.99564 381.02884 392.28506 392.25186 उद्यम
506.90665 573.7411 574.2468 507.41238 212.49455 209.75648 222.1025 224.84056 उसकी
551.18933 582.44775 582.3646 551.1062 88.2106 88.52081 96.8983 96.58809 आज
544.0451 568.2132 568.0694 543.9013 101.3987 101.751114 111.60921 111.25679 इस
17.479107 86.17735 90.32399 21.625751 76.02557 58.948746 75.63025 92.70708 बटन
58.11254 77.496925 83.47448 64.090096 373.64713 369.03207 394.13925 398.7543 हम
85.470245 138.02516 135.23753 82.68262 108.89514 117.74697 134.29764 125.44581 हुआ
459.5876 520.674 520.16266 459.07623 104.353165 105.51082 132.4949 131.33725 नष्ट
20.681606 78.09067 81.558365 24.149311 57.556286 43.49659 57.65604 71.71574 गया
440.95764 480.14435 480.51343 441.32672 218.24777 216.68823 225.96164 227.52118 रहा
398.69846 448.3262 448.1439 398.51614 92.86539 93.42142 109.69179 109.13576 कर
