330.5192 387.25888 367.22482 310.48514 158.09096 201.4735 227.67583 184.29329 तक
106.98913 152.10106 187.72519 142.61327 174.64914 125.287506 157.84467 207.2063 आज
286.4111 312.82608 312.82303 286.40805 250.44958 250.45337 271.62744 271.62366 पर
18.344894 102.00309 101.977165 18.318968 8.416679 8.451691 70.40624 70.37123 और
12.4813385 108.43087 108.28298 12.333453 93.815 94.04692 155.22905 154.99713 गोल
548.7235 596.8716 594.43494 546.28687 219.92845 225.02242 248.05406 242.9601 कह
123.85057 154.23639 154.20695 123.82113 56.836258 56.883286 75.91394 75.86691 एम
6.5661316 57.34031 57.382442 6.608265 272.89624 272.83868 310.01642 310.07397 पर
0.34818268 34.66246 40.371548 6.05727 241.54393 228.63834 243.81807 256.72366 आने
340.18234 382.91946 361.59195 318.85483 114.134995 146.80452 174.70439 142.03487 और
161.57884 204.07454 204.06242 161.56673 17.872429 17.89952 36.921196 36.894104 एक
