246.38846 291.93173 288.44717 242.9039 242.75946 248.85419 274.89282 268.7981 इस
115.57228 169.98497 170.18422 115.77153 7.051638 6.896698 76.87151 77.02645 हुआ
405.3558 476.47757 476.34958 405.2278 377.72076 377.87653 436.31433 436.15857 एक
244.44574 278.22137 275.59082 241.81517 7.249611 8.907845 62.4888 60.830566 और
452.0056 500.38068 507.37622 459.00116 14.800838 9.522339 73.633194 78.9117 तीन
342.70258 415.32147 415.17902 342.56012 328.6813 328.86893 384.01175 383.82413 एक
437.55188 524.38416 524.2704 437.4381 328.92627 329.15057 373.17145 372.94714 उच्च
342.3942 420.68686 420.6049 342.31223 416.85342 417.0001 460.74863 460.60196 स्तर
342.25647 398.38922 398.18445 342.0517 477.8678 478.04907 541.45966 541.2784 की
419.19064 503.01157 502.9628 419.14188 500.69055 500.79114 541.44617 541.3456 परत
