157.2374 217.24704 217.19888 157.18924 401.7783 401.89316 427.0402 426.92532 प्रकार
232.85828 269.01822 268.97134 232.8114 402.0794 402.14093 429.67657 429.61505 यह
475.0016 534.24084 567.022 507.7827 365.96948 339.2802 412.04083 438.7301 उस
423.17096 441.54712 430.67303 412.29688 133.31577 142.42526 164.36102 155.25153 पर
370.99255 410.78967 410.01727 370.22015 204.71819 205.62029 239.69646 238.79436 गैर
28.301224 69.788506 69.569466 28.082184 299.0505 299.49118 320.1135 319.67282 आइए
74.167625 101.90119 101.67249 73.93893 298.62494 298.9195 320.45447 320.1599 एक
410.78275 445.72043 462.01425 427.07657 348.17303 334.57513 376.43964 390.03754 पर
375.66782 409.70834 409.66672 375.6262 404.02896 404.1119 421.19125 421.1083 जन्म
433.03555 477.19418 500.3339 456.17526 383.51627 365.7363 423.2064 440.98636 हुआ
