72.18617 107.78334 107.79173 72.194565 14.039815 14.022203 30.990604 31.008215 उस
389.00577 470.00217 469.98312 388.98672 6.694992 6.7417145 39.7704 39.72368 प्रतिशत
392.2714 437.282 437.2678 392.25717 42.527428 42.546814 75.57288 75.5535 और
388.9317 429.94287 429.93738 388.9262 89.36302 89.37283 112.38953 112.379715 कर
209.3588 334.74905 334.74948 209.35922 8.24721 8.246597 95.53284 95.53345 यदि
74.563736 116.43799 114.81471 72.94046 97.56257 101.049095 120.54507 117.05854 अब
489.03363 552.9908 552.9798 489.02264 60.976624 60.99936 92.01059 91.987854 आगे
246.43675 317.28717 317.28784 246.43742 95.53328 95.5316 123.87474 123.87642 कैप्टन
78.83626 115.30495 113.396255 76.92757 147.53314 151.88531 167.87903 163.52686 वह
472.10028 553.043 553.0264 472.08368 7.9436035 7.9899063 37.005318 36.959015 उनकी
