72.13679 104.87269 104.881035 72.145134 13.041777 13.028088 32.989334 33.003025 पर
421.84988 488.8345 488.8226 421.83798 36.135666 36.16626 62.184128 62.153534 उपदेश
495.6184 555.57214 555.56116 495.60742 36.169353 36.196743 60.203114 60.175724 उनके
421.82446 481.81384 481.80554 421.81616 63.354324 63.37506 87.38451 87.36377 उनके
70.56702 119.30014 116.9778 68.244675 88.529274 92.54476 120.72939 116.713905 हर
223.53928 335.83746 335.83414 223.53593 12.617981 12.623291 83.54115 83.53584 प्रगति
32.385567 80.373085 80.359856 32.372337 282.92654 282.9443 318.64902 318.63126 हरजाई
381.89758 404.90564 404.903 381.89496 89.76164 89.76712 100.77553 100.77005 कहा
381.88293 399.89148 399.8896 381.88104 106.5744 106.57745 117.585526 117.58247 वह
382.96768 415.97604 415.97482 382.96646 123.38675 123.390045 135.3984 135.39511 आएगा
140.59811 180.90793 181.16989 140.86008 131.70337 130.59839 140.15442 141.2594 जब
267.15012 364.13547 364.13504 267.1497 91.17139 91.172745 123.88249 123.881134 बिलकुल
101.807556 156.43845 156.42636 101.79546 290.36987 290.38696 329.04315 329.02606 साथ
379.11588 434.12576 434.10703 379.09714 4.887581 4.919731 36.942986 36.910835 अप्रैल
1.8622437 20.381224 22.812067 4.293087 275.68497 273.9576 300.019 301.74637 दिन
4.68462 32.257008 32.249294 4.6769056 304.41833 304.42682 329.41803 329.40955 पहले
