349.10474 420.0736 419.06665 348.09778 200.16069 201.69469 248.28032 246.74632 उठ
118.9469 213.48611 213.44623 118.90702 370.74744 370.79926 443.55316 443.50134 आप
144.98787 193.95598 189.06282 140.09471 270.41174 280.74658 303.9312 293.59637 वह
444.04294 500.02115 530.4208 474.4426 370.43762 346.69733 418.37787 442.11816 कुछ
342.61484 391.64395 391.07455 342.04544 249.79236 251.48566 267.9724 266.2791 मगर
29.985237 76.15722 76.13595 29.963964 417.6523 417.70645 435.8455 435.79135 करवा
143.73839 179.86317 176.148 140.02321 299.60046 307.06116 325.05005 317.58936 पर
556.1798 579.3292 596.73975 573.59033 266.646 254.76782 288.69922 300.5774 वह
514.3635 537.62024 542.4385 519.18176 259.93878 249.69275 260.62927 270.8753 वह
216.3352 276.35358 276.2627 216.24431 380.9331 381.05554 425.6281 425.50568 पर
293.1622 354.69913 354.6367 293.09976 381.37292 381.4425 436.6712 436.60162 वह
