306.66757 369.73215 373.5153 310.4507 18.055435 10.714954 43.217003 50.557484 बहुत
62.15593 105.98038 116.89357 73.06912 277.11917 258.1924 283.46164 302.3884 पर
74.05473 108.359665 123.40863 89.1037 369.0637 351.86966 381.89487 399.0889 वह
121.63659 154.37898 169.42267 136.68028 345.2283 328.8174 358.83212 375.243 यह
101.898026 172.94347 189.91936 118.87392 413.22794 377.58633 411.42484 447.06644 समझता
112.974724 153.29443 160.87454 120.55483 268.90884 251.52005 269.09616 286.48495 लाद
195.33102 258.36923 279.6249 216.5867 267.83618 236.2522 278.67627 310.26025 जंगल
187.62338 225.38098 234.76443 197.00684 224.82346 208.50546 230.21744 246.53543 कोई
138.53604 196.62515 212.78494 154.69583 302.7232 273.62158 305.8778 334.97943 तरफ
334.10526 386.7017 384.75882 332.16238 131.88976 136.94423 157.16179 152.10732 अब
