290.14465 386.1949 386.198 290.14777 33.396454 33.390114 80.39844 80.40478 सब
422.05496 587.1581 587.16125 422.05807 33.387745 33.376854 80.403885 80.41477 चलता
2.1293488 28.41777 42.953133 16.664711 158.4891 148.55063 186.99835 196.93683 वह
46.40996 92.93199 93.63995 47.117924 80.86822 79.90824 114.21731 115.177284 इन
112.42832 137.75208 138.3677 113.04397 79.460594 78.94628 109.25979 109.7741 द
31.668325 58.32013 58.81655 32.16475 201.88078 200.89003 214.24406 215.23482 घर
211.86652 280.90768 280.91187 211.8707 5.9944477 5.98687 43.995255 44.00283 यह
380.5077 449.26477 450.1858 381.4287 145.73859 142.76855 164.09018 167.06021 पीट
494.99835 522.6987 521.9565 494.2561 109.00702 110.37433 125.411026 124.04372 पर
57.973057 101.031235 101.0352 57.977024 17.012205 17.008236 60.00267 60.00664 रहे
137.38623 181.01361 181.50888 137.8815 86.02398 85.09504 108.35467 109.28361 घर
