344.5171 412.76086 409.1076 340.86383 78.44971 87.89635 114.28784 104.8412 साथ
496.37048 542.8544 526.8292 480.34537 184.16644 241.65488 254.61246 197.12402 तब
4.106022 106.83281 108.692444 5.9656563 142.41699 140.19531 226.18103 228.40271 समझेगा
123.08368 164.58841 165.80374 124.29901 166.60034 165.78091 227.33783 228.15726 यह
13.743778 112.483376 113.49597 14.756378 245.53897 244.1276 314.96817 316.37955 सोचकर
126.8947 194.01057 194.95839 127.842514 246.92088 245.97568 313.27887 314.2241 विनय
22.143448 80.07863 84.152824 26.217644 335.4137 332.16125 404.73376 407.9862 पहले
471.95447 499.60657 488.66193 461.00983 201.5014 236.68298 245.28528 210.1037 पर
69.569885 99.74678 102.063416 71.88652 93.971436 92.83235 154.20506 155.34415 उसे
111.461975 148.59818 149.65457 112.51837 110.64694 109.76672 154.33624 155.21646 जब
160.13412 244.65909 245.9498 161.42484 91.341225 89.60274 152.35748 154.09596 अफसोस
499.03912 546.02026 531.6893 484.70816 156.89442 213.50462 225.39793 168.78773 तक
