17.66195 200.8305 201.67389 18.505333 294.50372 292.36816 364.70715 366.8427 अपनी
21.877798 58.798492 58.828125 21.90743 200.9658 200.9088 220.10011 220.15712 सब
252.15176 343.88538 343.85275 252.11916 21.083344 21.118988 105.0774 105.041756 हुई
407.69678 451.7791 451.7674 407.68506 183.96848 183.99194 206.06573 206.04227 कर
165.03468 288.8678 289.57965 165.74654 288.8514 287.53653 354.57687 355.89175 हुआ
15.096657 101.80388 101.80039 15.093167 72.01955 72.02527 125.0022 124.996475 इन
469.39636 487.1469 486.9355 469.18494 185.18848 185.41733 201.81793 201.58908 यदि
470.33084 489.8185 489.65872 470.17105 207.92693 208.21098 219.17204 218.88799 आप
88.698685 166.09045 166.20064 88.80887 203.0563 202.58282 220.59311 221.06659 अन्दर
41.638897 120.5428 121.79358 42.889675 375.8516 373.2819 411.68723 414.25693 इस
376.47803 531.9717 531.9235 376.42984 5.1305466 5.198677 115.10803 115.0399 कर
