181.25343 227.14464 226.70195 180.81075 234.41159 234.78702 288.8948 288.51938 इनके
377.81512 473.46002 474.50922 378.86432 273.373 271.2871 319.39728 321.48315 इस
363.31583 419.18216 414.89133 359.025 74.09446 81.84428 112.77563 105.02581 हम
487.82727 543.98047 526.15344 470.00027 164.84932 234.02724 248.49779 179.31987 सात
472.90616 530.20624 505.63065 448.33057 199.75314 274.03833 292.9948 218.70963 ठीक
7.413391 105.42535 105.89227 7.8803177 343.46927 342.7491 406.29556 407.01572 घबराओ
123.62123 171.11531 171.60948 124.1154 343.49973 343.15372 410.98526 411.33127 यही
503.1751 532.24255 521.1475 492.0801 223.56827 260.0818 268.91425 232.40071 पर
11.051611 60.590736 65.59818 16.059057 128.68225 125.67978 208.29953 211.302 और
22.656235 99.93089 100.67346 23.398804 243.42061 242.30515 293.74762 294.86307 हाथरस
