291.30637 311.27396 331.144 311.17642 162.55461 154.27885 202.22096 210.49672 चल
219.67491 246.65138 246.65993 219.68346 300.35403 300.34305 321.31198 321.32297 हर
219.67493 267.65247 267.65247 219.67493 326.51233 326.51233 353.46057 353.46057 चीज़
219.67491 250.65822 250.65822 219.67491 361.65173 361.65173 387.61377 387.61377 को
264.50336 315.49933 315.49933 264.50336 370.6314 370.6314 393.60406 393.60406 बदल
275.2135 310.89484 307.3083 271.62695 128.31216 142.06686 151.37076 137.61606 नकाब
34.02098 182.87527 182.96828 34.113983 13.910001 13.714561 84.54621 84.74165 तरह
251.59088 365.68677 365.77368 251.6778 13.528486 13.375801 78.312065 78.46475 सब
27.369995 98.268166 98.3073 27.409126 113.66966 113.59651 151.51665 151.5898 वह
28.47258 126.324036 126.35808 28.506622 177.50722 177.4362 224.343 224.41402 कभी
