278.45538 329.27496 325.86945 275.04987 213.87622 220.30579 247.22333 240.79376 सब
461.41702 516.08765 517.8202 463.1495 247.72124 242.60187 261.10333 266.2227 कारण
142.23294 180.23193 180.23178 142.23279 69.15868 69.1589 96.1679 96.16769 पर
145.53778 197.53134 197.5346 145.54105 112.37985 112.373566 139.37729 139.38358 अब
521.3833 591.30066 591.3235 521.4061 101.66643 101.60936 129.63466 129.69173 लक्षण
515.40045 554.8459 556.8254 517.37994 243.91508 240.23904 261.47937 265.15543 टूट
73.9935 163.979 163.98517 73.99967 26.957764 26.943863 66.95093 66.96483 आज
525.9932 556.1137 556.1302 526.0097 136.58565 136.56136 157.03679 157.06108 पर
525.9971 584.06323 584.0786 526.01245 177.96448 177.91833 197.3104 197.35654 तनाव
69.012695 214.98405 214.99457 69.02321 143.00671 142.98383 209.97687 209.99976 गया
