196.36191 269.99353 263.5491 189.91748 37.359207 50.06035 87.42027 74.71913 गया
181.04031 198.40247 218.12326 200.76111 131.02266 120.156204 151.6656 162.53206 और
19.459007 74.66988 73.9065 18.695623 79.14991 81.05874 103.13892 101.230095 धारण
399.96344 465.48633 473.56213 408.03925 267.13327 256.56625 306.64188 317.2089 लिए
479.39462 575.73596 580.50305 484.1617 269.3439 253.96024 283.81467 299.19833 जरूरत
52.115845 142.83765 138.05022 47.32841 20.1702 35.819324 63.573254 47.92413 उसका
75.50228 114.16317 113.05335 74.39246 71.055244 72.391884 104.49236 103.15572 पर
417.59204 558.23224 570.248 429.6078 190.89043 167.10666 238.1591 261.94287 समय
172.02332 212.57138 208.8909 168.34283 6.793495 13.787666 35.12496 28.13079 गया
521.81866 588.5129 594.4216 527.72736 303.7259 293.36615 331.40533 341.76508 अभी
