348.781 423.6748 419.65662 344.76282 279.30887 286.68295 327.49283 320.11874 जॉन
213.50853 273.53192 279.5725 219.54909 371.8478 359.4595 388.72708 401.1154 पार
419.9113 579.3495 579.36487 419.92673 76.027855 76.00493 183.25272 183.27565 रहा
441.93283 498.8965 494.8737 437.91 277.61926 283.23694 324.0287 318.411 देख
264.7706 304.3823 299.0009 259.3892 305.46948 312.60773 342.47034 335.3321 रहे
279.35297 323.31195 329.14703 285.18805 362.17096 353.08893 381.33215 390.41418 शुभ
98.31495 137.4494 156.78546 117.65101 117.87015 57.627487 70.18846 130.43112 उठाकर
422.2569 484.38922 484.42804 422.29572 24.271872 24.21679 68.01609 68.071175 पर
352.18323 397.4132 396.00342 350.77344 326.89633 331.3362 345.69772 341.25784 अम्ल
94.84115 143.13377 195.99448 147.70186 118.824814 96.81822 212.81905 234.82564 इसे
