551.8103 588.27454 583.17786 546.7136 71.2478 79.480515 102.05455 93.82184 कहा
6.8496704 163.3697 163.29878 6.7787404 110.58943 110.70503 206.76192 206.64632 मगर
94.35635 216.13727 216.17706 94.39615 380.7529 380.65726 431.34012 431.43576 पहल
295.49167 377.85538 388.5264 306.1627 176.77547 162.32802 223.16277 237.61021 सत्य
111.565674 169.10742 169.11005 111.5683 73.15189 73.14776 109.49374 109.49787 इस
194.3121 274.17047 274.17258 194.31421 73.14595 73.1402 102.425766 102.43152 खास
495.6472 575.1023 575.1229 495.66782 346.0755 346.03046 382.35614 382.40118 कल
315.7696 424.06616 424.08002 315.78345 14.389262 14.342903 46.655636 46.701996 चंचलता
315.90857 372.66077 372.6646 315.9124 67.48104 67.47501 103.86118 103.86721 वही
323.376 442.08072 442.1086 323.4039 388.2512 388.16006 424.47714 424.56827 मनोरंजन
