187.30215 224.76154 230.19873 192.73935 6.017866 1.6212349 47.946304 52.342937 व्यतीत
177.21399 264.52002 264.61395 177.30792 150.34145 150.23607 228.04897 228.15434 दिन
171.66301 202.34724 202.35774 171.67351 267.9911 267.97656 290.21832 290.23285 पर
25.707062 185.36168 185.42188 25.767258 5.7126803 5.5664673 71.29509 71.4413 आश्चर्यचकित
468.72525 514.7927 520.06726 473.9998 90.44693 73.11842 87.14061 104.46912 फिर
12.625488 87.045525 87.07194 12.651901 135.37611 135.33424 182.28282 182.32469 ठहर
114.34992 172.52618 172.54932 114.373055 135.38567 135.35518 179.4973 179.52779 गए
124.08245 162.798 162.80994 124.09438 263.34006 263.32034 286.71262 286.73233 एक
254.32173 271.93274 274.25726 256.64624 18.56255 16.628605 37.79639 39.730335 बना
280.2699 326.3988 326.414 280.2851 126.801254 126.78435 168.19392 168.21083 सोच
