43.892315 62.052547 65.3945 47.234264 14.411614 11.785194 34.89293 37.51935 कर
69.65309 93.196045 97.77501 74.232056 5.27577 1.998127 34.88832 38.165966 बोल
48.990356 65.98373 69.59464 52.601273 48.92569 46.46495 71.40117 73.86191 रहा
142.62663 260.00842 260.075 142.69325 126.7717 126.670166 203.706 203.80753 सरल
452.63818 507.75403 513.5385 458.42267 107.355316 86.71979 102.16968 122.80521 अपनी
141.20717 173.96275 173.97942 141.22383 258.6592 258.64127 289.05258 289.07053 भुन
386.8894 436.17145 436.1983 386.91626 12.924285 12.894157 56.806152 56.83628 आज
46.150734 115.56788 115.60171 46.184563 128.14412 128.10265 184.73045 184.77193 उस
210.66019 273.95685 273.98428 210.68762 6.028866 5.9931984 54.663456 54.699123 ड्राइवर
284.53214 313.94266 317.62234 288.21182 6.0636463 3.046379 38.913857 41.931126 अब
