416.26782 452.46155 454.75928 418.56555 284.3902 280.1809 299.938 304.14728 वह
406.8276 438.0281 440.06247 408.86197 318.4135 315.0965 334.23212 337.54913 हर
442.30328 482.6789 484.6537 444.27808 314.61667 310.0847 327.6783 332.2103 एक
486.73624 540.2312 542.2401 488.74515 309.6292 303.62463 321.52148 327.52606 तरफ
154.19016 214.24649 213.38889 153.33255 292.80692 294.29916 328.81363 327.32138 पता
442.33337 582.75146 587.1648 446.7467 280.68808 263.46786 299.4553 316.6755 तखल्लुस
430.1533 474.40176 477.03983 432.79135 333.53046 329.17004 355.94073 360.30115 हर
482.30878 571.3704 573.9251 484.86346 328.326 318.81952 342.75287 352.25934 गजल
503.89526 547.3269 551.03284 507.6012 115.68281 108.30113 130.10571 137.48738 पर
489.32526 536.62225 540.3986 493.10162 158.72527 151.63353 176.81953 183.91127 यह
