359.5498 407.23688 403.60583 355.91876 57.74588 63.27913 94.57225 89.039 रेत
461.46835 521.31494 531.20154 471.35495 157.11986 149.09068 222.78163 230.8108 रही
478.5655 589.7792 588.712 477.49826 268.27505 271.30038 310.53317 307.50784 डरकर
383.95798 469.34525 467.0203 381.63303 194.2302 197.1531 265.07178 262.14886 इस
456.604 532.5054 535.3858 459.48444 107.02971 98.9736 126.11214 134.16824 बात
166.36592 186.18483 186.1902 166.37129 17.163124 17.154572 29.630455 29.639008 यह
341.77023 384.99075 384.97928 341.75876 438.26562 438.2823 468.02173 468.00507 और
396.9084 433.60577 433.59808 396.9007 448.08945 448.1036 468.04056 468.0264 अब
445.6501 488.21448 488.2068 445.6424 448.26846 448.28494 468.06168 468.0452 आप
498.5302 574.6596 574.65204 498.52264 448.46262 448.49203 468.09506 468.06564 वानप्रस्थ
