360.37045 382.93265 383.87424 361.31204 235.3486 234.7139 268.18466 268.81937 और
250.45944 418.22733 418.53207 250.76419 13.095378 12.734573 154.43605 154.79686 गये
121.34303 137.6662 125.93872 109.615555 165.41943 169.89142 212.69775 208.22577 हुई
337.16016 369.22675 359.9616 327.89502 288.93457 308.6043 323.7088 304.03906 उस
3.1083755 39.847446 34.897823 -1.841248 340.78485 351.55396 368.4397 357.6706 मगर
175.03995 228.33951 232.60553 179.30597 191.25635 183.06262 210.8128 219.00653 रख
424.35956 560.45984 560.62695 424.52667 74.99941 74.70944 153.15277 153.44275 रोक
330.36826 354.55576 354.53726 330.34976 311.62878 311.6391 355.0379 355.0276 वह
173.86118 236.77142 236.77246 173.86221 9.493771 9.49213 48.918873 48.920513 वह
174.94577 249.76065 249.80676 174.99188 82.824135 82.72115 116.22813 116.33111 कम
