439.66693 526.51544 526.4306 439.5821 50.154747 50.300194 100.94982 100.804375 एक
230.55737 364.87015 364.8501 230.53732 27.30455 27.343895 95.76855 95.7292 उसने
185.22693 207.24905 206.81442 184.7923 145.15138 146.1024 156.16664 155.21562 वह
18.461487 91.04994 90.79851 18.210049 7.7345467 8.313374 39.845028 39.2662 उनके
16.10556 96.23924 95.91667 15.7829895 50.017494 50.717476 87.64466 86.94468 ऐयार
248.29938 359.81244 359.81024 248.29716 119.819534 119.82582 159.12144 159.11516 जज
14.947769 63.430916 63.17195 14.688805 100.05606 100.523224 127.399414 126.93225 उठी
88.86799 119.26644 130.10748 99.70902 168.48833 151.136 170.12773 187.48006 पैक
401.08945 455.91672 455.85178 401.0245 6.8779907 6.9856186 40.06607 39.958443 रथ
478.83295 530.5018 530.4368 478.768 7.030609 7.1320343 40.19532 40.093895 पर
