390.85382 431.8553 431.77734 390.77588 366.22043 366.36423 388.5858 388.442 उनकी
30.138885 243.41287 243.47507 30.20108 94.53027 94.253876 142.24805 142.52444 मजाक
287.96326 494.33136 494.4038 288.0357 94.193085 93.926056 149.92038 150.18741 समझा
30.280464 228.4408 228.5036 30.34327 192.09155 191.83719 240.77798 241.03235 उसका
30.42522 118.432205 118.52179 30.514805 266.59082 266.48108 338.3255 338.43524 हैट
163.00131 380.0936 380.15457 163.06229 289.37988 289.10913 337.9992 338.26996 उठाकर
267.5938 458.03192 458.12885 267.69073 15.168869 14.919579 88.96913 89.21842 गया
267.63898 567.0254 567.1242 267.7378 176.79736 176.41772 254.32996 254.7096 समाज
7.158169 124.34508 124.3923 7.2053947 44.539413 44.385757 80.40355 80.557205 जवाब
161.55586 194.61043 194.64186 161.5873 44.32077 44.29193 80.32594 80.35478 न
