88.14913 143.12958 143.13531 88.15487 21.602512 21.592663 53.602543 53.612392 लोग
88.173996 128.15457 128.1569 88.17633 73.213936 73.209694 95.21186 95.2161 उस
88.17975 167.16893 167.17262 88.18344 101.81643 101.80855 138.81061 138.81848 खँडहर
186.46532 224.45155 224.45363 186.46739 104.80703 104.80458 136.80688 136.80934 की
243.75291 306.75293 306.7544 243.75438 114.80316 114.79904 136.80154 136.80566 तरफ
363.0166 406.47583 394.36322 350.904 182.72955 248.04382 256.10336 190.7891 जब
390.40726 431.47165 432.42203 391.35764 294.98602 293.48425 319.4715 320.97327 पर
6.000366 81.95463 81.9613 6.007042 12.014895 12.004105 59.012554 59.023346 हम
420.98883 514.04065 514.0455 420.99365 53.95729 53.948135 102.97456 102.98372 आप
368.06857 425.92087 408.3511 350.4988 144.74052 232.6332 244.19789 156.30522 बहुत
