546.4807 588.12366 584.58044 542.9375 245.94711 256.24704 270.57236 260.27243 इन
547.7098 597.32355 594.0505 544.4367 269.87296 283.13608 295.37967 282.11655 सब
386.65186 596.59106 596.6561 386.71692 13.765981 13.469036 59.456303 59.753246 जय
234.60928 270.99768 264.7998 228.4114 104.46115 116.145966 135.44716 123.762344 पर
103.25287 142.58162 143.56444 104.23569 163.62102 160.76381 174.29207 177.14928 एक
423.03876 577.2479 577.6046 423.39545 83.527016 82.14254 121.872734 123.25721 वह
74.27515 178.33488 178.387 74.327255 10.141714 9.842096 27.94002 28.239637 लगती
69.17455 126.23765 126.29656 69.23347 37.313534 37.095295 52.49779 52.71603 वह
66.50528 117.41608 117.51376 66.60297 53.637238 53.355896 71.032005 71.31335 भी
145.8728 246.27979 246.37253 145.96555 58.1463 57.406296 69.98845 70.728455 अटक
