106.56494 139.63945 140.88458 107.810074 165.20744 162.79204 179.84184 182.25725 वह
436.95242 483.95383 484.01614 437.01474 49.498833 49.249756 61.01352 61.262596 और
432.7315 500.43756 500.53455 432.8285 64.868675 64.31077 76.07885 76.63676 उनकी
428.15512 501.4611 501.59756 428.2916 80.256744 79.516785 93.036896 93.776855 कमाई
60.17367 131.95897 131.96693 60.181637 5.3441854 5.309126 21.626667 21.661726 उसी
55.3578 126.339905 126.3938 55.411694 32.742558 32.418087 44.209377 44.533848 तरह
148.45172 222.24332 222.28973 148.49814 27.936378 27.72461 43.896553 44.108322 चली
50.44946 107.122925 107.21423 50.540768 50.185165 49.892883 67.59786 67.890144 गई
141.2204 183.2385 170.538 128.5199 231.40588 253.66306 277.63956 255.38239 यह
405.32547 482.16464 482.22592 405.38675 25.543024 25.216469 39.635033 39.961586 स्तर
511.69772 566.5259 566.5642 511.73605 25.252296 25.10479 39.362114 39.50962 पर
