570.5377 594.1681 594.1727 570.54236 65.2401 65.23248 79.64885 79.65646 वह
321.25296 362.5804 360.8904 319.56296 106.37967 109.02139 135.4604 132.81868 मरते
103.068085 150.46843 150.4722 103.07185 40.24021 40.235092 75.185905 75.191025 और
170.00014 215.30824 215.31044 170.00233 51.543392 51.539154 75.183975 75.18822 उस
104.668365 142.15276 142.13756 104.65317 125.75299 125.77753 149.0177 148.99316 वह
521.28186 542.7604 542.7859 521.3074 6.288168 6.23971 17.54828 17.596739 जब
552.0519 580.75256 580.7894 552.08875 2.1052437 2.036625 17.47662 17.545238 उसने
286.76996 318.5125 317.42914 285.68658 97.81241 99.84752 116.745926 114.710815 रात
4.091626 28.858723 28.893658 4.126561 165.84338 165.7709 177.7102 177.78268 मन
562.3999 596.30005 596.29443 562.3943 84.78742 84.798195 102.30471 102.29394 पर
303.50604 367.36047 367.36615 303.51172 11.621368 11.612091 50.69899 50.708267 पीट
389.18817 454.06525 454.07135 389.19427 9.55092 9.541321 50.690567 50.700165 और
