525.75244 596.62317 596.98 526.10925 7.2687826 6.6116486 45.08735 45.744484 हृदय
337.16306 383.0319 380.83463 334.9658 77.03261 80.104065 112.917725 109.84627 पद्य
377.364 419.22833 419.23218 377.36786 7.850632 7.841263 25.128212 25.13758 गया
433.45245 466.11847 466.12323 433.4572 7.8388333 7.831211 28.167698 28.17532 वह
377.39813 415.1765 415.18317 377.4048 38.357346 38.344986 58.680824 58.693184 गश
429.40094 494.70392 494.70953 429.40656 40.376976 40.35582 57.63845 57.659607 खाकर
505.5949 534.0351 534.0595 505.61932 99.67572 99.64021 119.19368 119.22919 दिन
101.08508 135.67131 135.67773 101.09151 140.00372 139.99484 165.01596 165.02484 कोई
507.6433 552.8186 553.11194 507.93665 55.64629 55.177567 83.44411 83.91283 और
564.0602 596.81287 597.01196 564.2593 64.14145 63.80162 82.98862 83.328445 वह
311.9132 361.97656 361.98547 311.92212 12.945863 12.931671 44.46276 44.47695 सदी
547.94507 596.6427 596.6775 547.97986 102.06785 102.00467 128.84583 128.909 इस
51.69124 92.4059 95.000244 54.285583 91.207344 88.2441 123.89013 126.85337 दैव
220.62093 260.06122 260.06586 220.62556 147.00682 146.99669 164.984 164.99413 इस
559.37476 598.1527 598.3176 559.5397 44.30607 43.928673 60.872223 61.24962 कर
6.25605 86.12536 86.13914 6.269829 10.966406 10.941277 54.717873 54.743004 पर
157.8757 196.3937 196.39835 157.88034 147.01027 147.00035 165.00035 165.01027 यह
