285.43536 572.1472 572.1329 285.42102 47.591537 47.63246 147.99664 147.95572 निकलकर
5.64534 99.859215 99.794846 5.580972 94.1732 94.36403 126.14267 125.95184 गलत
120.44615 149.14346 149.136 120.4387 81.08292 81.08725 130.35583 130.3515 है
8.976631 75.5921 75.49211 8.876641 131.67946 131.83046 175.9391 175.7881 और
544.5232 564.18066 566.4657 546.8082 232.99112 231.28482 257.60962 259.31592 ताल
398.04694 446.18073 446.1855 398.0517 120.79001 120.78314 154.24802 154.25488 और
469.3058 511.18207 511.1795 469.30322 131.24509 131.24979 154.26517 154.26047 हम
534.3009 591.89734 591.8938 534.29736 131.2524 131.26128 154.2776 154.26872 कान
8.022079 115.4873 115.4018 7.9365873 37.261528 37.47027 81.48301 81.27427 बात
543.4464 557.4464 559.5459 545.5459 192.70264 191.48495 215.62366 216.84134 पर
203.41553 281.8379 281.83508 203.41273 70.168365 70.17401 108.84848 108.842834 करने
205.69925 262.16736 262.15826 205.69016 127.24255 127.256195 164.89761 164.88397 और
