308.19818 367.4018 367.39984 308.19623 26.57669 26.578506 90.06505 90.06323 हुई
310.55777 409.53665 409.5394 310.56052 118.234024 118.226105 152.61949 152.62741 भगत
-1.7451344 36.804016 43.808884 5.259737 209.15129 194.77242 213.55217 227.93105 तेल
-0.1510315 32.29914 37.945316 5.495144 245.0366 232.83746 247.85652 260.05566 यह
383.26648 424.19177 424.1949 383.2696 13.0130205 13.007439 35.61153 35.61711 बहुत
434.8871 474.74005 474.74243 434.88947 13.005081 12.9995365 30.223068 30.228613 जल्द
383.25528 410.17685 410.17917 383.2576 40.567608 40.564236 58.856747 58.86012 वह
422.05496 481.28336 481.28635 422.05795 34.10506 34.097607 57.771877 57.77933 आपको
384.4249 431.79526 431.79788 384.42752 61.657265 61.651955 85.317314 85.322624 अपनी
232.08984 282.9286 283.59552 232.75677 201.99252 200.4772 222.8523 224.36761 तरह
