128.11923 188.01013 187.99603 128.10513 6.03034 6.068182 28.362505 28.324663 गया
511.18768 577.2413 579.39594 513.34235 22.738846 18.217773 49.698074 54.219147 लगी
25.869446 61.874325 59.525513 23.520634 26.146202 30.570473 49.68519 45.260918 यह
84.409164 159.8399 157.48631 82.05558 33.300117 42.569046 61.72262 52.45369 कहकर
127.2171 160.04681 156.67493 123.84522 75.47739 79.19658 108.96065 105.241455 वह
391.92148 477.52267 476.46652 390.86533 60.732986 63.280975 98.76294 96.21495 खरोश
244.03583 299.91278 294.13318 238.25623 27.695808 43.640144 63.8948 47.950462 समय
303.29922 333.03757 329.637 299.89865 40.730885 49.21455 61.134716 52.65105 बात
507.9162 553.8808 553.382 507.41742 95.5299 96.90212 113.60963 112.237404 साहब
567.7777 593.9154 593.44775 567.31006 97.31727 98.09759 113.76038 112.980064 इस
