355.1384 403.1016 403.1025 355.1393 36.680527 36.67887 62.88521 62.886864 कर
476.39084 524.6647 524.6709 476.397 12.915234 12.901752 34.91905 34.93253 गया
529.73517 580.0041 580.2659 529.997 184.29752 183.85776 213.79144 214.2312 लोप
11.82518 82.320465 78.729034 8.2337475 324.57037 330.68378 372.09772 365.9843 आदि
451.84467 510.5171 510.50226 451.82983 111.921005 111.949036 143.00076 142.97273 कर
424.13968 474.43985 474.44534 424.14517 10.922772 10.915539 48.97186 48.97909 कोई
449.7204 501.99762 502.2683 449.9911 182.00734 181.54979 212.47768 212.93523 एक
15.8578 62.282593 59.970776 13.545981 283.0082 287.17337 312.94095 308.7758 अंदर
514.4737 579.1341 579.12115 514.46075 115.96393 115.99481 143.03354 143.00266 आप
539.7008 591.069 591.0819 539.71375 24.906557 24.885826 56.935883 56.95661 वह
430.12073 481.79285 480.84723 429.1751 68.92255 72.415405 86.40488 82.91202 अनाज
