18.849823 80.153336 77.75346 16.449953 334.14984 339.48193 367.0735 361.7414 आयी
525.6188 592.99084 593.3679 525.99585 154.41382 153.82153 196.70847 197.30075 उठी
452.8513 498.4152 498.3987 452.8348 110.91933 110.94072 145.99779 145.9764 तुम
432.17758 483.4929 483.5112 432.1959 9.921486 9.901066 55.976387 55.996807 दबे
8.809174 73.841324 71.97264 6.9404945 286.36908 292.2071 313.02313 307.18512 लाभ
440.75674 505.99643 506.2322 440.99252 186.0801 185.50905 212.44301 213.01405 बडा
370.35022 408.58728 408.5857 370.34863 43.20522 43.208164 63.980137 63.977192 यह
509.41724 572.0729 572.0585 509.40283 112.955185 112.98512 143.03017 143.00023 लगा
497.4783 580.04297 580.0665 497.50186 10.912229 10.875622 63.958813 63.99542 इसके
17.882317 51.757942 50.033363 16.157736 259.14835 262.24216 281.12527 278.03146 वह
228.86766 269.28253 269.28516 228.87032 7.7469907 7.741907 28.779758 28.784842 सफाई
279.46274 305.72153 305.7238 279.465 6.7398443 6.7366886 25.76297 25.766127 और
