495.0213 534.0489 535.63446 496.60687 214.9881 211.71045 230.59 233.86765 सब
542.6395 594.0957 592.7396 541.28345 179.50848 184.23819 198.99084 194.26114 आज
366.98755 496.06238 496.068 366.99316 70.963135 70.953094 142.98079 142.99083 लाद
167.68448 228.70633 230.98752 169.96567 135.9691 130.0168 153.40312 159.35542 अगर
170.47092 225.38022 229.23587 174.32657 176.13426 170.79326 210.43199 215.773 कोई
487.07773 548.1234 548.12683 487.08115 8.9099865 8.900963 31.916246 31.92527 आखिर
515.0312 580.07294 580.0749 515.03314 108.96458 108.95906 131.96933 131.97484 अपना
260.25314 313.81943 316.4318 262.8655 198.71013 192.68565 215.91347 221.93794 आपसे
327.00476 371.43518 374.2743 329.84387 191.20618 186.20898 211.45154 216.44873 कहने
226.46283 265.12253 267.69196 229.03226 161.43983 157.68123 184.10963 187.86824 पर
280.53806 329.3995 331.967 283.10556 156.16711 151.42056 177.85059 182.59714 रात
