65.01791 118.44034 112.26133 58.838894 191.08325 202.58905 231.27875 219.77295 तरह
-2.1111374 40.443962 46.479794 3.924694 20.722576 9.32246 31.853409 43.253525 बन
56.87094 95.915436 94.29256 55.24806 9.4403305 10.439865 73.8341 72.834564 पर
536.51733 589.2167 588.829 536.12964 22.33007 23.075554 50.48188 49.736397 वह
536.2833 589.34045 588.78125 535.7241 63.08377 64.15878 91.75723 90.68222 वह
486.778 524.8004 524.2525 486.23013 63.754646 64.99726 81.761696 80.51908 तक
53.428642 83.91695 82.984505 52.496197 73.30973 74.05746 112.07772 111.329994 कभी
213.9935 266.35376 252.20282 199.84258 132.78645 165.16212 188.04805 155.67238 गई
1.2532463 42.202564 50.00496 9.055641 51.727688 41.011818 70.82767 81.54354 वह
211.78886 258.91168 248.88695 201.76411 107.009476 136.07259 152.32668 123.263565 पर
