371.4174 416.99374 392.21042 346.63406 126.47914 174.50133 198.02238 150.0002 लगे
536.56494 580.8347 580.817 536.54724 116.125946 116.151825 146.48709 146.46121 लिए
10.1138115 57.184673 57.178898 10.108036 107.942375 107.955956 127.973045 127.959465 कर
72.241714 109.27605 109.26784 72.233505 99.96283 99.97331 128.98834 128.97786 रहे
456.39453 567.9667 567.92993 456.35776 7.10627 7.1679153 73.68564 73.62399 उनके
531.62885 578.32806 578.2861 531.58685 155.21599 155.30775 176.69765 176.60588 जब
163.02325 223.99527 223.98853 163.01651 110.003784 110.0159 144.01443 144.00232 एक
84.92578 191.23538 191.23987 84.93027 31.753408 31.744621 86.10127 86.11006 बढ़कर
326.8954 415.7705 415.72314 326.84802 8.000938 8.099663 50.748848 50.650124 पान
8.911438 69.98661 69.98778 8.912605 132.96318 132.95943 151.97395 151.9777 लगता
483.7823 515.906 513.8977 481.774 153.8553 157.98384 173.61021 169.48167 अब
