37.591156 229.73534 226.80078 34.6566 79.4418 86.497574 166.41199 159.35622 जान
443.44205 530.8893 530.91626 443.46896 17.970675 17.90562 54.096542 54.161594 साथ
443.30365 540.6114 540.6192 443.31146 97.718216 97.69655 132.76433 132.786 समय
72.465355 115.878624 115.11106 71.69779 57.154625 58.727135 79.91752 78.34501 अब
138.79892 178.21152 177.40695 137.99435 59.548805 60.97663 83.18534 81.757515 यह
325.8701 387.03482 387.06088 325.89615 6.0075784 5.9547462 36.121784 36.174618 अब
322.60724 390.6938 390.71057 322.62402 64.68797 64.64998 94.73497 94.772964 तक
418.23254 475.43713 475.4522 418.24762 64.623436 64.597404 97.70359 97.72962 वह
502.94592 587.4441 587.464 502.96582 53.51433 53.475327 96.64897 96.68797 बेहद
322.64127 451.72226 451.73764 322.65665 111.19449 111.14725 153.20068 153.24792 कमजोर
184.0139 245.82817 244.40517 182.5909 181.41055 183.75433 221.28409 218.9403 बात
232.52765 284.22675 283.12073 231.42162 117.97781 119.86105 150.2247 148.34146 सती
203.7972 280.88995 280.9339 203.84111 5.747701 5.665474 46.84 46.922226 करने
