477.99902 595.98755 595.9923 478.00378 67.98833 67.98065 141.01491 141.02258 पर
352.49023 389.87726 389.8672 352.48016 131.36438 131.3898 146.23914 146.21371 गया
266.0447 319.50473 319.15506 265.69504 80.83875 81.60142 106.112236 105.34957 बाहर
265.54373 333.44754 333.1467 265.2429 118.27124 119.23663 140.39563 139.43024 जाकर
454.04333 476.22205 469.95496 447.77625 180.95587 185.72192 214.88568 210.11963 हम
38.190773 122.652405 119.57604 35.114407 120.999985 128.0117 165.06895 158.05724 गऊ
384.67923 420.68417 420.70053 384.6956 16.33395 16.321186 62.36542 62.378185 थी
439.64566 499.64255 499.64194 439.64505 16.335407 16.336208 62.379734 62.378933 और
515.29315 581.2946 581.2929 515.29144 27.34877 27.352104 62.383278 62.379944 तरह
166.16313 207.28423 204.96931 163.84822 115.10156 118.53345 146.27081 142.83893 वह
176.95901 264.004 264.00357 176.95859 33.947975 33.948906 72.98527 72.98434 सफेद
