533.8579 554.4144 555.04956 534.49304 137.31696 136.23358 148.28494 149.36832 हद
562.02594 586.3936 586.9787 562.611 135.83244 134.54823 145.64888 146.93309 तक
296.826 378.9442 378.97968 296.86145 8.191396 8.089966 36.79686 36.89829 आज
405.3133 508.47693 508.5185 405.35486 8.057396 7.92997 41.58435 41.711777 समझ
5.0080147 39.022785 39.055904 5.041134 81.39366 81.34984 107.05899 107.10281 रंज
57.738907 89.7493 89.78049 57.770096 87.26527 87.21935 108.96606 109.01197 वह
5.078336 33.088234 33.114033 5.1041346 118.17383 118.13727 137.90143 137.93799 पर
51.7695 84.77385 84.80827 51.803925 109.21741 109.174835 135.85841 135.90099 बैठ
7.2831516 42.326996 42.35295 7.309107 12.114175 12.070427 32.86251 32.906258 पर
7.356512 46.384018 46.420494 7.392992 50.92512 50.86515 74.60474 74.66471 हम
