38.15553 80.760376 80.774216 38.16936 220.90599 220.87343 238.97887 239.01143 साथ
4.0 69.999985 69.999985 4.0 10.000008 10.000008 57.0 57.0 दिन
260.94254 298.9637 299.05167 261.0305 230.04749 229.90341 253.11838 253.26245 डर
275.99915 363.85175 363.81573 275.96313 15.257854 15.34454 51.81078 51.724094 उधर
160.0 209.0 209.0 160.0 10.0 10.0 30.0 30.0 बहन
238.36911 301.06766 301.03085 238.3323 54.81063 54.911263 77.85302 77.75239 प्रकार
103.62799 202.56781 202.53772 103.5979 83.17154 83.23601 129.41945 129.35498 बहुत
98.0 125.0 125.0 98.0 5.0 5.0 24.0 24.0 पर
228.04181 264.54327 264.5179 228.01646 22.561565 22.595776 49.629704 49.595493 पेच
55.311348 83.23548 83.22871 55.304573 91.74593 91.76063 104.63323 104.61854 रूट
