81.87214 116.04923 115.11208 80.93499 171.689 173.18436 194.60324 193.10788 हर
485.89175 578.1094 579.2118 486.99417 123.46792 120.499054 154.74362 157.7125 पक्षधर
257.2242 357.62894 357.56467 257.15994 10.024002 10.147873 62.250664 62.126793 रूप
112.227936 201.4848 201.45523 112.198364 81.0551 81.11229 127.26703 127.20984 बन्द
552.1517 595.3365 595.22906 552.04425 335.27914 335.49667 356.82883 356.6113 पर
258.1419 315.5019 314.94464 257.58466 331.7854 333.08032 357.76538 356.47046 बाद
323.00903 372.58704 372.02728 322.44928 333.2498 334.36905 359.1642 358.04495 वह
381.65863 432.1067 431.61743 381.16937 334.5738 335.7127 357.385 356.2461 उठ
367.64148 450.07208 451.27032 368.83972 81.225784 78.57027 115.765915 118.42143 जाय
4.8664207 62.893715 62.87293 4.845633 72.43617 72.46832 109.989334 109.957184 और
457.17697 469.9929 483.44522 470.6293 333.10226 325.6736 348.88168 356.31033 पर
15.34547 59.522297 58.218678 14.041851 161.9884 163.95801 193.19745 191.22784 हम
451.69415 588.11566 590.6689 454.24738 38.32876 33.936363 113.23698 117.62937 इस
141.22932 188.64043 188.62166 141.21056 133.68272 133.72029 157.41359 157.37602 कम
46.18567 96.588 95.517136 45.114807 127.16005 129.58156 151.8708 149.4493 रहे
