199.3588 273.403 273.3966 199.3524 30.439255 30.455063 60.441185 60.425377 आज
199.07495 284.209 284.21558 199.08151 76.8169 76.806946 132.77313 132.7831 अपूर्व
540.3381 581.00653 586.57086 545.9024 109.34173 100.65263 126.69605 135.38515 पर
448.04633 516.77795 520.1593 451.42767 101.85176 93.96619 123.43858 131.32416 लगा
330.3502 383.9902 382.96133 329.32132 104.13457 105.85826 137.8762 136.15251 एक
71.51466 156.71666 156.70253 71.500534 8.200623 8.232285 46.25096 46.2193 पाप
71.211914 173.48929 173.49323 71.21585 70.429405 70.4221 125.43989 125.4472 करने
544.90533 588.20856 592.26483 548.9616 139.16798 129.98085 149.10011 158.28725 समूह
334.45364 355.34305 354.67105 333.78165 178.36691 178.88547 205.95474 205.43619 बात
354.1149 447.01895 447.00577 354.1017 26.078987 26.101738 80.01626 79.99351 दिल
