171.815 267.815 267.815 171.815 27.199997 27.199997 67.2 67.2 उसकी
175.11499 233.11499 233.11499 175.11499 73.40001 73.40001 114.40001 114.40001 ओर
262.365 312.365 312.365 262.365 85.4 85.4 120.4 120.4 इस
341.615 404.615 404.615 341.615 85.4 85.4 115.4 115.4 तरह
481.685 500.685 500.685 481.685 61.6 61.6 92.6 92.6 ने
520.235 586.235 586.235 520.235 72.6 72.6 93.6 93.6 आकर
481.685 549.685 549.685 481.685 114.2 114.2 135.2 135.2 सलाम
481.685 539.685 539.685 481.685 144.8 144.8 176.8 176.8 करने
279.0 421.0 421.0 279.0 9.0 9.0 68.0 68.0 सवाल
486.81622 526.60486 523.04315 483.25452 259.51437 269.70578 283.61124 273.41983 शब्द
