374.05798 517.77246 517.7727 374.05823 113.16496 113.1646 209.74065 209.74101 और
287.63132 330.17154 330.20016 287.65994 13.56983 13.549095 72.22701 72.24775 के
354.03586 451.77725 451.77896 354.03757 28.520638 28.516853 73.372795 73.37658 ऊपर
475.62762 546.9214 546.92224 475.62848 28.51593 28.514526 73.37282 73.37422 एक
294.0087 377.94174 377.94193 294.00888 109.48566 109.48532 153.17645 153.17679 आध
287.72702 348.67123 348.6697 287.7255 180.07605 180.0776 239.84558 239.84402 इंच
71.5124 113.03167 109.05764 67.53837 227.10492 236.72067 253.87988 244.26413 एक
69.28786 157.85081 157.85362 69.290665 9.208931 9.204765 69.01057 69.01473 कुछ
187.80832 278.6543 278.6562 187.81021 9.203361 9.199089 49.455116 49.45939 कम
69.35657 130.32623 130.32732 69.35765 76.601875 76.60077 136.38943 136.39053 हो
160.28821 271.81006 271.81052 160.28867 93.84867 93.84747 135.24078 135.24197 मगर
