58.840614 99.65472 96.0404 55.226295 219.23888 228.69456 244.29527 234.83958 अगर
259.13986 340.7811 340.78226 259.14102 19.552504 19.549026 47.15355 47.15703 रखना
259.17007 325.86447 325.86533 259.17093 67.39837 67.39689 105.3449 105.34638 बहुत
261.7292 395.08313 395.08282 261.72888 115.23489 115.23627 142.83005 142.82867 आवश्यक
415.99164 437.83484 437.84625 416.00305 102.58563 102.57977 145.12999 145.13585 है
12.239548 38.619408 31.602592 5.222731 135.9891 150.9827 163.32816 148.33456 पल
346.69278 392.68375 392.68332 346.69235 150.87744 150.87805 183.06732 183.06671 को
414.86044 493.02402 493.03305 414.86948 161.25154 161.22697 189.94994 189.9745 पकड़
515.2155 564.6497 564.64923 515.215 161.2274 161.22829 185.37135 185.37047 कर
5.1793404 42.661716 36.09072 -1.3916552 189.41458 205.34659 220.80582 204.87381 भर
10.811333 46.06607 33.473106 -1.7816315 103.56258 123.63323 145.75319 125.68253 कर
83.306145 243.11859 243.12006 83.30761 43.942303 43.937164 89.93808 89.94322 लगभग
83.36177 223.63335 223.6339 83.36232 100.05841 100.05728 167.8865 167.88763 पहली
