272.4436 344.92944 344.10486 271.61902 4.2418327 7.3615875 26.520828 23.401073 करना
455.9869 529.95013 506.44675 432.48352 179.66907 213.3167 264.98105 231.33342 महान
31.49619 75.79874 90.53354 46.230988 127.04022 113.69675 162.61871 175.96219 तब
96.38823 179.20482 191.28014 108.46355 109.77671 89.10005 137.46552 158.14218 असल
280.4391 294.50824 341.74384 327.67468 262.2106 244.79944 282.96823 300.3794 रोज
8.656509 42.615326 55.13717 21.178354 52.396744 42.114693 83.47093 93.75298 इस
59.267014 113.18407 121.91499 67.99794 39.791817 26.353996 61.385414 74.823235 समय
358.43567 396.1084 394.80786 357.13513 158.30635 161.2094 178.08687 175.18382 चार
550.48724 597.0452 595.9528 549.39484 288.61646 291.13696 311.3152 308.79468 आज
234.51765 271.37128 279.6422 242.78859 95.728874 86.52699 119.65211 128.85399 एक
278.05328 321.0938 334.54608 291.50555 67.692696 56.278496 107.0042 118.4184 सिर
