99.7314 188.17741 194.61879 106.172775 121.60242 107.19592 146.74155 161.14804 बन
32.026634 56.237686 58.45939 34.248337 45.03006 42.577805 64.51258 66.964836 अभी
34.4584 57.85992 59.354404 35.952885 80.76968 78.408714 93.221886 95.58285 तक
378.5424 429.14572 426.84512 376.2418 238.39621 246.85104 260.6203 252.16547 नेक
49.528374 100.0476 100.956764 50.43754 259.17978 256.264 272.0165 274.93228 एक
74.73375 97.09401 99.2457 76.88544 9.599572 7.324936 28.47654 30.751175 पर
78.216156 103.6008 105.71556 80.33092 49.022903 46.454453 67.35516 69.923615 अब
406.3933 461.19525 458.7155 403.91357 225.67151 234.66559 249.77487 240.78079 अभी
221.07147 271.60623 275.5243 224.98953 329.63434 318.7555 336.95587 347.83472 लगी
46.764736 134.5866 140.0768 52.25494 138.90237 124.430725 157.74823 172.21988 तक
187.54054 215.04765 215.75139 188.24428 265.84607 264.20496 276.00006 277.64117 पर
105.79744 136.00696 138.41446 108.20494 35.9389 33.85929 68.83179 70.9114 मेक
148.00963 173.45116 175.3267 149.88518 39.73975 38.147163 68.108826 69.70141 इन
