140.7451 214.75404 219.55229 145.54335 320.53 312.18594 354.74472 363.08878 पर
258.60757 291.09164 291.15317 258.6691 103.88935 103.77848 121.8117 121.92257 इस
33.798416 106.99185 106.97928 33.785847 301.5304 301.55902 333.74683 333.7182 आप
246.03723 379.4892 383.81274 250.36078 222.40785 215.49185 298.9198 305.8358 उनके
337.24884 407.59338 377.7827 307.43817 36.1485 85.69237 128.0189 78.47504 सब
287.3807 370.43283 375.46347 292.41135 373.7677 364.39185 408.9535 418.32935 कर
14.8569565 50.448555 50.466103 14.874504 332.6223 332.59674 357.01447 357.04004 पर
374.2258 427.64175 401.24466 347.8287 4.265518 41.848175 79.36615 41.783493 वह
217.07822 281.91592 286.2587 221.42099 350.9198 343.60516 382.10004 389.41467 लिए
157.6237 246.99861 250.15596 160.78105 428.51428 421.57892 462.2672 469.20258 बारह
318.21338 369.11414 334.15283 283.25208 91.449905 127.34413 176.92195 141.02773 हुई
