7.6328964 66.69872 66.66401 7.5981817 229.71011 229.76376 267.9738 267.92014 यह
7.6005325 79.805626 79.77858 7.573487 289.9817 290.03937 323.89642 323.83875 बात
99.40242 157.357 157.33372 99.37914 290.05493 290.0902 328.3133 328.278 वह
357.12875 419.34988 419.35684 357.1357 25.174805 25.16008 54.535995 54.55072 भीतर
441.26028 490.5825 490.58755 441.26535 34.55707 34.545826 56.87164 56.882885 आए
357.10498 459.20355 459.2091 357.11053 71.22832 71.2117 105.27072 105.28734 आनंदमई
479.814 544.401 544.4061 479.81912 70.03297 70.02218 100.55953 100.57032 उनके
355.79758 406.24155 406.24405 355.80008 126.65321 126.64693 146.5988 146.60509 पास
193.5683 301.48868 301.49695 193.57657 56.4644 56.44713 108.11401 108.13129 भीतर
193.60812 267.46802 267.475 193.61511 134.89124 134.88123 186.49838 186.50839 घुस
193.63121 270.99127 270.99597 193.63591 180.40988 180.40265 230.82245 230.82968 सके
90.35625 143.15858 143.16603 90.36369 27.35283 27.340439 59.057335 59.069725 एक
164.77412 244.55565 244.56578 164.78426 14.409243 14.389568 55.511024 55.530697 औरत
267.48865 308.56537 308.57397 267.49725 14.383909 14.3753395 55.500694 55.509266 को
90.405846 147.89093 147.89893 90.41384 70.81359 70.80241 111.892586 111.90377 जोर
