4.8636513 50.7927 50.75234 4.823287 145.49373 145.55669 174.99883 174.93587 हर
328.93768 497.99005 498.0019 328.94952 7.7770476 7.743683 67.679886 67.71325 समय
328.90613 549.4933 549.50085 328.9137 98.70066 98.67967 178.49948 178.52046 नकली
13.880096 142.88568 142.82303 13.817451 190.65475 190.78024 255.16727 255.04178 सुलभ
13.844681 143.979 143.94025 13.805924 262.02948 262.11194 323.28156 323.1991 सतीश
78.61436 150.1832 150.18924 78.620384 16.780653 16.76316 41.43586 41.453354 समय
173.1052 211.82126 211.82672 173.11066 16.757557 16.748974 41.423824 41.432407 पर
78.65285 126.76454 126.77287 78.66118 48.501324 48.490974 87.2439 87.25425 कई
78.70412 129.14766 129.15407 78.710526 90.77631 90.76743 127.15333 127.16221 दफे
152.05302 194.27522 194.2801 152.0579 101.32945 101.32242 130.66533 130.67236 वह
