4.3643494 145.02002 166.61899 25.963318 73.431244 38.326355 124.86752 159.97241 उनका
486.13773 528.94934 494.8356 452.02402 186.7868 212.8628 268.8707 242.79471 पोस
76.42675 111.63677 124.29893 89.088905 18.109455 7.8292465 51.197506 61.477715 वह
385.28656 425.17902 423.80756 383.9151 159.44984 162.52394 180.32158 177.24748 मत
274.59665 309.85977 309.16525 273.90213 8.467035 9.990717 26.063581 24.5399 कोई
322.17325 353.4802 353.04758 321.74063 15.124577 16.483223 26.451668 25.093021 खत
233.43718 256.59464 324.33728 301.17984 262.27817 233.79529 288.87216 317.35504 एक
149.2908 208.64676 215.72705 156.3711 83.849785 69.039925 97.41685 112.22671 वनस्पति
218.39717 246.90764 255.1414 226.63094 66.61685 58.763367 88.65436 96.50784 और
372.60513 397.02493 396.55014 372.13034 34.693043 35.770153 46.53446 45.457348 और
