219.50769 257.83817 243.32935 204.99887 112.1693 136.52377 159.3586 135.00412 एक
376.7538 407.15012 407.1389 376.74258 170.5624 170.5815 188.44218 188.42308 पर
234.26804 308.21143 297.71152 223.76814 203.1464 219.31213 267.33954 251.1738 पर
364.69574 540.94165 541.1337 364.88782 327.43033 327.16574 455.12338 455.38797 और
171.2435 188.08957 188.03964 171.19357 128.0061 128.08588 138.62946 138.54968 पर
337.58063 407.78754 396.7558 326.5489 208.965 224.30878 274.7856 259.44183 मर
496.95953 595.11237 595.20026 497.04742 184.64658 184.47736 235.48001 235.64923 उसी
496.9376 594.06335 594.1394 497.01364 313.0394 312.88223 359.87057 360.02774 तरह
31.256485 81.289925 81.34691 31.313469 208.84044 208.75655 242.74467 242.82857 वह
31.257542 103.290726 103.35782 31.324635 249.62576 249.50784 290.48788 290.6058 कौन
