11.597183 49.67646 51.147728 13.068449 341.43915 339.38947 366.7226 368.77228 हम
530.74866 563.2401 567.5078 535.01636 252.99428 247.05685 270.41095 276.34836 रहे
449.64432 499.89883 492.931 442.67648 115.20961 125.57866 159.34883 148.97978 कटे
95.29039 140.68532 141.06503 95.670105 414.25073 413.331 432.07147 432.9912 यह
228.67545 292.69064 295.48972 231.47452 321.71545 313.61035 335.71765 343.82275 लगे
530.1344 594.25916 598.1289 534.00415 229.94003 217.57642 237.64722 250.01083 भाग
13.504757 55.04546 55.115803 13.5751 182.257 182.07622 198.2379 198.41869 जगह
13.457329 54.974617 55.10797 13.590683 210.5158 210.17177 226.26509 226.60912 बारह
391.96603 432.90152 428.03482 387.09933 109.23212 117.67355 141.27377 132.83234 पर
560.0213 595.2745 599.50275 564.2496 258.0708 251.77057 275.42957 281.7298 रहे
