404.43588 460.17673 454.3796 398.63876 105.925064 117.41791 145.53435 134.0415 पहले
422.02145 460.77518 446.4919 407.7382 182.37402 195.27701 238.17645 225.27347 इस
552.0049 586.7943 576.12415 541.3347 363.65292 378.20206 403.71622 389.16708 इस
557.3923 594.3244 594.35834 557.4262 420.18466 420.09158 433.5701 433.66318 पता
14.855549 34.721333 34.8315 14.965717 211.5111 211.3437 224.41795 224.58534 पर
462.45712 514.91766 510.27695 457.8164 116.68266 127.48988 150.01683 139.20961 पास
463.0281 511.4913 504.05154 455.58835 216.79175 229.98743 257.31104 244.11536 माल
9.881544 62.30047 62.41967 10.000746 180.24875 180.0354 209.3234 209.53674 और
454.66132 484.30396 481.05414 451.4115 142.07607 148.19753 163.93456 157.8131 घर
23.677343 56.291786 56.473442 23.859 227.50616 227.15826 244.18765 244.53555 बस
