5.8319054 118.23078 122.084946 9.686066 33.098606 24.42025 74.33792 83.01627 जिस
317.06995 358.7953 358.8468 317.12146 3.7191277 3.5898247 20.203613 20.332916 पर
546.8983 596.83435 596.4092 546.47314 14.147133 15.04129 38.7837 37.88954 आज
238.27881 267.11118 267.16397 238.3316 302.25266 302.19144 327.04678 327.108 सब
448.57327 514.4888 514.6261 448.71066 335.96442 335.51337 355.5868 356.03784 शायद
63.361107 110.14919 110.2196 63.43151 128.44176 128.339 160.39522 160.49797 पर
402.31454 446.13394 468.887 425.0676 43.288788 8.8407135 37.78357 72.23164 यह
432.00677 485.29614 485.61243 432.32306 311.71246 310.9228 332.26703 333.0567 यह
285.04047 323.6053 323.6632 285.0984 4.6852694 4.5635567 22.922771 23.044483 इस
239.24536 286.87595 286.85345 239.22287 330.5332 330.57715 354.9419 354.89795 तरफ
40.946922 85.394165 85.328026 40.88078 165.06282 165.15276 197.83961 197.74968 पत्र
