106.15559 141.11235 152.32358 117.366806 70.97173 60.83259 99.48559 109.62473 और
468.78094 505.8462 478.55518 441.48993 211.11295 233.6721 278.5119 255.95274 पर
284.94238 358.7176 357.76807 283.99286 153.54164 159.27232 171.49635 165.76567 आपका
355.81332 406.87552 406.14304 355.08084 14.741077 16.9532 33.861137 31.649015 रहा
258.369 278.8586 334.20755 313.71793 262.9476 237.63406 282.4354 307.74893 एक
4.8121223 38.441032 45.808086 12.179176 102.754555 94.36633 123.9013 132.28952 आपने
51.053425 81.31767 86.389725 56.125477 102.071175 94.52206 114.8558 122.404915 समय
20.356081 50.57241 55.593506 25.377176 152.81116 145.26794 165.38129 172.9245 समय
60.531296 75.95868 82.18921 66.761826 142.7858 138.12384 158.74191 163.40387 पर
84.801384 121.07403 127.85786 91.58521 128.15614 119.10121 146.27617 155.3311 कठिन
392.19745 429.41174 428.25134 391.03705 154.32729 157.20717 172.20222 169.32234 तब
277.71143 349.08234 348.28937 276.91846 5.9992065 9.075462 27.472569 24.396313 अपनी
