486.22418 518.7177 518.46466 485.97113 250.79535 251.29712 267.68427 267.1825 इधर
48.542637 143.19545 143.20518 48.552372 31.040276 31.016731 70.168175 70.19172 लगता
33.808426 116.400635 116.35503 33.762817 257.08698 257.2199 285.56207 285.42914 गर्दन
536.8795 563.19006 563.03174 536.7212 256.1008 256.50803 266.7372 266.33 तरह
572.37836 593.59064 593.43243 572.22015 256.65826 256.98657 267.20776 266.87946 लग
1.8642492 26.979591 26.986908 1.8715639 17.530998 17.521889 37.69057 37.69968 हर
2.9024086 46.44882 46.449657 2.9032478 55.360027 55.35811 74.3515 74.353424 साल
45.755608 107.17456 106.8818 45.462845 312.04153 312.8541 334.98367 334.1711 झुक
106.93109 168.61938 168.34851 106.660225 312.85086 313.66696 334.1418 333.3257 आए
498.7917 558.16925 563.86725 504.4897 140.08385 128.86363 159.01772 170.23793 कर
21.692055 62.11738 62.132454 21.70713 98.88904 98.87009 131.02582 131.04477 लिए
522.0611 591.1845 597.31195 528.18854 98.50342 85.13086 116.80411 130.17667 चलते
