11.130615 87.93081 90.87636 14.076164 195.68214 191.27309 242.58098 246.99004 यह
495.3404 577.3422 584.9733 502.9715 120.473236 104.8746 144.99106 160.58969 अभी
427.72845 517.8899 517.05176 426.89035 196.04121 198.809 226.11128 223.34349 काम
82.739105 129.8536 129.85883 82.744316 45.121178 45.115044 85.1161 85.12223 हुए
44.125412 120.25696 119.95441 43.82286 311.25504 312.2499 335.40262 334.40775 ठहर
122.772064 188.70804 188.41391 122.47794 312.28275 313.14438 335.6531 334.79147 कर
8.136906 67.35382 67.36603 8.149113 7.4094853 7.3829727 34.649216 34.675728 जगह
8.3514385 64.90342 64.90644 8.35446 50.34874 50.343857 85.31209 85.31697 मधुर
21.776833 90.42305 90.38545 21.739237 257.06763 257.1781 280.54193 280.43146 अभी
90.81119 145.74893 145.68745 90.74972 263.0567 263.21277 284.85382 284.69775 इन
77.92739 132.6885 132.69882 77.937706 13.861163 13.83963 40.082066 40.1036 तरफ
