307.234 359.4638 369.5921 317.3623 72.47138 62.81507 117.59782 127.25413 और
536.6537 589.0355 569.8345 517.45264 24.652084 56.289448 88.080475 56.44311 रहती
53.954407 463.29175 463.32233 53.984997 280.78857 280.713 446.52832 446.60388 धड़कन
154.35359 276.16785 292.67175 170.8575 56.063225 32.916687 119.77253 142.91907 काम
486.70078 527.58826 508.68527 467.79776 13.563866 38.383663 69.52401 44.704212 भर
330.98108 572.1627 572.0978 330.91614 447.81067 447.91907 592.43835 592.32996 बहुत
374.18463 435.38312 446.61212 385.41364 67.191154 55.581993 114.77659 126.38575 कुछ
243.28955 284.89368 284.89 243.28589 426.93195 426.93665 459.2343 459.2296 और
242.75357 279.76923 279.7642 242.74855 481.2135 481.2218 503.46277 503.45447 कर
243.24274 285.9717 285.96393 243.23495 525.0153 525.0306 546.8442 546.8289 एक
