133.88968 383.2266 383.27005 133.93314 225.50896 225.43494 371.82782 371.90186 सहमे
141.52084 285.2102 285.18994 141.50058 454.69305 454.71747 574.0992 574.07477 हुए
486.97656 593.22046 576.55066 470.30676 4.0593033 68.29303 95.86517 31.631443 सकारात्मक
227.37053 308.81006 324.8155 243.37596 53.31576 37.896057 122.429016 137.84872 और
479.94006 597.4785 597.4608 479.92233 393.4322 393.45728 476.34338 476.3183 और
359.09357 407.11816 413.19214 365.16754 91.36206 82.24318 114.23186 123.35074 अश्व
343.70844 423.91864 423.90936 343.69916 492.73694 492.76154 522.99347 522.9689 पटक
440.88794 573.09937 573.08923 440.87778 492.7608 492.802 525.3493 525.3081 पटककर
343.1293 421.76468 421.74667 343.1113 532.1825 532.2152 575.5099 575.4772 कमरे
148.71349 223.55827 232.24843 157.40364 118.89262 104.65877 150.3536 164.58745 कहा
