26.956123 73.8622 56.512802 9.606729 140.26494 199.6332 213.34071 153.97246 सहमत
74.719955 94.34248 79.27379 59.65126 187.40013 192.95695 246.16841 240.61159 हुई
321.5329 372.80225 372.82227 321.55292 88.883354 88.83723 111.10473 111.150856 अब
328.96158 398.2507 387.18063 317.8915 154.90492 185.75093 210.61754 179.77153 उसकी
474.27353 524.8037 528.4675 477.93735 172.51678 162.38928 180.66959 190.79709 कुछ
476.9522 533.41705 538.4775 482.01263 188.57678 177.09955 201.99548 213.47272 कोई
15.600973 45.14705 27.385973 -2.160102 179.5304 216.20206 230.51202 193.84036 हुआ
7.55764 33.968933 21.769394 -4.6418996 213.05508 245.31265 255.30118 223.04361 नजर
34.208935 63.194107 51.14133 22.156158 245.60577 281.00696 290.8753 255.4741 आता
35.824245 86.33826 94.54739 44.033386 32.16459 18.120483 47.64724 61.691345 एक
91.545364 109.59923 98.90828 80.854416 215.427 220.74727 257.026 251.70573 तीन
81.68709 103.682205 92.87892 70.883804 248.88025 276.31128 284.9737 257.54266 बाल
337.91342 383.48648 374.56357 328.9905 141.7423 162.03084 182.07396 161.78542 लाभ
221.94359 277.02954 280.45288 225.36693 244.83064 238.29926 267.172 273.70337 थीम
