41.09605 67.26108 50.724323 24.5593 114.30643 121.0853 184.91379 178.13492 देश
216.52406 254.47588 246.88261 208.9308 72.95337 83.86203 110.27936 99.3707 पर
342.2113 396.4521 383.6969 329.45612 144.79793 168.94496 197.59654 173.44951 कहा
234.77206 306.3074 306.33762 234.80228 5.2742887 5.2268143 50.793587 50.84106 पंद्रह
323.25024 376.97528 377.00397 323.27893 88.88178 88.83346 120.68969 120.738014 और
489.23007 538.53625 543.5602 494.254 179.69699 169.72879 194.57901 204.54721 उसे
22.436214 109.74957 61.059048 -26.25431 153.1623 262.92804 301.659 191.89323 इंतजार
61.496765 81.431366 70.415405 50.480804 155.88547 161.33105 201.65698 196.2114 और
50.60997 90.63603 76.39308 36.36702 193.84053 244.06133 255.41298 205.19218 झांककर
220.71088 264.53802 266.98935 223.1622 243.85843 238.60492 259.05502 264.30853 खोज
473.90527 515.09515 517.9303 476.74042 174.14703 165.88062 180.00754 188.27396 उस
