408.2104 458.30792 470.601 420.50348 143.86133 118.80231 143.37839 168.43741 उनके
211.54948 246.91414 244.30363 208.93898 15.491005 19.987648 40.51838 36.021736 यह
490.0338 524.7306 525.5579 490.86115 169.46239 167.97334 187.25133 188.74037 कर
283.55182 369.94733 370.21667 283.82117 222.17024 220.88527 238.99516 240.28014 कलमदान
283.98016 317.0631 317.41168 284.32874 249.86888 249.37708 272.82422 273.31604 पेश
230.11557 280.2168 277.41757 227.31636 186.96191 192.95807 216.34705 210.35089 कर
355.96213 387.1578 389.70798 358.5123 21.328665 16.241291 31.879072 36.966446 किस
360.13776 392.38593 394.38458 362.1364 47.233143 41.96983 54.215725 59.47904 जगह
139.90584 244.42537 245.02702 140.50749 231.7643 230.21118 270.7013 272.2544 खबर
210.09407 247.4594 245.28923 207.9239 164.0517 168.53418 186.6243 182.14182 घर
257.67944 303.30933 307.67175 262.04187 65.78681 58.332733 85.03713 92.49121 वह
349.78577 397.82983 398.32104 350.27698 244.84065 244.1264 277.1667 277.88092 सिर
422.1506 456.32785 456.66043 422.4832 253.35751 252.8497 275.2335 275.7413 पर
