48.81829 78.56542 70.02201 40.27488 78.763535 84.05107 132.11542 126.82788 उठने
474.49585 613.77844 590.5614 451.27884 3.507019 40.148407 128.4018 91.76041 उनके
249.74902 412.33978 401.51923 238.92845 95.41754 136.16193 179.3414 138.59702 रखकर
249.57132 416.80893 402.80222 235.5646 159.93875 199.67477 258.625 218.88898 सन्तोष
47.872154 97.05392 81.40937 32.227608 12.663086 21.198837 111.34042 102.80467 हठी
32.11476 78.30647 64.07008 17.878372 117.51137 125.56673 207.20207 199.14671 और
494.16333 608.16187 592.6782 478.6797 349.81143 372.89963 449.35056 426.26236 समस्त
538.0685 594.2291 584.45605 528.2954 120.53027 134.81244 173.24219 158.96002 पसंद
133.40488 213.39526 205.36475 125.37435 222.13159 240.32266 275.63474 257.44366 अब
247.86597 330.2702 322.38452 239.98027 248.83157 267.57156 302.24686 283.50687 तक
363.9925 441.74823 434.00946 356.25372 275.9201 293.60303 327.6322 309.94928 चल
