8.0290985 53.132893 53.10112 7.997327 6.213234 6.2848854 26.284359 26.212708 लोग
8.0290985 42.106323 42.084633 8.007409 39.412437 39.46524 53.463463 53.41066 उस
8.0290985 75.16321 75.13194 7.9978347 60.61194 60.707336 82.70677 82.611374 खँडहर
88.49925 119.56384 119.53531 88.47072 60.731552 60.77588 80.770584 80.72626 की
132.89908 181.96048 181.94052 132.87912 66.79518 66.86519 80.859634 80.78963 तरफ
257.79724 285.43903 288.1543 260.5125 72.60329 68.59677 87.33006 91.33658 घर
458.1919 559.14026 559.0664 458.11807 4.7581215 4.9104652 53.84366 53.691315 उठा
284.67825 322.49136 325.01663 287.20352 265.8903 261.85806 285.53928 289.5715 और
212.3551 247.14902 253.24545 218.45154 210.52332 199.41388 218.5075 229.61694 पर
189.88577 233.42258 233.41818 189.88138 244.20377 244.2106 272.2034 272.19656 इस
261.78748 343.7859 343.7859 261.78748 508.0498 508.0498 558.0023 558.0023 कोई
369.12738 548.9567 548.9567 369.12738 512.07007 512.07007 556.0055 556.0055 जबरदस्ती
351.47818 372.80576 372.0992 350.77164 380.20944 381.2728 395.4446 394.38126 यह
