373.92657 417.38812 428.3861 384.92456 268.99255 252.76965 282.23346 298.45636 और
389.10675 437.62982 445.21014 396.68707 319.72217 301.68488 322.07703 340.11432 साथ
491.28055 547.6387 559.9796 503.6215 401.80676 369.62378 391.235 423.41797 अब
42.72278 82.3495 91.59456 51.967834 140.69626 122.85474 143.38837 161.22989 सकता
87.74846 118.82123 128.11499 97.04222 120.29382 106.303635 126.94545 140.93564 अगर
343.00708 387.3853 395.9585 351.58026 362.0062 345.55173 368.6738 385.12827 बाप
449.1382 499.88882 511.53195 460.78134 424.75455 395.74948 416.1216 445.12668 पर
520.0392 593.16565 600.0094 526.88293 424.9845 390.82544 405.47626 439.6353 उनका
435.65787 471.3865 476.51657 440.78793 352.6811 331.0912 339.5808 361.17072 समय
475.4835 496.27225 501.42032 480.63156 328.55215 316.0533 324.61588 337.11472 पर
438.23206 464.599 472.35522 445.98828 368.2986 352.60916 365.64395 381.3334 कई
126.580246 175.7022 192.80354 143.6816 67.030106 44.80722 82.608444 104.83133 पास
300.17584 358.39105 369.0749 310.85968 275.71506 253.94235 282.5085 304.28122 करना
537.6356 587.12415 594.55334 545.0648 389.15012 361.17227 374.31332 402.29117 आज
557.73065 595.0889 601.3298 563.9715 427.1294 410.03174 423.66803 440.7657 जेल
11.192215 64.26976 79.738655 26.66111 370.97733 333.18088 354.90384 392.7003 दफ्तर
8.248115 29.884491 42.339813 20.703438 140.60378 133.89476 174.06285 180.77187 नई
21.885124 51.754356 63.521263 33.65203 195.94019 182.72241 209.31299 222.53076 तरह
