247.84491 326.4668 340.75732 262.13544 302.0265 272.66876 310.9397 340.29742 संतुलन
3.1773682 36.201687 45.528893 12.504574 284.23984 264.238 279.63785 299.63968 इतना
19.651093 59.8637 68.56425 28.351639 312.79553 288.48853 302.8824 327.1894 कहकर
5.7982492 29.548275 40.493996 16.743969 122.9705 115.636154 151.08057 158.4149 भुन
17.532677 42.96308 52.35215 26.921745 172.2103 160.83716 181.83118 193.20432 कर
13.6384945 33.508392 40.98443 21.11453 26.607313 22.228874 56.156067 60.534508 लिए
104.6739 148.90048 170.53537 126.308784 168.64369 124.15498 145.6624 190.15111 जब
362.61176 458.36072 476.86237 381.1134 295.91223 260.31915 310.0904 345.68347 कहा
32.324688 56.273968 65.81142 41.86214 113.36602 106.265305 138.4332 145.5339 पीठ
47.334858 63.59167 70.26199 54.005177 163.9923 159.17232 181.66994 186.48991 पर
43.568188 66.63182 76.9928 53.929165 16.856363 12.05439 61.817635 66.619606 रह
370.37234 444.2415 441.41965 367.5505 78.39375 82.53731 132.84352 128.69997 हम
281.27316 341.61496 356.31516 295.97336 357.41013 335.019 374.6345 397.0256 इस
77.01259 111.38919 124.9335 90.5569 86.00189 76.559494 125.86978 135.31218 सके
123.35247 151.45682 160.48932 132.38498 81.00689 73.84017 109.26124 116.427956 यह
218.35114 302.64743 298.9671 214.6708 102.79553 108.138336 166.2052 160.8624 सूरत
