16.612688 48.174896 60.564903 29.002695 366.09576 343.59583 360.97614 383.47607 खत्म
168.45221 187.36563 193.20291 174.28949 48.390854 43.978867 69.00223 73.414215 कम
319.44797 447.81393 444.3588 315.99283 129.04976 137.50627 189.95366 181.49715 समझता
363.14584 445.95688 466.6664 383.85538 285.6686 254.87582 310.56985 341.36264 पर
13.350218 50.384407 67.45743 30.423239 290.9032 268.50922 296.74384 319.13782 दिन
4.017597 43.498066 61.77448 22.29401 113.19915 101.027435 160.30927 172.48099 यही
209.18286 316.54028 313.71448 206.35704 104.39725 111.00836 156.89667 150.28555 भारत
246.97093 334.27304 348.63428 261.33218 287.73672 255.09525 293.50552 326.147 शायर
4.1818542 24.314705 34.32521 14.192361 330.8626 318.70074 335.27222 347.43408 और
50.839836 73.85196 86.215904 63.203785 349.3157 332.9288 350.29147 366.67838 घर
56.170006 83.21807 93.99218 66.944115 107.63911 99.90764 137.60025 145.33171 इस
84.36054 136.46204 154.32532 102.22382 83.46202 59.886322 99.363556 122.939255 विषय
