22.50182 50.379368 63.96799 36.090443 183.2065 174.57475 218.46129 227.09303 हुए
448.26865 548.43945 574.9321 474.76126 338.66113 279.56433 324.4701 383.5669 कर
6.8364735 49.75183 66.194824 23.279465 315.7457 289.82266 317.0439 342.96695 सब
10.363255 79.00386 79.29524 10.654644 14.573042 14.181824 65.30647 65.69769 जाकर
376.0166 467.18744 419.05292 327.88208 63.895294 97.02237 229.49619 196.36911 और
124.714554 162.10295 182.86342 145.47502 160.75879 123.26395 143.96545 181.4603 उस
20.43303 42.16883 54.07985 32.344048 357.8955 342.3861 359.07892 374.58832 पर
2.777382 41.8211 58.590427 19.546711 278.3198 254.68576 282.3889 306.02292 एक
3.6090388 19.51353 27.171257 11.266766 393.98193 382.65814 393.41357 404.73737 कर
45.04683 79.60272 92.86165 58.305756 103.477516 87.790405 116.99746 132.68457 अपने
61.491722 78.872795 85.79197 68.4109 147.73856 142.72507 166.71292 171.72641 घर
358.23923 393.33072 406.16873 371.07724 421.98938 401.27734 423.02826 443.7403 बजे
204.0727 300.44727 295.28534 198.91077 112.03108 118.61821 194.14116 187.55403 वह
