3.3592186 84.51027 91.64284 10.491779 130.17645 110.04028 138.78531 158.92148 कह
2.749504 122.63796 131.84189 11.953423 166.80807 136.4061 172.70123 203.10321 सकते
260.40085 333.67313 334.98978 261.7175 192.88394 189.70145 220.01605 223.19855 और
549.8235 597.2875 596.9746 549.5106 25.484566 25.987549 55.512535 55.009552 ओर
505.65173 594.1162 594.08496 505.62048 310.2364 310.29333 358.8282 358.77124 यह
4.2294884 41.393417 39.616283 2.452353 224.79964 228.4334 246.60893 242.97517 पर
120.313255 207.97076 214.58392 126.926414 113.72491 91.806625 118.25457 140.17285 उसकी
375.5887 473.36856 473.3409 375.56107 321.568 321.62506 369.042 368.98492 कहा
286.1018 338.636 338.60742 286.07324 279.00537 279.04773 314.50153 314.45917 और
286.1844 352.51703 352.497 286.16437 324.0037 324.04153 359.13486 359.09702 अपने
