295.5868 494.80957 494.80383 295.58105 156.47064 156.47968 282.99014 282.9811 पर
197.35107 275.14557 252.6377 174.8432 136.01001 170.33154 221.34875 187.02722 यह
493.9682 545.24695 545.23126 493.95255 91.92386 91.94815 125.005615 124.98132 पर
6.703661 35.14805 27.274115 -1.1702731 202.83618 216.39288 232.91379 219.35709 कम
248.10626 374.60876 374.6369 248.13438 11.983192 11.943977 102.64856 102.687775 पर
380.36154 395.89316 439.09213 423.56052 327.98404 309.48557 345.75613 364.2546 पर
68.45747 100.95648 92.25226 59.753254 170.5756 184.91484 204.64244 190.3032 तय
63.59015 138.47702 138.47327 63.586388 5.6385803 5.644394 54.16551 54.159695 रहा
405.38098 421.5072 466.2561 450.12988 307.87653 288.90002 326.9276 345.9041 पर
115.819244 205.22153 185.78815 96.38586 163.783 203.19966 247.2772 207.86055 करते
