394.48965 454.58853 453.0377 392.9388 99.67882 103.3987 128.45468 124.7348 तरह
3.562996 78.19401 78.46242 3.8314056 33.32511 32.949196 86.23695 86.61287 पर
284.23517 340.31848 347.36633 291.28302 183.83794 168.31749 193.78496 209.3054 दिन
86.381134 197.24432 204.42178 93.55859 146.83551 119.11139 147.81259 175.53671 उपचार
68.449066 92.95044 92.98003 68.47865 296.11276 296.0944 335.52304 335.5414 अरे
159.5173 227.387 227.20032 159.33063 8.380653 8.680038 50.999794 50.70041 घर
369.54648 435.967 448.0457 381.62515 68.55171 14.822487 29.754211 83.48344 बच
28.511768 99.621994 99.67801 28.567783 5.851715 5.7006683 32.06859 32.219635 एक
336.0111 391.29962 397.66705 342.37854 167.55803 152.23427 175.2082 190.53197 एक
85.60071 162.07898 171.63077 95.152504 103.688805 84.67572 123.0969 142.10999 तक
12.031071 58.314327 58.295216 12.01196 298.9135 298.94843 324.30017 324.26526 सकता
245.41446 284.34454 284.2784 245.34831 5.9319572 6.033539 31.382809 31.281227 भर
