376.66412 412.72357 425.22632 389.16687 395.0001 376.92252 401.8618 419.93936 एक
459.0608 538.1935 541.5072 462.3745 376.80902 366.96533 393.60388 403.44757 आकर
139.64565 254.29027 254.49608 139.85146 150.86824 150.53697 221.76735 222.09862 चले
321.91763 379.27402 374.08603 316.72964 384.981 400.97336 419.58005 403.58768 रहा
468.7084 565.2333 565.5397 469.0148 11.24935 10.786942 74.738106 75.200516 लाजपत
246.57388 297.59872 297.60318 246.57834 207.91158 207.89915 226.27864 226.29106 समय
311.4627 342.49377 342.49847 311.4674 207.89577 207.88823 227.32936 227.3369 वह
413.2581 464.1429 469.3085 418.42368 9.271279 4.871208 64.60894 69.00901 शरीर
147.52396 193.88257 193.999 147.64038 135.68765 135.52115 167.94016 168.10666 और
549.5452 588.0485 592.15497 553.6517 60.011692 57.248962 114.47954 117.24226 और
