475.58582 567.1438 566.9989 475.44095 4.657448 5.0659943 37.537758 37.12921 वजह
358.0308 399.17026 404.87692 363.73746 192.09216 175.10803 188.93091 205.91504 लगी
141.13417 178.46228 159.34734 122.01923 255.89899 297.1186 314.4289 273.2093 इस
175.88666 224.24075 199.92322 151.56912 280.47528 334.2611 356.12286 302.33704 लोक
181.58948 206.8158 209.2919 184.06558 40.73295 37.619316 57.68049 60.79412 तुम
280.69183 335.5514 334.68024 279.82068 141.78156 143.83578 167.10114 165.0469 अब
354.1176 399.12024 398.10712 353.1045 144.48276 146.17273 173.15082 171.46085 वह
156.20786 182.1065 173.64026 147.74161 225.9519 229.75116 287.4632 283.66394 भर
284.08362 336.42932 335.5407 283.195 177.85483 179.8699 202.9534 200.93832 गया
115.72647 151.03378 140.68253 105.37521 272.40875 276.93536 357.67456 353.14795 और
