474.49234 517.2965 510.10013 467.296 53.34941 68.42111 88.8589 73.7872 पर
312.9323 348.43402 369.20416 333.70245 194.97144 164.5662 188.81781 219.22305 पर
162.45517 241.07193 293.07663 214.45987 274.34225 188.34827 235.8916 321.8856 काट
354.76053 402.76315 418.14694 370.14432 42.652054 35.476166 138.38487 145.56076 करते
532.612 598.93097 592.95074 526.6318 162.76375 187.428 203.50807 178.84383 परन्तु
532.17285 593.54517 589.1565 527.7842 192.51501 215.85486 227.3949 204.05505 चरण
531.8077 590.6943 583.40656 524.51996 222.43005 245.58647 264.1191 240.96269 हुआ
531.4715 592.0081 585.2391 524.70245 246.91257 271.1852 288.06747 263.79483 भली
482.7942 535.1811 527.1674 474.78052 224.72263 245.74408 265.71478 244.69333 पर
549.7128 594.5998 588.9925 544.1055 145.90701 162.23734 177.65005 161.31973 और
