6.0074234 49.039238 48.09082 5.0590053 151.26741 153.19627 174.35484 172.42598 अगर
210.02051 278.60898 278.106 209.51752 171.59808 173.91379 188.8118 186.4961 उसका
238.51044 295.3786 295.37982 238.51166 19.147882 19.145973 55.43673 55.438637 खुद
238.64624 306.83032 306.8307 238.6466 71.40267 71.40176 97.31237 97.313286 ऊपर
327.54846 404.00623 404.00684 327.54907 61.035126 61.033783 97.311615 97.31296 जाओ
427.01382 479.71884 479.71945 427.01443 61.03339 61.032463 97.311676 97.3126 और
28.68443 127.85068 127.851395 28.685146 15.629146 15.62569 36.36379 36.367245 ज्यादातर
155.60909 213.47911 213.47984 155.60982 15.624728 15.622715 36.361813 36.363827 समय
565.02563 594.71985 594.6925 564.9983 105.51482 105.53053 157.32716 157.31145 पर
480.34897 561.9763 561.9779 480.35056 16.6506 16.647793 61.236996 61.239803 जान
