452.12152 517.833 517.9317 452.2202 45.292183 45.17832 102.13645 102.25031 करते
529.8799 578.69385 586.66174 537.8478 45.234425 39.358444 105.55031 111.426285 रहते
465.38123 550.7675 550.9771 465.59082 145.97484 145.67372 205.11009 205.41121 उत्सुक
139.6941 180.83727 176.91273 135.76958 366.45322 374.3807 394.7487 386.8212 कर
69.33822 117.65434 108.542305 60.226177 274.86557 299.61874 317.4047 292.65152 किए
9.078386 65.63297 65.65909 9.104502 8.248845 8.208004 44.378597 44.419437 समय
71.46811 98.73129 105.320145 78.05696 8.242718 3.811535 44.349964 48.781147 पर
17.334509 53.35002 63.922554 27.907042 56.658722 50.63514 113.84924 119.872826 कई
28.152174 64.551605 73.446655 37.047226 120.08825 114.002426 167.20386 173.28969 दफे
79.02007 110.0951 117.64045 86.56542 130.63953 125.56534 171.77414 176.84833 वह
214.28865 237.91966 247.25533 223.62431 32.281937 28.724762 90.743484 94.30066 ये
256.88812 292.26904 299.44257 264.06165 50.22148 45.058914 94.221725 99.38429 एक
308.7204 377.357 377.41882 308.78223 50.17868 50.073853 90.54468 90.649506 गलत
