138.69804 183.0942 182.73503 138.33888 416.66757 417.4349 438.21457 437.44724 कोई
4.6693316 31.211494 32.444424 5.902261 83.43913 81.1366 95.34897 97.651505 सिर
13.935505 59.018696 60.454845 15.3716545 195.46564 192.58655 215.07492 217.95401 हाथ
42.000813 114.84665 118.91362 46.067783 20.294737 14.073296 61.69274 67.914185 अंदर
126.6214 194.85727 199.27121 131.03534 10.060954 4.2296486 55.879963 61.71127 रहने
235.69344 285.6078 287.1098 237.19545 182.64859 179.45715 202.94882 206.14026 बस
25.448177 42.781696 49.181065 31.847546 37.530746 32.719696 55.775696 60.586746 और
222.02122 297.8003 300.71863 224.93956 334.60355 323.41342 343.1763 354.36642 उठना
111.144424 152.1208 153.53899 112.56261 76.46327 72.90085 89.21344 92.77586 गया
146.22475 167.52806 168.35442 147.0511 193.99078 192.63211 205.58923 206.9479 कर
177.57637 211.9576 212.7831 178.40187 192.00449 189.81177 202.7557 204.94843 करना
191.79195 225.76653 227.73418 193.7596 34.17757 31.272747 54.286312 57.191135 वध
