171.99103 241.10489 238.34274 169.22888 148.41693 164.8912 176.4791 160.00482 उतना
363.68246 407.81375 396.41507 352.28378 89.35147 97.2742 160.76733 152.8446 घर
433.3224 476.79095 463.8896 420.42102 94.28169 102.99811 167.33696 158.62054 पर
502.08826 525.1954 511.3576 488.2505 101.89664 107.0148 169.4885 164.37033 न
238.35852 259.97675 255.82788 234.20964 62.817703 65.86926 95.26112 92.209564 राम
231.09393 252.38403 248.3616 227.0715 114.28229 117.28754 145.78372 142.77847 राम
515.3584 574.16724 570.22314 511.41428 238.17758 245.8406 276.10928 268.44626 करते
558.7113 589.8235 587.67456 556.5624 72.11436 74.685555 100.68853 98.11733 पास
550.1612 568.49506 561.2924 542.95856 125.071945 129.42598 159.75456 155.40053 वह
464.5683 504.7151 501.50793 461.36115 242.98746 248.21548 272.84384 267.6158 और
