32.640938 93.78345 89.99802 28.855503 134.41838 141.29005 174.97188 168.1002 हम
216.64415 235.40718 235.46437 216.70134 142.6127 142.51459 153.45187 153.54999 वह
12.792168 157.81091 157.81271 12.793968 20.80025 20.795227 72.79916 72.80418 आपको
187.5376 293.54663 293.55957 187.55054 20.799877 20.773506 72.77536 72.801735 अपने
125.20215 168.62491 164.8247 121.40194 123.81209 130.58516 154.9486 148.17552 और
51.101807 95.3233 93.08331 48.861813 112.04846 117.01662 136.95477 131.98662 यह
496.75385 530.5318 533.10004 499.32208 137.6941 132.0425 147.39171 153.04332 कम
404.60315 443.6079 443.60797 404.6032 79.19948 79.199326 98.20076 98.20091 एक
457.8089 490.8153 490.81537 457.80896 79.19886 79.19872 97.20049 97.20063 डग
505.01788 541.0251 541.0253 505.01813 79.198326 79.197914 102.200386 102.2008 इस
392.98935 431.9968 431.99777 392.99033 23.988098 23.986801 53.99492 53.996216 हुए
