93.6069 121.820435 126.964966 98.751434 48.656693 42.09491 64.21472 70.776505 तक
218.1622 282.75095 277.8821 213.29337 196.5715 210.50711 233.07321 219.1376 आदत
241.68466 288.04333 286.67935 240.3207 24.576164 28.206299 45.62465 41.994514 गया
43.601753 89.536514 75.38813 29.453373 343.0905 366.81213 394.20917 370.48755 बांकपन
350.8432 443.06976 432.07556 339.849 315.64972 350.40454 379.57904 344.82422 अपने
96.65826 122.51902 120.485634 94.62487 340.01154 340.92456 398.51703 397.604 लगे
12.82683 48.26493 52.710342 17.272242 62.66759 54.40995 73.48767 81.74531 सवाल
58.264618 74.37027 77.96358 61.857925 51.164192 48.298073 68.490005 71.356125 पर
183.03818 251.18161 248.82004 180.6766 19.983826 25.319824 55.47821 50.142212 पत्र
549.8609 582.3337 582.29755 549.82477 373.54575 373.6193 389.59213 389.5186 उसे
