25.029375 76.45635 78.572556 27.145578 14.600526 8.71756 27.216736 33.0997 आसन
87.015366 124.28058 126.40283 89.13762 7.456125 3.193184 21.74521 26.008152 जमा
80.59555 186.64932 186.09842 80.04465 125.12598 125.79596 212.9978 212.32782 सकते
99.186005 223.50424 223.36343 99.045204 240.56293 240.7575 330.71204 330.51746 इसलिए
236.2909 321.6529 321.4994 236.13737 242.37915 242.54486 321.62897 321.46326 उसने
202.61455 230.49852 233.3257 205.44173 44.12076 41.674904 73.906204 76.35206 लग
244.91177 285.23828 284.88712 244.56061 44.676888 45.15915 74.52282 74.04056 सका
297.689 337.86966 337.51926 297.3386 45.370796 45.85131 75.15224 74.67172 आज
208.8866 233.06479 236.40991 212.23172 107.80426 105.65454 143.27774 145.42746 इन
316.263 414.85608 416.71832 318.12524 129.61475 127.871185 233.17596 234.91953 बहुत
445.57245 571.15405 570.0401 444.4585 100.51291 101.89136 203.37378 201.99533 विजय
326.44232 398.5102 400.8062 328.73834 276.05966 274.21146 363.741 365.5892 भरी
