99.449356 246.67653 247.83708 100.60991 44.162422 42.843918 172.43484 173.75334 और
90.17885 215.55879 215.6439 90.26396 265.9935 265.8649 348.834 348.96262 इस
267.26074 456.22382 456.30988 267.3468 264.91278 264.71893 348.5871 348.78094 महल
544.7013 593.22095 588.2953 539.77563 185.0999 197.79066 216.62273 203.93196 और
554.76276 594.4747 588.3538 548.6419 150.81087 167.90373 182.1244 165.03154 कह
539.2086 603.92957 593.64526 528.9243 92.10266 122.49185 144.39478 114.005585 लानत
253.66907 394.19867 394.84088 254.31128 98.829796 97.55327 168.25381 169.53035 उसने
274.1731 317.9029 318.4073 274.6775 20.945326 20.326694 55.98294 56.601574 आ
342.4442 384.28308 379.65118 337.81232 0.6713562 3.9379425 63.264305 59.99772 गई
402.2925 489.10507 489.61337 402.8008 18.859211 17.631107 53.560963 54.789066 उसका
270.3313 354.04443 354.46478 270.75165 81.00507 80.05106 116.93841 117.89242 आहत
