18.797554 53.367558 42.283134 7.713131 104.804245 122.185356 144.23163 126.85052 वह
540.518 597.4958 592.5881 535.6103 179.37244 194.22357 213.05249 198.20135 एक
190.68954 330.99008 331.47574 191.1752 139.68074 138.62022 202.86751 203.92802 बादल
357.87262 478.8954 479.44147 358.4187 137.91528 137.07657 215.87225 216.71097 बहुत
185.90442 366.74316 366.97913 186.14038 224.7406 224.24463 310.28717 310.78314 नजदीक
396.4732 466.9328 467.09875 396.63916 247.72339 247.49377 298.4251 298.65472 आ
560.5453 599.35205 593.2467 554.43994 148.89458 165.57097 179.77834 163.10194 उठ
565.69806 594.398 584.9993 556.2994 59.326538 72.79826 92.821075 79.34935 डार
221.77597 296.51395 297.11636 222.37839 18.439877 17.396946 60.565617 61.608547 उनके
311.3418 360.22217 360.6952 311.81482 31.2169 30.546516 65.03424 65.70462 घर
564.7704 599.34143 595.84937 561.2783 203.0192 212.14731 225.37277 216.24466 वह
373.64673 486.4909 475.35742 362.51324 -3.999771 5.5700836 136.85191 127.28206 ऐसे
