372.6948 486.90982 469.1885 354.97348 117.44232 170.6557 208.69202 155.47864 अभी
496.00037 586.6854 573.8419 483.1569 185.94417 227.91087 255.66408 213.69737 तक
530.8108 580.03467 579.2495 530.02563 26.3642 28.195087 49.30386 47.472973 बात
133.4349 276.9906 275.73727 132.18156 113.03932 115.68962 183.57756 180.92726 भीतर
144.2959 244.42245 243.67023 143.54367 221.64691 222.74997 291.03113 289.92807 घुस
156.19638 259.694 259.29294 155.79532 292.60257 293.30704 352.2305 351.52603 सके
550.59424 584.35425 578.167 544.407 241.91818 257.2431 270.87326 255.54834 उस
550.8932 600.93555 594.9031 544.8607 272.21426 294.49612 308.0444 285.76254 समय
357.27408 402.23642 401.51596 356.55362 19.83479 21.69122 39.140125 37.283695 लगा
404.39792 466.75735 465.7454 403.38596 15.258701 17.912651 41.691017 39.037067 सकती
472.3244 515.1138 514.40936 471.61996 24.585064 26.35178 43.414555 41.64784 अगर
272.98804 439.00293 438.33154 272.31665 233.65439 234.37729 388.56192 387.83902 कल
313.52032 379.04865 367.52924 302.00092 98.10451 128.4892 153.33217 122.94747 इस
306.78323 360.9366 360.34012 306.18674 15.978867 18.233126 32.562523 30.308264 गठन
23.905548 144.95749 144.34747 23.295534 253.24194 254.28363 325.17273 324.13104 और
39.18467 127.42662 127.3119 39.069946 367.25693 367.46085 417.10678 416.90286 वह
