44.79313 114.63613 114.153435 44.310432 193.6165 194.68877 226.13005 225.05779 समय
56.79934 124.69552 124.35041 56.45423 251.86176 252.64252 282.65326 281.8725 समय
136.97018 174.88 174.53677 136.62695 252.94739 253.38336 283.2304 282.79443 पर
65.84245 105.9926 115.81038 75.66023 295.7322 288.1616 340.22958 347.8002 कई
76.69357 114.870895 124.424286 86.24696 348.3739 341.15698 391.69403 398.91095 दफे
135.8073 174.3694 174.24797 135.68587 360.8249 360.98572 390.1043 389.94348 वह
456.78925 550.0864 548.9572 455.66 18.995514 22.938461 49.659607 45.71666 जानवर
488.55408 539.0719 530.0351 479.5173 181.30774 204.70306 224.21628 200.82095 वह
489.51898 552.40735 543.6777 480.78934 224.24442 252.61311 271.96518 243.59648 तरह
194.00674 255.62979 265.3888 203.76575 186.73491 179.33987 260.6618 268.05682 गये
360.65097 438.5566 425.49533 347.5897 117.311005 153.49121 181.61572 145.43552 बात
543.4233 593.4831 584.94037 534.88055 212.23854 235.34245 253.85225 230.74834 पर
