231.22661 254.11745 250.59477 227.70393 223.2774 229.27884 242.71518 236.71375 पर
15.184517 74.90546 74.858284 15.137348 35.01847 35.119415 63.02455 62.923607 समय
86.532684 117.83946 117.764145 86.45737 35.10762 35.191986 63.140175 63.05581 पर
16.133308 61.49313 61.33515 15.97533 86.68976 86.85097 131.29984 131.13863 कई
17.25689 60.126083 60.345535 17.476341 147.88022 147.67212 192.88052 193.08862 दफे
71.4316 106.58462 106.40952 71.25651 163.25732 163.47891 191.25464 191.03305 वह
18.640007 55.297653 55.055473 18.397827 223.20544 223.51624 252.08203 251.77124 इस
66.5589 115.49629 115.25528 66.31789 221.68744 222.09894 250.762 250.3505 शहर
258.83725 315.16946 320.7803 264.4481 200.86769 192.24129 228.88118 237.50758 और
117.48039 142.69528 142.36409 117.1492 51.751747 52.075203 77.892555 77.5691 पर
116.64282 153.44821 153.32468 116.51929 101.85876 102.042 126.8567 126.673454 जमा
360.4105 388.54123 375.20486 347.07413 176.86833 199.99883 216.21819 193.08769 पर
162.64389 217.07898 216.96799 162.5329 10.012405 10.144455 55.903084 55.771034 धन
160.5876 247.12074 246.79585 160.26271 81.75191 82.2265 141.46614 140.99155 संचय
