118.55771 161.01672 167.09344 124.63443 101.98619 94.78816 130.63283 137.83086 एक
174.53827 220.84048 229.39145 183.08923 77.631744 69.76816 120.11774 127.98132 ऐसी
7.6157455 66.2818 70.08863 11.422577 379.88962 373.69077 409.71872 415.91757 गया
9.6977005 48.860558 53.14714 13.984282 314.94934 309.75067 342.04236 347.24103 गए
365.04773 569.17834 574.3943 370.26367 177.45651 171.12204 339.2081 345.54257 फिर
27.404156 61.15476 71.67786 37.92725 32.1149 24.756653 73.0237 80.38194 और
42.31688 116.285904 123.05461 49.085587 103.660995 91.10411 130.97664 143.53352 झांककर
539.11676 594.9721 596.1423 540.2869 365.05435 363.21548 398.76065 400.59952 एक
18.783628 54.87652 62.140038 26.047148 188.91762 172.2129 187.90678 204.6115 बाद
170.07031 194.14822 187.94537 163.86746 304.14996 315.03687 328.7553 317.8684 रहा
1.8007097 27.986053 35.666225 9.480881 71.099266 64.94663 97.633095 103.78573 यह
16.869263 48.481354 53.381653 21.769562 132.31375 126.96304 155.91415 161.26486 कर
