538.5522 580.165 571.7679 530.1551 44.340096 51.245003 101.85082 94.945915 और
124.354836 220.28326 223.93253 128.00409 99.60117 93.81984 154.37125 160.15257 अपने
16.82986 62.50098 62.39494 16.72382 5.2677307 5.50589 25.840477 25.602318 और
477.276 527.876 527.52734 476.92737 179.27695 179.77017 215.54291 215.04968 करते
542.07465 577.23224 569.7039 534.5463 172.51796 178.6599 221.75328 215.61134 और
471.50287 533.65454 533.3744 471.22272 227.5029 228.21075 252.80536 252.0975 सम्मान
466.9776 504.30096 503.9901 466.66675 264.25543 264.7403 288.67078 288.1859 भाव
372.401 432.8321 442.97034 382.53925 81.55212 73.68829 151.5975 159.46133 रहे
216.74661 263.3572 273.26736 226.65677 226.3636 220.05984 293.3366 299.64035 उसी
284.9953 344.09534 348.18073 289.0807 240.6554 235.96027 287.38525 292.08038 समय
235.35916 275.13284 282.88998 243.1163 340.43607 334.97922 391.51938 396.97623 एक
290.65952 329.99142 337.86118 298.52927 315.78 311.55466 384.8107 389.03604 दफे
530.0404 579.78186 579.34424 529.6028 234.79193 235.39789 271.32318 270.71722 भरा
517.2751 576.6895 575.971 516.5566 298.18655 299.1049 345.58835 344.67 हुआ
512.6983 568.7309 568.15497 512.1224 358.93292 359.9157 392.75024 391.76746 थाल
212.35297 376.03528 381.69183 218.00952 78.24777 68.219635 160.54742 170.57556 रहती
352.82034 377.02737 380.1478 355.94077 308.16727 306.15598 343.71225 345.72354 पर
