15.588322 52.2749 54.872814 18.186237 318.84412 313.9823 333.58575 338.44757 बल
361.29877 537.40765 540.3199 364.211 106.226715 100.88464 196.8898 202.23187 संपर्क
366.66412 577.39197 579.4078 368.67993 262.80423 256.08902 319.34756 326.06277 उपदना
251.31146 318.72156 328.19904 260.78894 119.40353 99.01366 130.34668 150.73656 सखी
330.7541 388.16608 389.5506 332.1386 350.33514 348.45715 390.7824 392.6604 इस
412.38412 461.9863 463.5106 413.90842 334.52902 332.91287 379.69504 381.3112 भरे
169.50258 194.62932 187.94435 162.81761 302.61963 313.9865 328.76373 317.39685 और
483.9143 522.401 523.1121 484.62543 349.0349 347.7746 369.4906 370.75092 सबसे
484.55975 515.7597 516.2224 485.02246 380.05743 379.02625 393.02484 394.05603 बङा
485.76428 547.9331 548.71497 486.54614 395.7537 393.68936 417.2346 419.29892 आन्दोलन
557.50836 581.75165 582.2139 557.97064 400.8843 400.07755 413.96957 414.77634 बन
215.03796 256.20053 264.57098 223.40842 147.55237 135.1359 162.88531 175.30179 और
