47.685856 97.558044 108.86519 58.993 64.29535 54.02478 108.93036 119.20093 एक
195.86789 251.45297 274.0537 218.46863 240.88681 178.78653 199.01614 261.11642 नाम
229.78087 282.98572 305.12604 251.92119 279.00024 220.09564 240.09363 298.99823 गया
39.062317 110.913025 108.23999 36.38928 225.3902 230.36908 268.94397 263.9651 उस
239.33789 305.47687 318.6402 252.50122 118.107376 98.13698 141.73195 161.70235 उसे
151.45085 186.55434 192.76439 157.6609 94.83346 88.77672 124.7687 130.82544 उन
256.76343 275.61536 289.8556 271.00366 188.67323 167.60909 180.35378 201.41792 और
105.437256 162.50082 160.58978 103.526215 252.42755 256.53687 283.0744 278.9651 कल
114.1823 183.76237 192.74171 123.16164 32.3185 20.422623 72.94356 84.83944 कुमार
200.0364 263.0548 270.34317 207.32477 17.583735 6.866249 49.72155 60.439034 महल
4.4036217 40.99105 39.537468 2.9500375 247.16592 249.80972 269.92575 267.28195 हम
