380.06732 448.6148 450.81464 382.26715 90.5424 86.48592 123.65945 127.71592 जल
494.8084 568.35925 567.33246 493.7816 335.27408 336.5709 394.81076 393.51395 ऊँट
254.6088 363.2711 368.48007 259.81778 77.271774 70.65059 156.1365 162.75769 इतने
478.91727 517.04224 506.9725 468.84753 162.38185 168.17015 234.49516 228.70686 गई
461.27295 576.1564 575.5177 460.6343 232.72943 234.19464 284.26862 282.8034 कमलिनी
31.04441 77.74619 77.59672 30.894934 5.3374214 5.56641 36.05279 35.823803 क्षण
40.146996 166.22443 169.08893 43.011513 80.85731 73.53479 122.85537 130.17789 आनंदमई
178.6345 255.95833 258.47083 181.14702 73.241066 68.776375 112.2907 116.755394 उनके
53.17211 119.43568 121.40009 55.136528 151.23445 147.16377 179.14104 183.21172 पास
3.7145386 33.30672 33.212505 3.620322 44.74059 44.903606 62.006405 61.843388 कर
