491.72803 555.8386 595.9562 531.8456 39.633545 19.920197 150.38815 170.1015 वह
12.068802 34.212704 33.022404 10.878503 138.92668 139.8368 168.79778 167.88765 हम
207.02689 229.0141 229.01727 207.03006 164.06415 164.05875 177.02222 177.02762 रहा
246.61783 340.94247 340.94614 246.62149 71.02631 71.01963 123.01586 123.022545 कह
470.3399 533.243 533.32635 470.42328 116.33448 116.18936 152.32321 152.46832 समय
242.00708 278.9842 278.98767 242.01056 162.0608 162.054 181.00291 181.00972 सही
500.458 529.1914 529.2219 500.48853 186.03038 185.98653 206.00893 206.05278 यह
339.52322 385.74112 385.74484 339.52695 24.949907 24.945297 62.006683 62.01129 उठे
149.21722 161.75305 160.69861 148.16278 156.40678 157.07918 176.73744 176.06505 हर
282.98456 324.97845 324.98413 282.99023 166.04185 166.03047 186.97514 186.98653 दस
401.6332 439.7957 439.79892 401.63644 21.936747 21.932869 53.99272 53.996597 धुन
