16.449799 144.91528 145.2214 16.75592 29.74619 29.34134 126.48114 126.88599 पर
193.20047 445.84512 445.8508 193.20615 15.943904 15.917297 70.00277 70.02937 मोहनसरूप
2.4649277 19.998676 19.984177 2.4504275 137.77963 137.80493 147.8555 147.8302 करना
24.605038 35.602623 35.58811 24.590527 137.81158 137.82745 147.87726 147.86139 उन
2.2284718 15.298945 14.63336 1.5628866 153.34335 153.86957 170.40201 169.8758 लिए
20.15915 31.211948 30.689762 19.636963 157.43874 157.9019 170.36299 169.89983 एक
336.47214 370.62204 370.6243 336.4744 5.3003535 5.2965317 25.347282 25.351105 उस
379.6681 434.84827 434.85052 379.67035 5.2955174 5.289339 25.340635 25.346813 समय
236.01085 276.98236 276.98712 236.01561 156.07817 156.07094 182.99806 183.0053 दिन
149.05632 168.62257 167.22707 147.66081 150.0253 151.07391 177.113 176.06439 यह
