506.89368 574.38885 573.99146 506.49628 189.70216 190.39851 228.91878 228.22243 जगह
492.65112 555.19543 554.50134 491.95706 267.30225 268.1911 317.02734 316.1385 मधुर
286.96207 406.9783 411.98764 291.9714 70.01744 62.76439 145.65411 152.90717 और
15.131577 60.218582 60.06964 14.982637 4.2395782 4.4599457 34.933212 34.712845 लिए
423.90115 474.21848 473.7734 423.4561 348.5107 349.3591 375.75638 374.908 नजर
483.08893 544.7854 544.1806 482.48413 340.03204 341.07233 376.94348 375.9032 रखती
40.23266 140.62 142.41641 42.02909 150.11583 143.97719 173.35481 179.49345 आकार
158.3047 220.02882 222.54808 160.82396 131.03102 127.25661 168.45476 172.22917 और
29.319733 155.5824 159.87057 33.60791 75.885956 68.41403 140.87677 148.3487 हलके
224.28671 315.64645 328.38364 237.0239 251.09897 240.97867 355.96188 366.08218 अटल
