28.438889 100.02185 102.959946 31.376984 122.5691 118.2323 166.72852 171.0653 वह
130.5247 203.3321 206.25154 133.44414 116.69375 112.28276 160.47067 164.88167 यह
2.7623062 38.664936 39.55559 3.6529617 10.29247 9.482674 48.97025 49.780045 पड़
482.80432 596.8463 596.3192 482.27725 190.5606 191.79424 240.51744 239.2838 उठकर
478.85065 537.16595 525.8703 467.555 261.0716 270.24274 342.0669 332.89575 बैठ
56.46971 130.49402 131.97147 57.94716 77.182556 73.00313 99.17111 103.35054 लाकर
201.54141 326.90982 333.19034 207.82193 78.84703 71.0936 172.6462 180.39963 और
43.61409 84.306854 84.186806 43.494045 6.419029 6.6191864 31.024796 30.824638 हाथ
505.65137 546.65015 537.4182 496.41943 334.6017 341.63943 395.42123 388.3835 पिए
206.88312 286.91736 298.58014 218.5459 299.1033 288.8574 379.95926 390.20517 महत्व
