172.51239 189.20938 163.134 146.43701 405.18964 416.22754 455.67163 444.63373 पर
109.033844 130.66066 115.89876 94.27194 90.3822 101.56139 130.11914 118.93995 पर
256.41855 327.96347 330.72525 259.18033 30.506464 28.121254 110.96122 113.34643 और
253.65305 341.72098 343.3677 255.29977 156.54724 153.90701 208.8345 211.47473 कल
52.10981 86.45927 87.40066 53.0512 384.78192 383.42255 407.21008 408.56946 परख
5.859848 73.08274 72.80738 5.584491 194.01988 194.57503 227.9175 227.36235 इस
79.649826 132.73807 133.26735 80.17911 316.65582 315.3039 336.08868 337.4406 काम
395.9273 578.6945 583.559 400.7918 42.28454 37.06494 207.39807 212.61768 कल
95.387115 118.98027 113.895935 90.30278 374.24188 377.7453 411.98505 408.48163 बहुत
340.20862 408.83124 411.22375 342.60114 15.636368 13.693275 98.18794 100.131035 और
