70.24139 98.5189 98.938805 70.66129 158.80919 158.2025 177.77406 178.38075 एक
104.146324 150.75668 151.30954 104.69918 151.8814 150.88142 176.6505 177.65047 मिनट
160.14601 232.60728 237.39854 164.93727 96.19503 89.792984 144.0227 150.42476 गई
157.45122 234.6056 238.54237 161.38799 171.612 164.30603 205.8801 213.18607 इस
83.045685 148.98163 146.70013 80.76418 4.9596367 8.886356 47.196213 43.269493 यह
45.24511 107.679985 107.6825 45.247627 563.42584 563.42084 594.5357 594.5407 कस
111.7166 163.18375 163.18013 111.71299 563.7089 563.7153 593.08453 593.0782 कर
250.7655 335.7859 329.18402 244.16365 128.77188 149.38501 176.61475 156.00162 लेकर
181.91496 239.5092 243.36977 185.77553 7.514394 2.8482323 50.49905 55.16521 गई
65.29512 127.772354 126.230545 63.753307 45.10251 49.052956 73.43714 69.486694 आप
98.65451 132.80626 133.41672 99.26497 123.49599 122.74327 150.44035 151.19307 पडे
