5.6926804 74.093216 74.23523 5.834694 565.82837 565.48254 593.5713 593.9171 अन्य
276.42047 336.5605 336.56378 276.42377 566.3991 566.3903 588.65643 588.6652 गया
348.464 410.52655 410.511 348.44843 563.8973 563.92914 594.2404 594.20856 इधर
8.014465 93.36529 93.37268 8.021858 201.41373 201.40314 260.92 260.9306 सूरत
16.932442 118.863304 118.980095 17.049232 280.00955 279.83792 349.21274 349.38437 इसकी
32.380005 152.90738 153.04059 32.513214 390.13443 389.75497 432.06168 432.44113 भयानक
411.79156 468.297 468.2928 411.78735 566.46466 566.4743 591.342 591.33234 अन्त
70.782135 141.38345 141.284 70.68268 52.543274 52.75229 86.34549 86.136475 लाकर
157.01422 216.09341 215.99411 156.91492 52.8497 53.024628 86.566696 86.39177 पटक
289.85168 364.85767 364.96704 289.96106 370.09607 369.88904 409.5121 409.71912 सकता
384.88156 461.43015 461.59067 385.04208 351.31998 351.1086 409.24515 409.4565 उसकी
