6.4656734 30.87096 30.859373 6.4540854 10.479763 10.497089 26.82053 26.803204 अभी
5.840418 25.52823 25.50884 5.821028 38.130474 38.162052 50.251614 50.220036 तक
31.058315 40.70316 41.053722 31.408878 38.17091 37.8979 50.282597 50.555607 न
46.49138 73.00225 72.97382 46.46295 32.119972 32.15728 52.357353 52.320045 नहाई
180.15823 355.04776 357.39938 182.50986 101.09639 97.27446 204.88268 208.7046 इस
76.55082 110.602196 110.59118 76.5398 5.188671 5.206978 25.696224 25.677917 कहा
5.790756 73.90839 74.49659 6.3789597 266.68954 265.84354 313.2034 314.0494 बनी
5.921776 51.34837 49.965595 4.5390015 333.35773 334.43335 392.83197 391.75635 हुई
172.84674 218.26782 218.23206 172.81097 6.234371 6.297703 31.95377 31.890438 काम
229.53528 524.4911 525.0736 230.1178 208.0222 207.20026 416.23596 417.05792 अपने
