4.5299797 34.29272 35.281906 5.519165 21.501469 20.616528 53.885265 54.770206 रेन
5.5271606 170.89343 171.34026 5.973984 298.37137 296.79874 343.78268 345.35532 घसीटकर
7.9442673 105.84628 105.970505 8.068489 372.9971 372.72617 417.61014 417.88107 अपनी
127.09285 235.87364 235.9669 127.18611 383.8551 383.55402 417.25037 417.55145 कछार
164.60098 187.24817 187.19858 164.55139 7.2734795 7.3113136 37.00137 36.963535 दूर
177.7452 266.73138 268.5103 179.52415 109.59667 107.443085 180.94995 183.10355 रह
37.97323 78.30826 78.28939 37.954357 7.015938 7.0400314 38.651474 38.62738 वह
93.894516 139.16855 139.15085 93.87681 7.0493355 7.076374 36.720974 36.693935 जब
183.44688 241.05788 241.56242 183.95143 258.39917 257.5918 293.59424 294.4016 आती
177.30695 224.19775 224.49652 177.60571 310.47733 310.02023 340.67245 341.12955 एक
239.36723 289.7046 289.97296 239.6356 309.7093 309.19873 335.65912 336.16968 तरह
309.1177 332.5452 328.41367 304.98618 295.02548 297.48312 336.86758 334.40994 से
346.02066 388.5104 388.78122 346.29147 308.39072 307.9597 334.65683 335.08786 वह
