59.662537 98.27017 98.23874 59.631107 20.540249 20.580143 51.000675 50.96078 वह
488.43994 522.312 505.09668 471.2246 38.32849 68.91089 87.978 57.3956 ग्रस
149.67963 206.08191 206.3627 149.96042 305.11014 304.50888 330.84763 331.44888 साथ
146.83987 203.27792 203.44067 147.00262 352.90738 352.54965 378.22592 378.58365 काम
121.63521 162.3415 162.30574 121.59944 4.1573944 4.2032776 35.936134 35.89025 पर
240.4948 489.7318 492.58722 243.3502 93.16383 89.24933 271.055 274.9695 जीट
229.27948 261.40805 261.38467 229.2561 9.381519 9.422108 27.924545 27.883957 बात
14.921249 161.08362 162.84026 16.677887 102.9866 99.23804 167.73187 171.48044 अगर
7.4314117 108.47203 109.38884 8.348221 235.9193 234.58096 303.7992 305.13754 वह
5.429596 99.507195 99.66322 5.5856247 359.8752 359.62912 419.2758 419.52188 उस
