2.7225304 48.680992 48.737747 2.7792854 10.78546 10.690571 38.17981 38.2747 सदैव
492.4592 552.71704 553.05444 492.7966 139.41154 138.86375 175.97322 176.52101 शिव
539.67 589.821 565.12726 514.97626 305.25812 323.73895 390.74957 372.26874 और
138.96904 226.7404 226.34358 138.57222 185.278 186.53795 214.18196 212.92201 कुछ
111.774704 127.47966 69.27164 53.56668 241.91312 261.322 308.42178 289.0129 पर
165.43393 182.06055 123.70809 107.081474 241.85132 261.44232 310.9652 291.3742 दन
318.6695 415.32153 415.4892 318.83716 24.150316 23.781082 67.6766 68.04583 यथार्थ
484.80408 546.8047 546.9487 484.94812 183.48631 183.04027 203.05434 203.50038 उनका
16.573532 139.66307 139.46669 16.37715 195.81891 196.56308 229.04517 228.301 तरह
217.2446 235.1586 178.2609 160.3469 238.83273 259.0092 309.5267 289.35025 इन्द्र
261.82397 314.6587 314.75623 261.9215 8.181299 8.046158 46.178383 46.313526 मन
