54.349617 98.587074 98.6491 54.411644 17.506807 17.401756 43.519165 43.624214 उस
113.436905 195.68794 195.77898 113.52794 7.4868503 7.285736 44.51739 44.718506 आदमी
75.51521 166.43301 166.23647 75.31867 196.14833 196.69801 229.20702 228.65733 यदि
143.3061 215.04646 214.90019 143.15984 204.87505 205.30879 229.5012 229.06746 एक
533.6766 595.1379 590.0616 528.6003 321.1957 327.76584 375.25266 368.68253 एक
497.9017 517.879 518.02905 498.05167 149.563 149.48436 187.5714 187.65004 है
528.567 596.1387 596.38074 528.8091 158.2432 157.6821 186.83356 187.39465 मगर
320.80524 362.27484 367.43097 325.96136 327.00418 314.45462 331.49283 344.0424 कहा
315.37238 417.51678 417.81024 315.66583 21.698944 21.216095 83.29237 83.77522 आपसे
491.2746 542.9686 538.82184 487.1278 330.62537 336.17078 374.82672 369.2813 एक
249.76408 286.52338 286.55243 249.79314 10.660274 10.602552 29.105816 29.163538 सबसे
67.892654 82.024185 31.5443 17.412762 182.41252 199.87865 240.72108 223.25496 रहे
520.4147 579.90076 580.15576 520.6697 131.12535 130.49669 154.6313 155.25996 आप
