460.0113 596.08093 595.92035 459.85068 276.9044 277.093 392.96335 392.77475 अब
448.2227 536.14905 536.3076 448.3812 10.492391 10.219616 61.30624 61.579014 हंसकर
551.66534 592.5821 592.69965 551.7829 23.377396 23.250458 61.1313 61.25824 यह
518.3688 536.1737 536.75793 518.953 126.30335 125.77219 145.35791 145.88907 पर
543.9384 589.40155 589.61273 544.1496 126.10759 125.68674 148.4969 148.91776 चढ़ाकर
519.59534 544.15295 544.4125 519.85486 160.5301 160.2447 182.57423 182.85963 एक
551.45386 573.47546 573.6886 551.667 160.20975 159.95932 178.69699 178.94742 कर
520.79407 540.36536 541.00854 521.43726 193.97592 193.40674 215.5239 216.09308 वह
363.32486 387.89243 321.8149 297.24734 291.783 314.17178 386.67966 364.29086 रुप
423.8177 459.9616 457.19598 421.05206 342.36407 344.91052 384.16547 381.61902 इन
541.8742 597.74713 597.9755 542.1026 72.19434 71.83779 107.63076 107.98731 शाम
