535.58765 585.2599 587.00195 537.3297 346.95953 344.1645 375.12262 377.91766 तौर
7.72628 100.926575 100.90665 7.7063494 20.264488 20.317902 55.09931 55.0459 दिल
197.57146 257.148 251.15688 191.58034 507.8694 518.1559 552.85474 542.56824 यदि
270.8507 319.61035 314.59875 265.8391 530.1778 538.6412 567.5141 559.0507 इन
187.33896 261.79175 256.9807 182.52792 550.6563 564.1951 590.65204 577.1132 बारह
126.8723 146.21562 180.11018 160.76686 8.958257 -5.640339 39.270382 53.868977 उसे
525.7231 595.5245 595.862 526.0606 550.98584 550.38806 589.80945 590.4072 भाई
168.89879 189.63979 221.68758 200.94658 10.665169 -4.637451 38.79979 54.10241 रमा
496.98972 542.6544 544.5178 498.85312 315.2999 312.35947 341.2972 344.23764 आई
377.31363 435.95486 430.6523 372.01108 544.5793 554.72577 585.37164 575.22516 जोर
126.79023 141.13483 167.39313 153.04852 45.108746 34.117386 68.386536 79.3779 एक
162.49615 176.80612 202.22308 187.91312 44.658173 33.910614 67.752365 78.49992 एक
