293.917 314.85278 324.4178 303.482 32.819736 26.558052 58.538425 64.80011 धनी
339.6283 432.6947 432.70026 339.63385 343.8304 343.82162 402.62192 402.6307 मान
342.87805 399.07416 398.4922 342.29608 117.91025 118.8566 153.41486 152.4685 वही
413.82916 464.64496 464.25342 413.43762 127.890274 128.73524 152.28264 151.43767 भय
336.8499 384.77655 384.19867 336.27203 166.8389 167.83966 195.51385 194.51309 इस
401.01056 454.91003 454.45624 400.55676 168.02177 169.11879 191.41426 190.31725 वक्त
452.20825 478.39062 462.71875 436.53638 354.0042 363.10193 408.20416 399.10645 रंग
483.66168 538.7055 538.72473 483.6809 371.0879 371.05005 399.0362 399.07404 उतर
463.66412 535.50745 535.1372 463.29385 127.22064 128.3985 150.98041 149.80255 साहब
152.65741 223.94565 223.95087 152.66263 67.04835 67.04009 112.04754 112.05579 पर
