244.6355 273.18756 273.1635 244.61143 189.38948 189.42555 208.48085 208.44478 तय
371.87433 429.19745 373.81024 316.48712 28.95929 65.40698 152.51712 116.06943 एक
73.58452 180.7026 183.84068 76.72259 172.69711 163.2298 198.7356 208.20291 कहा
298.58466 334.17108 336.1322 300.54578 310.71857 307.12775 326.56354 330.15436 यह
313.40775 319.4932 307.02768 300.94223 91.75964 95.31648 116.64398 113.08714 है
318.8605 334.60867 322.19748 306.4493 108.16922 128.54987 138.14001 117.75937 शहर
133.93912 229.0149 232.34064 137.26486 221.19739 211.79303 245.41544 254.8198 एक
318.90686 343.45685 346.10925 321.55927 195.9445 190.18706 201.49712 207.25456 बच
422.47064 431.34546 418.76343 409.8886 80.275215 85.98797 105.53431 99.821556 भरी
409.92816 418.25745 404.69214 396.36285 98.83122 104.186844 125.284164 119.92854 गई
416.6826 425.38284 415.79562 407.09537 115.84317 121.52104 136.21165 130.53378 तब
176.1423 226.15506 228.19025 178.17749 189.95007 185.2702 207.01999 211.69986 और
