287.29767 399.99017 401.40393 288.71143 348.3523 341.28638 363.8341 370.90002 आकर्षित
313.19223 379.12802 380.79807 314.86227 382.01743 377.01413 399.02286 404.02615 करने
384.33197 440.19104 441.87476 386.0157 375.7484 371.52838 393.81482 398.03485 और
537.5226 596.4972 545.2804 486.3058 88.02219 164.05435 203.78082 127.74866 बाद
69.400055 159.81241 141.46265 51.050293 3.3218918 64.9324 91.86036 30.249844 जीवन
353.94608 411.142 411.3187 354.12277 553.8637 553.419 576.1457 576.5904 दस
26.90686 150.11519 153.06714 29.85881 369.48892 361.5638 407.4567 415.3818 इस
165.9249 312.92288 315.26767 168.26968 360.5469 351.09164 387.54538 397.00064 समय
98.73573 229.17445 232.42705 101.98833 445.82156 433.77933 469.01077 481.053 आप
560.22815 587.89905 558.67456 531.00366 39.238495 59.667206 99.25223 78.82352 ऐसे
19.171669 99.23859 83.84906 3.7821455 24.912941 78.334724 101.40006 47.97828 चला
217.50522 385.67917 390.34775 222.1738 413.8135 399.56393 454.66257 468.91214 गया
309.38736 433.15073 413.9877 290.22433 160.12503 196.54645 261.66415 225.24274 आपको
476.4647 530.19025 496.64944 442.9239 43.52289 112.80954 138.81741 69.53076 सतीश
