337.0409 393.16827 440.49304 384.36566 131.98343 114.62933 267.68912 285.0432 इस
153.8595 230.74057 233.15723 156.27615 294.6497 289.8572 328.62564 333.41812 रखना
54.012146 98.71385 85.70555 41.00384 44.48938 74.35716 93.82608 63.958298 यह
274.97656 308.8791 308.00153 274.099 233.1349 234.73671 253.31004 251.70824 वह
339.2709 448.4954 449.31296 340.08847 547.7907 545.90607 593.2895 595.17413 कर
420.93237 441.1787 456.78778 436.54144 190.99733 184.57088 233.74675 240.1732 वह
105.348785 152.6026 154.76517 107.51135 291.36337 288.43668 323.3533 326.28 गया
376.60583 445.89746 446.3106 377.01898 525.4804 524.3853 550.5262 551.6213 उठा
391.96393 435.76807 470.99786 427.19373 100.777435 86.51135 194.68484 208.95093 वह
243.39856 286.20996 288.10577 245.29437 289.20587 286.5509 317.12054 319.7755 फट
96.58293 161.2627 141.83786 77.1581 12.055656 56.2956 84.69515 40.455208 हुआ
