425.8138 500.62332 500.14865 425.33914 156.15398 157.62624 181.74687 180.27461 उत्तर
432.4514 479.44955 478.60526 431.6071 199.43478 200.6102 234.37009 233.19467 की
502.86816 579.82477 579.1813 502.22467 210.70395 212.71826 237.30276 235.28845 तरफ
5.5750313 56.49929 52.85964 1.9353784 346.57626 359.87686 373.8121 360.5115 रह
425.49173 511.52847 511.46347 425.42673 16.6988 16.90889 43.53018 43.32009 समय
432.96405 519.7315 519.50665 432.7392 64.677765 65.403595 92.28964 91.56381 समय
539.2981 590.07947 589.85266 539.0713 65.56728 65.99207 93.109245 92.684456 पर
438.75012 503.26 502.70776 438.19788 101.82915 102.664185 145.32498 144.48994 कई
290.15863 367.68488 367.1532 289.62695 182.32315 184.13 206.94385 205.137 कारण
294.08557 357.18884 356.349 293.24573 210.80603 212.50183 243.7543 242.0585 ठीक
