267.196 368.51236 368.41977 267.10342 311.65842 311.99222 340.10477 339.77097 बढ़कर
427.4728 460.50595 474.19614 441.163 311.21503 289.21832 309.77728 331.774 इससे
261.26447 328.77203 328.38446 260.8769 349.77847 350.7231 378.41776 377.4731 उस
21.727806 49.818146 49.80961 21.719269 280.31888 280.3315 299.33762 299.32498 पर
67.67522 103.79263 103.78029 67.66287 272.33725 272.35373 299.3613 299.34482 रखे
22.747871 69.87513 69.86799 22.74073 318.73184 318.75052 336.75534 336.73666 आया
88.83318 126.95713 126.94491 88.82096 308.7563 308.77234 337.77808 337.76202 और
21.560444 52.6575 52.65037 21.553316 357.14203 357.1537 376.1588 376.14716 घर
358.92465 387.25693 375.6774 347.34512 425.49237 441.52887 461.98682 445.95032 गये
26.49973 63.609863 63.596188 26.486053 68.837654 68.86181 89.87144 89.84728 कर
26.40944 90.58896 90.57042 26.3909 103.853516 103.89316 133.9061 133.86646 सकते
