169.52107 261.12817 266.83484 175.22777 463.9526 435.6982 454.20053 482.45493 गया
168.01115 270.71082 278.82452 176.12486 489.61105 459.0681 486.35025 516.8932 कौन
185.98534 219.33888 216.32124 182.9677 162.00371 172.29088 182.07484 171.78767 होश
30.133991 54.175354 48.930492 24.88913 289.43326 292.31674 336.04654 333.16306 और
60.043144 104.33413 103.16459 58.873604 295.67337 297.0181 335.53958 334.19485 उसकी
24.524181 48.068695 43.28966 19.74515 336.20584 339.0297 378.87552 376.05167 ओर
56.869347 76.66163 72.15041 52.35813 349.00693 351.6851 385.0242 382.34604 इस
132.513 188.99002 193.54913 137.07211 443.52127 425.30215 439.43484 457.65396 उस
144.7757 201.65564 201.85025 144.9703 113.68187 112.85809 126.29477 127.118546 गया
284.33813 322.49072 326.2008 288.04822 150.99333 130.84898 137.87569 158.02003 उस
281.16028 305.0816 305.01263 281.0913 462.01523 462.1342 476.00345 475.8845 घर
342.79022 403.6753 380.52698 319.6419 102.583405 117.09863 214.19568 199.68045 यह
305.39703 363.77264 344.68646 286.31085 261.7842 275.71548 355.69156 341.76028 कर
