12.869869 73.19205 73.24028 12.91811 7.0597997 6.9717216 40.009674 40.09775 कर
18.334293 62.45568 56.813656 12.69227 305.1845 319.30194 336.93506 322.81763 रही
35.702095 79.130646 68.1207 24.692144 73.2124 92.30577 117.34831 98.254944 और
18.59792 59.45943 52.09064 11.22913 113.464874 131.17776 148.17667 130.46378 बाग
178.37122 216.97531 204.31378 165.70969 264.35437 288.91217 308.81573 284.25793 और
311.99936 339.82742 332.90225 305.0742 268.96503 280.8993 297.04736 285.1131 फिर
303.09296 330.79156 325.9618 298.26318 296.83344 308.59003 319.969 308.2124 भाग
571.9482 598.12933 590.14496 563.9638 284.9973 291.0346 325.6596 319.6223 पर
186.7068 226.15932 216.6216 177.16908 216.20633 233.07172 255.3829 238.51752 शरीर
235.18951 265.91547 256.4547 225.72874 237.14487 250.27975 272.41098 259.2761 और
