153.93787 273.39838 257.17902 137.71849 8.396774 103.29732 123.71422 28.813671 शाम
366.44955 496.10275 494.0065 364.3533 9.8834305 12.956261 101.405655 98.332825 ओर
353.23627 396.14825 401.7583 358.8463 120.6404 111.92087 139.52982 148.24936 पर
0.5255928 21.587341 53.11076 32.04901 164.70212 86.048584 94.4899 173.14343 यह
4.8383837 33.360344 74.92446 46.402504 17.725208 3.3832092 86.04184 100.383835 शेर
14.478611 47.842346 91.37471 58.01097 141.23743 123.46683 205.19748 222.96808 दर्ज
338.7507 388.66702 388.20773 338.2914 5.3340187 6.50931 26.015356 24.840065 तरफ
215.92114 283.76453 287.24768 219.4043 192.73892 177.3534 192.71262 208.09814 इस
443.0171 503.5595 503.00574 442.46332 7.78899 9.214474 32.73279 31.307308 आवा
-2.8517437 20.469427 52.176163 28.85499 303.67636 222.69516 231.82614 312.80734 बहुत
