8.952103 72.20011 72.02047 8.772459 173.38916 173.67169 213.88654 213.604 और
194.29558 225.30904 272.76477 241.75133 235.68735 210.44336 268.7451 293.98907 यह
207.49104 236.46303 218.99992 190.02794 152.67677 162.2791 214.96849 205.36617 वह
443.8939 516.8766 517.19495 444.2123 253.84671 253.17172 287.59744 288.27243 चार
74.037865 118.07584 118.01214 73.97416 172.31099 172.52583 185.58604 185.3712 ऊपर
74.03627 110.07172 110.01286 73.97742 198.02794 198.19038 211.24599 211.08354 जल
241.3294 266.3504 301.42584 276.40485 226.06984 206.56909 251.5736 271.07434 हम
557.31854 596.34576 596.5833 557.5561 252.23993 251.79373 272.5667 273.0129 बूझ
551.7045 585.3785 585.5135 551.83954 279.24347 278.9796 296.20435 296.4682 कर
8.96994 58.12108 58.02014 8.869003 219.63531 219.8328 244.95377 244.75629 करने
