0.18321228 85.98445 98.7098 12.908562 330.32803 314.92105 385.78824 401.19522 वह
366.85593 408.98538 413.65274 371.5233 160.71056 152.2202 175.37975 183.8701 भाई
43.230225 99.55321 99.65881 43.33583 131.9148 131.79883 183.099 183.21497 यह
121.53439 163.94077 160.07993 117.673546 130.6929 135.42932 169.99646 165.26004 उस
256.02982 330.85715 372.29324 297.4659 245.24457 197.966 263.5465 310.82507 वह
339.8873 413.2565 415.91733 342.54813 128.11598 116.61969 133.601 145.09729 कहता
185.85446 282.40967 285.79156 189.23636 19.624716 16.92421 137.84166 140.54216 सही
128.48349 152.37668 150.29797 126.40479 172.7992 175.4573 194.14246 191.48434 यह
256.29858 287.10297 302.5185 271.7141 298.056 278.65067 303.1215 322.52682 फिर
93.29045 181.01637 186.34993 98.62401 351.44775 335.68176 365.35907 381.12506 तकनीकी
81.89636 126.4037 130.34933 85.841995 31.345583 28.1921 83.87953 87.03301 कोई
115.702866 148.8859 147.41563 114.23261 225.78241 229.44553 242.76416 239.10104 आराम
