212.3176 238.50635 232.81851 206.62976 213.07443 220.03958 241.42572 234.46057 वह
1.010479 89.12401 101.02211 12.908573 334.93524 319.11298 385.37305 401.1953 बिल
66.287285 127.28663 123.47994 62.4806 242.46146 252.34372 275.8409 265.95865 कहा
212.17305 254.94682 250.46147 207.6877 342.25336 347.93158 381.7196 376.04138 रकम
82.33813 161.63022 161.71866 82.42657 41.65178 41.55371 113.058075 113.15614 रख
196.62915 299.7543 302.19684 199.07169 8.194596 5.806755 111.29453 113.68237 आओ
361.6908 408.07037 412.3933 366.01373 162.65143 153.30057 174.742 184.09286 धन
92.80385 165.63231 171.77779 98.949326 350.35938 337.27905 371.4958 384.5761 चाय
130.71295 178.66345 175.93027 127.97977 258.7417 266.51233 283.3781 275.60748 गबन
335.71643 399.94592 399.95026 335.72076 18.934795 18.926422 52.08919 52.097565 उसका
412.6039 445.56113 445.306 412.3488 18.668648 18.920479 52.30964 52.057808 मन
47.381702 80.93155 85.72954 52.17969 315.9603 309.87955 336.35196 342.4327 हम
255.83228 277.36353 275.04144 253.51018 348.04877 350.90503 368.4095 365.55322 एक
2.1715012 105.83898 106.02779 2.3603058 98.52355 98.30452 187.67288 187.89192 मगर
