244.96387 326.63293 307.36414 225.69507 290.25024 317.3247 375.4483 348.37384 एक
197.41522 233.4834 215.00629 178.93811 100.84602 109.46129 186.81642 178.20116 हुए
152.5268 215.16608 245.70724 183.06796 267.2762 212.0228 246.64645 301.89987 गणेश
10.512005 106.692474 106.72307 10.542599 44.5013 44.453087 105.4836 105.53181 और
8.300888 122.526306 122.57864 8.353226 146.95566 146.8099 187.83154 187.9773 ऊपर
212.67793 298.0558 313.5251 228.14723 108.51491 70.91875 106.04831 143.64447 बहुत
271.69873 310.10657 297.51758 259.10974 159.43217 188.94502 205.32823 175.81538 पर
257.8741 300.4174 280.90384 238.36057 179.09845 211.4172 237.10416 204.7854 एवं
298.62378 334.5603 329.8152 293.87866 287.80182 299.71252 314.02924 302.11853 अलग
170.80872 206.37665 229.70892 194.14099 212.66434 181.34247 207.8377 239.15958 एक
200.02145 246.03995 246.09839 200.0799 384.69482 384.55316 403.536 403.67767 पर
