189.87022 296.6864 316.3861 209.56993 113.54561 66.353485 110.942444 158.13457 चल
332.62073 373.7591 389.0799 347.94153 293.25638 266.26938 289.62405 316.61105 इस
374.06787 429.71844 444.1894 388.53882 266.3906 229.90439 251.97623 288.46243 महान
16.834976 151.00925 151.02597 16.8517 41.096596 41.070503 127.10949 127.13558 कभी
259.55334 331.1276 311.4522 239.87796 276.30325 294.35544 372.36545 354.31326 उसी
94.33601 131.17206 130.39397 93.55793 317.27325 318.70673 338.7011 337.26764 लग
144.42378 181.6407 180.85979 143.64287 319.22238 320.67075 340.7369 339.28854 रहा
363.1787 412.5434 428.34564 378.98096 206.49707 174.90237 199.5924 231.1871 बस
81.14667 135.35883 134.30472 80.09255 338.83276 341.0279 367.0609 364.86578 जमीन
286.02374 369.0619 396.91846 313.8803 227.81761 174.70087 218.2494 271.36615 पर
268.70523 299.81113 293.34622 262.24033 275.01547 285.31503 304.8398 294.54025 कर
