255.55942 328.18585 317.22067 244.59422 309.74765 333.84457 366.8929 342.796 अधिक
187.2114 231.91595 254.96909 210.26453 268.63303 229.17874 255.29959 294.75388 जब
322.9232 433.4993 459.53598 348.95987 262.93317 190.7486 230.633 302.81757 इन्द्रजीत
249.03998 301.643 285.1745 232.57147 165.46674 205.56375 227.1687 187.07169 कर
83.4035 165.11607 163.72787 82.015305 320.1285 323.32748 358.7864 355.58743 अगर
166.6201 214.14897 235.29536 187.7665 237.77899 195.90161 219.9018 261.77917 जब
61.914078 213.9926 214.00774 61.929214 19.072838 19.02584 68.03108 68.07808 अभिनय
253.3298 287.0663 277.98215 244.24564 276.54736 287.7218 315.14752 303.97308 यह
297.69327 337.86887 328.77 288.5944 291.24176 304.5703 331.9967 318.66815 कह
38.96673 85.05393 85.07044 38.98324 73.09512 73.06204 96.06862 96.1017 जल
38.960094 78.0529 78.08603 38.99323 115.10722 115.06676 147.07607 147.11653 भुन
38.968662 76.059204 76.091034 39.000484 161.1207 161.0694 184.0762 184.1275 कर
313.62744 377.599 395.8943 331.92273 208.92549 168.34755 197.19023 237.76817 कमरे
