193.44772 263.10385 281.13397 211.47784 101.327255 68.36769 106.47218 139.43175 यह
163.47134 203.69559 174.04572 133.82147 207.99768 226.32178 291.4077 273.08362 गयी
342.7385 399.58475 390.54208 333.69583 314.04126 344.65228 361.445 330.83398 बज
340.0094 361.29956 360.16302 338.87286 370.4416 372.34314 385.0681 383.16656 उसे
199.56796 258.12515 271.96793 213.41074 62.62963 34.22683 62.766037 91.16884 वह
110.09607 133.66211 114.62424 91.0582 240.67413 252.27368 290.95154 279.352 पद
80.65742 103.08321 83.62136 61.195564 298.44412 309.51523 348.9374 337.8663 पर
241.0669 271.6746 264.80753 234.19983 178.313 193.80608 207.37245 191.87938 पर
247.7197 310.7178 327.45615 264.45804 129.30156 100.29208 136.64174 165.65121 हम
208.53606 258.04254 248.83638 199.32988 275.88776 287.76465 326.13885 314.26196 तरफ
25.798126 167.09276 166.98618 25.69155 56.626907 56.786728 150.99994 150.84012 एक
