212.40799 262.60886 277.43384 227.23297 61.769787 37.52043 68.211 92.46036 लगे
230.0117 283.83337 298.33124 244.50957 103.75262 78.42963 109.24355 134.56654 तभी
376.27335 464.7576 463.0261 374.54184 257.78012 264.72818 286.7794 279.83133 बात
389.9619 495.03278 491.42798 386.35712 295.8776 306.17392 342.95944 332.66312 कही
32.873535 130.12573 130.04886 32.79666 5.0803986 5.2159348 60.382103 60.246567 घर
32.93126 154.18025 154.08754 32.838547 76.91014 77.04372 161.19888 161.0653 दीप
271.49136 299.03543 306.37173 278.82767 296.1925 283.8338 300.1844 312.5431 पर
433.75916 501.1739 500.26514 432.8504 183.09634 186.34097 205.22226 201.97763 सोच
335.3473 401.05945 390.46722 324.75507 316.59204 352.33966 371.8106 336.063 लग
103.92128 143.98566 143.96486 103.90048 77.78782 77.83979 93.87559 93.823616 करता
250.06023 317.64774 329.49225 261.90475 137.33324 106.14642 131.81566 163.00247 बस
5.8794556 83.999916 83.96838 5.8479247 178.86977 178.94432 211.98256 211.908 जाइए
