137.31383 194.42964 184.2577 127.14189 218.01978 231.9578 273.6408 259.7028 जरूरत
405.25922 473.5816 471.70685 403.38446 252.65546 257.89337 282.34778 277.10986 और
413.00238 485.33374 483.3338 411.00244 281.39456 287.66006 310.74826 304.48276 उसी
425.62134 501.9848 499.92377 423.5603 316.47778 323.99243 344.93665 337.422 तरह
191.98859 288.61923 298.90475 202.27411 81.70383 34.989365 56.26535 102.97981 सवाल
261.7442 308.79205 319.12506 272.0772 314.3187 293.32944 316.49106 337.48032 आने
21.97718 100.176094 100.12922 21.930305 5.0634956 5.177681 37.27938 37.165195 आज
20.933044 158.15652 158.1078 20.884315 71.86129 72.03236 111.126595 110.95553 इजलास
100.98039 145.65443 115.46504 70.791 256.28506 277.59695 340.8801 319.5682 उसने
321.5546 407.95108 405.62253 319.22604 232.2561 238.64914 270.11795 263.7249 धर्म
349.1901 396.12778 386.56412 339.62643 321.98334 347.40222 365.0622 339.6433 रहा
209.89531 289.68146 304.2663 224.48015 104.96695 67.265 98.129944 135.8319 आप
207.02875 243.94247 224.98505 188.07132 252.58655 268.03845 313.32678 297.87488 जहर
419.01242 504.0405 502.50204 417.47397 172.13783 176.3029 207.70964 203.54457 लिए
