205.83022 236.44087 246.96947 216.35881 70.13926 64.01409 116.63085 122.75602 ऐसा
336.27145 380.94144 395.6417 350.9717 219.13327 191.50964 215.28134 242.90497 अभाव
143.3747 187.7461 177.37354 133.00214 150.54826 176.41795 194.20882 168.33913 वह
90.06056 127.91139 125.20509 87.35426 226.62296 234.79724 247.32867 239.15439 तुम
356.70566 425.962 418.6389 349.38254 100.428894 146.10492 157.20862 111.53259 गवाह
543.4289 590.47076 561.43365 514.3918 58.705994 89.93461 133.67528 102.44666 कर
130.30849 162.78546 154.79796 122.320984 122.25539 141.44313 154.96269 135.77495 दंग
164.84871 191.92812 185.37553 158.29613 146.68408 162.64136 173.76108 157.8038 रह
90.698135 148.66602 144.70796 86.74008 204.99054 217.90768 235.67014 222.75299 पर
557.3255 588.4754 562.711 531.5611 155.60834 178.83273 213.38943 190.16504 घर
