144.82089 221.03366 221.03735 144.82458 4.993536 4.985939 42.095657 42.103256 आओ
245.56392 298.7246 298.7259 245.5652 6.9908624 6.988949 42.097717 42.099632 और
323.29605 399.45303 399.45676 323.29977 4.9757433 4.968151 42.089256 42.096848 अपनी
145.1067 222.21779 222.218 145.10692 58.33786 58.33725 85.37863 85.37924 भावज
145.82347 195.29698 197.89766 148.42415 121.21985 116.96991 147.24448 151.49442 कोट
212.44891 288.16843 290.68176 214.96225 125.66289 119.16017 148.42635 154.92906 पतलून
149.77545 239.61356 241.51971 151.68161 166.82991 159.11635 181.31685 189.03041 पहनकर
255.19785 281.4387 284.06198 257.82114 149.64372 147.37132 177.66414 179.93654 हां
5.3264084 102.490944 102.49305 5.328514 9.822929 9.814049 32.87829 32.88717 आकर
4.634018 76.77244 76.771034 4.632616 63.947693 63.951294 91.980255 91.976654 शहर
49.193745 139.05348 144.6015 54.741764 124.234665 116.51509 181.09691 188.81648 संग
444.9287 521.05927 521.0598 444.92926 12.794331 12.793407 55.928707 55.92963 जली
309.47034 343.80243 345.36255 311.03046 147.62614 144.67778 162.8441 165.79247 कर
