466.40704 516.55524 516.5463 466.39813 51.88568 51.899628 84.04074 84.026794 उठी
538.5489 583.07855 583.06757 538.5379 61.37137 61.392838 84.10542 84.083954 उस
466.56628 534.5947 534.5554 466.52698 95.68277 95.76611 127.81665 127.73331 उसके
447.1937 522.9707 528.3176 452.54068 239.02567 206.37402 218.78308 251.43472 खास
97.092224 176.12479 176.11526 97.0827 52.403954 52.428246 83.45551 83.43122 इतना
97.08014 201.12006 201.10394 97.064026 98.04555 98.09784 130.13042 130.07812 कहकर
228.31454 275.3067 275.2906 228.29843 98.11156 98.13518 130.16199 130.13837 वह
303.60718 403.5359 403.5147 303.586 87.140686 87.19359 127.21988 127.16698 आदमी
475.1012 557.5194 557.5419 475.12366 11.735983 11.687325 49.637344 49.686 पान
475.08875 525.272 530.9962 480.813 247.5109 226.22595 239.72195 261.0069 लोग
483.18832 529.58386 534.9895 488.5939 268.3103 248.97015 261.93768 281.27783 नही
4.9487457 83.009224 83.00293 4.9424534 179.92416 179.94107 208.97699 208.96008 उसकी
7.162895 113.260956 113.23076 7.132702 32.90049 32.955627 91.044914 90.98978 छह
168.76895 309.76697 309.73917 168.74113 33.007072 33.082397 85.14237 85.06705 साल
