547.8233 582.5168 590.564 555.87054 213.08434 205.69981 243.5067 250.89122 मर
472.71704 521.9665 529.2021 479.95264 260.27478 250.195 285.5478 295.62756 वह
150.95349 215.94745 215.94934 150.95538 50.263443 50.25992 85.12854 85.132065 पर
545.4037 568.78955 572.73804 549.3522 264.3923 260.13608 281.83096 286.0872 दफा
576.41797 593.0012 597.70105 581.1178 258.74768 255.21777 277.29736 280.82727 हम
283.847 336.8637 336.8675 283.85077 13.189254 13.183662 49.054924 49.060516 पर
283.8977 404.9242 404.92438 283.8979 85.72911 85.72847 121.6031 121.603745 जाकर
444.8476 554.9311 554.93243 444.84894 70.77847 70.77562 121.60695 121.6098 बिखर
6.7621365 57.740387 57.74494 6.766691 4.652531 4.646549 43.49218 43.49816 और
85.74811 146.73509 146.74017 85.75319 5.6394157 5.6323433 49.462986 49.47006 ईश्वर
