281.92715 318.3488 319.6182 283.19656 14.61433 12.308361 32.358425 34.664394 कर
468.21176 595.0679 595.11414 468.25803 25.677229 25.587143 90.72925 90.819336 पास
553.95654 593.5475 590.22375 550.6328 213.15839 221.33963 237.42389 229.24265 पर
22.20918 60.00463 72.339905 34.544456 340.59518 317.07547 336.89786 360.41757 इस
74.05214 123.31239 134.32675 85.0665 308.67676 278.05365 295.7713 326.3944 शहर
522.84845 588.8968 588.8731 522.82477 113.74576 113.803055 141.0513 140.994 आय
559.97437 596.62354 593.8535 557.20435 195.94492 203.43512 216.98898 209.49878 यह
419.5854 460.39227 460.41144 419.60455 14.384846 14.347576 35.33512 35.37239 राम
419.73505 460.52948 460.53473 419.7403 51.28555 51.2753 72.23569 72.24593 राम
57.179848 114.74139 130.31067 72.74912 281.58344 246.1803 271.4942 306.89734 सुख
