212.52814 265.4217 265.29608 212.40251 186.6562 186.83492 224.01738 223.83867 तुम
22.428467 148.03152 148.00435 22.401283 29.689568 29.736153 103.01826 102.97167 उस
464.03848 504.73373 504.67612 463.98087 368.22992 368.34338 388.99396 388.8805 स्तर
195.934 249.78978 249.79094 195.93517 27.080137 27.07816 58.563812 58.565792 मन
92.011246 147.0107 147.02617 92.02672 142.00546 141.97711 171.99329 172.02164 यह
16.222836 59.705757 59.659473 16.17655 4.4719505 4.5385017 34.78088 34.71433 घूम
320.94885 399.34576 399.35034 320.95343 38.234367 38.22484 75.84191 75.85144 गया
41.992573 85.04071 85.05698 42.00884 149.03851 149.01352 177.04102 177.06601 वह
455.1694 532.6841 532.6937 455.17905 11.794203 11.776245 53.45278 53.47074 सती
5.955982 48.017212 48.027946 5.966717 169.08604 169.05385 183.07164 183.10384 करके
