239.0047 305.4746 307.1966 240.72668 142.55066 139.29144 174.41089 177.6701 और
208.21826 271.25613 271.17773 208.13986 185.6354 185.79477 216.80655 216.64719 अपने
11.547688 84.6199 84.63339 11.561169 159.06915 159.01996 179.04483 179.09402 समय
103.04109 156.02284 156.0363 103.05455 159.00757 158.97192 178.97983 179.01547 तथा
27.322495 143.04529 143.01245 27.289665 7.5219345 7.5609207 105.013435 104.97445 तुम
321.6334 352.92203 353.80734 322.5187 141.51556 139.98248 158.05054 159.58362 पर
89.13023 132.35063 132.33037 89.10997 6.233942 6.3129597 17.395788 17.31677 स्याम
141.69432 176.80116 176.78093 141.67409 6.3399544 6.404148 17.477066 17.412872 अरब
169.78828 198.94197 199.00816 169.85448 115.19531 115.06479 129.8524 129.98293 जीत
169.8306 194.86441 194.9826 169.94879 136.31038 136.1096 150.84782 151.0486 दिन
169.87164 200.06998 200.24112 170.04279 161.55733 161.0645 171.5518 172.04463 सका
135.92212 178.99634 178.9649 135.89069 35.902267 35.94319 69.04744 69.006516 हुए
