1.8628654 55.564545 55.98948 2.2877998 221.95738 221.35284 259.101 259.70554 जरूर
199.1541 252.75777 239.43333 185.82967 154.55833 191.76588 210.96193 173.75438 साथ
466.99228 594.8319 594.90857 467.06894 69.58333 69.48302 167.16283 167.26314 वह
179.51027 234.86613 233.20045 177.84459 311.41904 317.0563 333.4127 327.77542 बन
498.20038 591.82635 591.8283 498.20233 190.35855 190.35342 226.58615 226.59128 अगर
253.15044 277.71436 281.02063 256.45673 294.7769 283.3149 290.40054 301.86252 वह
255.8 289.76358 293.96985 260.00626 303.53265 287.73505 296.77814 312.57574 आती
24.086843 44.016655 44.093987 24.164175 205.234 205.13506 220.71211 220.81105 बात
239.43903 333.30225 306.909 213.04578 116.11395 180.55038 218.99689 154.56046 अपने
467.07086 589.94275 589.83575 466.96384 273.75958 273.9248 353.50696 353.34174 वह
