232.7887 294.07135 288.53473 227.25206 210.43616 219.99918 255.47958 245.91656 गिर
557.9625 595.75 595.0936 557.30615 240.74304 242.32886 257.96808 256.38226 कर
28.817734 105.57597 130.76509 54.00685 50.405884 5.4848022 48.52632 93.4474 इन्द्र
440.0952 465.10846 465.1067 440.09344 30.784111 30.78669 47.79586 47.79328 और
439.0234 468.02945 468.02896 439.02292 52.59549 52.596428 67.6029 67.60196 उसी
439.0551 468.05457 468.0551 439.05566 77.40553 77.40419 89.40787 89.40921 तरह
477.135 524.10785 524.1084 477.13556 77.40747 77.40527 89.40527 89.40747 व्यवहार
145.51512 215.43883 235.17204 165.24834 46.686203 5.7623444 39.479088 80.40295 कहते
489.01358 530.9944 530.9989 489.01804 101.00763 101.00017 125.99928 126.006744 इन
505.90643 582.8768 582.87506 505.90472 16.989609 16.992264 67.00667 67.00401 तिल
