102.66956 226.4899 230.35324 106.532906 76.3307 70.24016 148.78163 154.87218 गोद
13.928696 89.719864 89.46961 13.678442 280.15787 281.1592 300.10043 299.0991 कर
458.93054 570.0315 570.0936 458.99268 312.77118 312.68408 392.00104 392.08813 कर
265.42004 406.37878 411.29144 270.3327 62.257717 55.313263 155.03012 161.97458 रही
321.69043 390.12555 390.2987 321.8636 318.4481 318.16672 360.28 360.56137 गम्भीर
463.99228 591.9281 595.198 467.26218 77.713394 71.421234 137.90582 144.19798 जीवन
434.79358 447.1911 432.17932 419.7818 271.60977 278.80655 304.66672 297.46994 बन
252.02289 315.82697 315.61188 251.80782 285.60333 286.464 302.4074 301.54675 हाल
257.32355 327.6996 327.86365 257.4876 319.4391 319.08282 351.49323 351.8495 आपकी
244.65627 283.27594 283.2873 244.66762 372.66876 372.649 394.79498 394.81476 गत
