513.0093 601.3013 588.1134 499.82138 54.896942 74.42305 134.05528 114.529175 उसी
514.14185 596.94434 587.261 504.4585 145.87276 164.0919 208.10081 189.88167 तरह
514.8008 566.2633 567.18445 515.7219 198.79926 198.2395 282.93353 283.4933 गई
80.3833 150.56448 150.55698 80.3758 39.435707 39.44851 80.584175 80.57137 और
158.8412 226.49788 226.48473 158.82805 51.312103 51.335587 89.26099 89.2375 खुद
64.249725 207.06642 207.01974 64.20305 92.11774 92.28438 132.2864 132.11977 घसीटकर
56.55017 151.70459 151.61493 56.46051 144.74234 144.95071 185.89209 185.68372 अपनी
162.23914 260.99274 260.93185 162.17824 156.77449 156.98875 185.05284 184.83858 कछार
166.02971 240.71028 237.30571 162.62514 224.81256 260.1337 267.33206 232.01093 लता
246.84464 305.0925 301.03403 242.78616 263.2869 290.79703 299.39017 271.88004 वह
531.2532 598.17175 589.2294 522.3108 3.5507126 18.426605 58.65342 43.777527 कमी
246.85611 326.61453 326.6141 246.85568 40.211212 40.212265 71.716324 71.71527 चन्दर
234.70401 315.32523 315.29556 234.67435 78.81146 78.87833 114.654465 114.5876 अपने
525.37396 562.63556 556.238 518.9764 324.8796 332.98758 362.38858 354.2806 और
525.0563 557.41833 552.5895 520.2274 371.08444 378.10727 400.35898 393.33615 इस
565.0681 602.27734 598.1083 560.89905 379.78143 387.85797 407.0652 398.98865 बात
43.346886 97.83012 97.84849 43.365257 8.96769 8.934677 39.26374 39.296753 करो
107.024414 155.6243 155.63745 107.03757 17.5749 17.545448 39.22873 39.25818 जब
33.203156 83.58646 83.58099 33.197693 62.62175 62.634476 84.24411 84.231384 तक
