496.31042 543.37085 543.8806 496.8202 30.294006 28.438412 41.366043 43.221638 व्यवहार
40.829376 120.74585 119.08444 39.167973 271.64584 273.08963 365.053 363.60922 मग्न
373.9235 444.73257 444.4244 373.61533 334.46484 335.21942 364.1402 363.38562 बहू
355.5176 458.4728 451.80844 348.85324 54.73906 62.097366 155.34346 147.98515 मिस
356.59998 439.4303 439.40637 356.57605 368.13025 368.208 393.68146 393.6037 तब
15.78595 42.750076 41.25199 14.287863 188.4646 189.71051 222.13208 220.88617 उसी
13.120834 30.790258 29.551033 11.881609 239.10672 239.98239 264.9881 264.11243 पर
469.19034 505.59164 503.68234 467.28104 61.343735 63.928314 90.81926 88.23468 सब
462.6924 500.0851 497.87704 460.48434 114.734726 117.40456 148.32997 145.66014 एक
518.44055 566.4343 564.5405 516.54675 118.70244 122.12773 148.66249 145.2372 साथ
