45.60624 89.44884 87.80254 43.959946 196.68312 197.98042 253.61678 252.31947 कोई
45.06994 85.98227 84.66523 43.752903 284.66476 285.88748 329.95505 328.73233 शक
52.04949 78.24563 78.292336 52.0962 333.3623 333.3103 356.83752 356.88953 सब
87.746956 118.57093 117.96595 87.141975 332.64783 333.216 366.03748 365.4693 कुछ
368.76624 446.94843 446.4903 368.3081 319.36484 320.5294 351.28537 350.12082 दर
486.92758 526.27893 527.08325 487.7319 26.56605 25.116917 46.957962 48.407093 और
107.214066 143.56815 143.17046 106.81637 291.11273 291.48193 330.64362 330.2744 कोई
348.5318 413.51074 413.35986 348.38092 352.98444 353.45618 374.2409 373.76917 एक
328.58444 381.76907 381.76547 328.58084 378.69235 378.7034 395.89426 395.8832 पत्र
370.46454 503.1825 497.04364 364.32568 55.785248 65.26404 151.21782 141.73903 रुपए
