21.954063 96.02332 96.00143 21.932169 14.589333 14.641106 45.963135 45.91136 मगर
510.42932 585.183 585.1781 510.42444 4.4731865 4.484993 35.09535 35.08354 पहला
376.91785 469.81073 468.65582 375.76294 99.918335 104.36564 128.48874 124.041435 बन
135.9988 195.02968 195.00807 135.97719 4.5683975 4.6104813 34.92189 34.879807 अभी
73.721344 113.6012 112.69336 72.81351 327.00354 330.8296 340.29218 336.46613 हुआ
76.18046 113.10497 112.37971 75.45519 337.9324 341.2692 349.29495 345.95816 एक
61.558327 86.84554 104.44677 79.15955 79.12149 70.39693 121.41223 130.1368 इस
346.4973 418.43823 418.42932 346.4884 4.4237823 4.4454613 34.055878 34.0342 शक
473.8894 584.6778 583.31946 472.53107 85.623505 90.63698 120.6535 115.64003 वह
207.01575 264.02234 264.00424 206.99763 5.632168 5.6730995 30.930862 30.88993 कलम
562.4425 590.0084 589.9066 562.3407 223.76761 223.95801 238.69626 238.50586 आया
170.7342 208.13292 207.13548 169.73677 335.2206 338.8311 349.16275 345.55228 गिर
129.32127 168.96233 186.02702 146.38597 80.22398 67.05153 118.40588 131.57834 अन्दर
423.39868 504.30847 504.30396 423.39417 5.472685 5.4870243 30.992891 30.978552 लगाए
