167.3904 218.92528 221.65306 170.11818 83.38766 79.650734 117.26867 121.00559 आप
7.9580765 51.014534 50.996403 7.9399433 26.706512 26.736237 53.002434 52.97271 दरिद्र
409.03043 466.68448 466.0107 408.35666 100.92033 103.67625 117.771996 115.016075 सब
483.54712 572.7146 571.69543 482.52798 97.03891 101.209366 122.99866 118.8282 अपने
399.84216 481.8183 481.8106 399.83447 4.4398575 4.4645615 29.969223 29.944519 चलता
29.844109 51.094498 66.16812 44.917732 84.30281 76.84752 119.813065 127.26836 हर
63.968575 110.02034 109.99941 63.94765 4.5148964 4.547783 33.85106 33.818172 कोई
354.79898 402.80777 402.3279 354.31912 100.18756 102.494995 112.47926 110.17183 साथ
316.72467 361.15942 361.1499 316.71515 4.41481 4.4282 36.089996 36.076607 लेट
127.58621 153.42935 169.95123 144.1081 78.879456 70.22641 119.57057 128.22362 एक
188.01157 250.01651 250.01318 188.00824 11.695347 11.70467 33.91609 33.906765 बेहतर
512.48 549.35535 549.35205 512.4767 13.641987 13.647991 34.06725 34.061245 मन
