88.647705 119.08453 134.41107 103.97424 83.68434 73.32846 118.37451 128.7304 मच
132.70895 168.31873 183.6406 148.03082 80.57126 68.73181 114.81581 126.65526 गया
6.938507 56.023594 55.994793 6.9097066 7.5049515 7.5390778 48.965553 48.931427 गई
358.8455 413.3185 413.31125 358.83823 5.4463043 5.4624596 29.954327 29.938171 चाय
5.644829 34.358177 49.28361 20.570263 88.95904 78.80893 121.031044 131.18115 इतनी
59.967186 115.02855 115.00294 59.941578 5.5219994 5.5607643 41.936035 41.89727 और
397.6679 456.76788 455.9317 396.83173 101.98073 104.819046 122.23027 119.39195 यह
467.10516 533.1049 532.25995 466.2602 105.31548 108.485115 126.08019 122.91056 कह
419.30176 485.89996 485.89404 419.29584 9.539814 9.558296 30.996307 30.977825 सहसा
188.55597 218.93787 232.44302 202.06113 86.5584 76.68021 118.217354 128.09555 तक
238.73074 282.74338 285.25394 241.2413 82.99185 79.79709 114.38396 117.57872 पता
191.01254 228.02573 228.0069 190.99371 8.651596 8.679188 33.935326 33.907734 तब
338.32736 420.97824 420.08737 337.4365 84.80388 88.60605 107.97148 104.16931 सबसे
500.2127 545.26544 545.2609 500.2082 6.5064964 6.5136223 35.08904 35.081913 तेज
