256.50122 288.06445 283.65887 252.09564 203.59653 214.63629 227.232 216.19223 एक
-11.639248 102.282196 120.90111 6.979664 312.26688 235.36716 262.94974 339.84946 कम
52.70144 260.003 260.2585 52.956963 35.135117 34.548164 124.792404 125.37936 कारण
494.93756 599.125 597.2054 493.01797 203.61774 209.32834 244.35065 238.64005 दिल
187.52167 241.60422 241.67667 187.59412 13.729367 13.577419 39.361248 39.513195 बहुत
255.72911 355.82074 355.9041 255.81248 6.596092 6.3155975 36.061333 36.341827 ईमानदार
188.62741 252.71136 252.78436 188.70041 34.35359 34.17216 59.954655 60.13608 औरत
266.84888 296.91907 296.98926 266.91907 34.13215 34.04702 58.83512 58.92025 थी
530.88715 574.9599 575.04767 530.9749 58.563442 58.437515 89.16518 89.29111 कई
550.77264 596.09296 595.2153 549.89496 185.64569 187.95053 205.20886 202.90402 और
