397.28317 486.02194 484.65182 395.91306 77.2424 78.96826 149.4162 147.69034 दबे
160.74695 254.60373 254.58023 160.72345 9.231945 9.292183 45.9165 45.856262 पास
393.1009 445.03394 441.16217 389.22913 192.46753 199.56168 227.90524 220.8111 एक
523.46277 545.79553 542.12537 519.7926 136.0195 142.68 154.98618 148.32568 भर
174.973 219.02284 214.90971 170.85988 127.85568 134.83127 160.80518 153.82959 भर
448.43994 531.3154 531.2965 448.42102 15.869507 15.899857 67.544586 67.51424 घर
188.00174 264.4406 260.60828 184.16939 215.43475 244.9187 254.85422 225.37027 और
161.72063 220.96907 218.27126 159.02281 222.46875 245.42331 252.38672 229.43216 वह
220.63899 248.64165 246.07176 218.0691 138.40001 142.82884 159.07777 154.64894 रहने
310.5039 369.65643 369.30316 310.15063 77.147545 78.29711 96.475136 95.32557 कलम
309.819 381.48764 381.13412 309.46548 111.686554 113.08008 131.2604 129.86688 तलवार
251.33078 297.69565 297.67557 251.3107 25.438591 25.464798 61.00457 60.978363 गये
