214.70714 244.90956 244.89912 214.6967 17.018742 17.037018 34.267113 34.248837 पर
259.28784 328.26044 328.24548 259.2729 17.045723 17.087456 41.846947 41.805214 मजबूर
342.63998 380.32816 380.31912 342.63095 17.09616 17.115883 34.335526 34.315804 कर
214.65994 243.79758 243.7869 214.64926 45.235207 45.24894 67.87338 67.85965 रहे
424.21387 492.47028 491.69482 423.43842 97.0876 98.41847 138.18834 136.85747 एक
64.39691 136.58705 136.82687 64.636734 316.2444 315.64026 344.29694 344.90106 घाट
141.35852 196.85254 197.09457 141.60056 315.6003 315.13596 344.0585 344.52286 पर
518.35864 576.463 576.449 518.3446 25.589542 25.61259 61.107372 61.084324 इस
291.46277 420.00293 418.99915 290.45898 77.45953 79.98309 131.11151 128.58795 समय
217.57579 317.8703 318.32263 218.02812 312.03757 311.1533 362.4565 363.3408 पर
199.58337 242.81592 242.3963 199.16376 88.63035 89.47074 111.05793 110.21754 एक
253.43796 296.6714 296.18546 252.95203 89.67717 90.517624 115.513535 114.67308 मूल
9.014196 63.83436 64.084404 9.264242 311.51474 311.01096 338.22067 338.72446 छूट
