6.440937 39.68041 41.348736 8.109264 164.05246 162.17072 191.6401 193.52185 देर
388.80618 499.28476 497.93253 387.45395 143.52951 147.58151 184.45047 180.39847 काम
289.65558 330.2185 339.05353 298.4906 86.891426 72.663994 97.8529 112.08033 वह
501.55017 561.624 561.6118 501.538 21.546688 21.572094 50.427944 50.40254 जब
501.51794 592.8751 592.84985 501.4927 58.705894 58.75988 101.52216 101.46818 उसके
278.07956 342.99905 343.02835 278.10886 136.21933 136.11731 154.74332 154.84534 करना
48.328148 105.59377 107.03063 49.765007 162.69843 159.45416 184.81674 188.061 उनकी
348.9091 425.76144 424.98062 348.12827 109.318054 112.165146 133.2423 130.3952 उसका
298.4974 345.7164 354.57462 307.35562 41.88434 25.320908 50.573822 67.13725 उन
87.99518 149.29291 144.08469 82.78696 32.851807 40.801216 80.96167 73.01226 ओर
411.94415 486.81598 486.7898 411.91797 35.121872 35.180473 68.61368 68.55508 लेकर
11.497082 59.28113 55.757793 7.973743 119.917465 127.76924 149.21147 141.3597 जब
433.37122 479.6745 478.77618 432.4729 104.02486 105.74211 129.96352 128.24626 बीस
4.560379 87.344925 81.82576 -0.95878935 34.395454 45.121643 87.71851 76.992325 एक
