391.94763 483.5484 481.2279 389.62714 114.083954 117.4458 180.67328 177.31143 छह
71.53945 115.1981 116.80485 73.1462 160.36705 157.89537 186.27635 188.74803 फिर
420.0016 478.75092 478.73254 419.98322 29.842556 29.87859 59.84525 59.809216 भला
498.34503 586.1769 586.15924 498.32736 31.031982 31.085854 59.911133 59.85726 कहकर
16.521584 71.102806 67.941246 13.3600235 26.285957 33.37011 57.728935 50.644783 चल
91.38754 150.57307 147.41339 88.22786 36.01757 43.699318 68.0437 60.361954 गया
16.504147 68.0699 69.0509 17.485142 168.576 165.64653 182.91435 185.84383 भारत
534.1076 585.03217 584.99945 534.0749 82.502884 82.556366 113.76523 113.71175 उन
296.7369 341.9761 342.05386 296.81467 135.15689 135.03519 163.92917 164.05087 यह
6.32695 51.157238 46.576595 1.7463071 114.66016 122.02612 149.90454 142.53857 इस
19.589874 181.71887 177.47165 15.342646 58.657394 79.64821 112.45305 91.462234 आवश्यकता
