287.69705 321.70865 325.55814 291.54654 62.20224 50.270813 61.244102 73.17553 सागर
294.77847 315.6094 319.45322 298.62228 82.38639 75.07983 86.03843 93.34499 यह
57.6901 104.31159 106.142265 59.520775 156.06699 153.4368 185.88635 188.51654 वह
360.11673 488.54178 486.30038 357.87534 120.28664 124.9948 186.1335 181.42534 इतनी
6.051506 104.53769 100.59772 2.1115317 59.844162 72.61885 102.994 90.219315 समाज
120.34073 181.59833 176.24918 114.99158 63.540527 71.4713 112.788315 104.857544 और
414.48602 493.97913 493.9461 414.453 27.741089 27.804375 69.311264 69.24798 उस
532.2421 594.7126 594.6856 532.21515 27.763191 27.803757 69.38687 69.346306 पर
7.5531597 62.098602 63.423523 8.87808 166.02742 162.9351 186.30556 189.39787 काम
522.5519 587.3496 587.3154 522.5177 84.79921 84.87016 116.08153 116.010574 तरह
488.11694 519.67163 519.0531 487.49844 164.05122 165.2093 182.06151 180.90343 यह
57.748108 124.99897 122.31409 55.063225 40.06685 48.7929 69.485016 60.758965 स्वरूप
