518.1528 596.2187 595.55414 517.4882 95.36568 97.03426 128.12793 126.45934 आशा
499.92877 578.4266 578.55365 500.05585 29.333267 29.160248 86.8098 86.98282 खूब
315.74854 376.13214 376.15692 315.77332 25.30831 25.256302 54.00715 54.05916 लगे
46.956783 136.97287 136.99103 46.97494 4.8504386 4.8064766 41.978683 42.022644 उसके
381.88614 431.7231 431.4139 381.57693 101.80748 102.870346 117.36742 116.30455 बनाकर
431.89252 497.70117 497.7845 431.97583 12.216358 12.072109 50.074802 50.21905 भरने
272.2177 309.7177 309.7303 272.2303 19.568132 19.545807 40.643333 40.665657 रखे
2.1845284 43.041466 43.039734 2.1827965 7.8035088 7.8064346 31.982525 31.979599 गए
482.82098 515.0662 514.5356 482.29034 94.61594 95.30383 120.17677 119.48888 रंग
138.93396 167.05618 167.05972 138.9375 19.996855 19.990986 36.978302 36.984173 पर
139.31245 187.67976 185.47719 137.10988 146.3704 153.46288 168.4835 161.39104 केवल
