8.365971 57.988415 66.8764 17.253963 115.35338 58.936707 66.75432 123.17099 कदम
334.72888 392.66284 397.01276 339.0788 151.74405 139.71231 160.65744 172.68918 एक
501.30872 591.324 584.9564 494.94113 73.327675 89.9264 124.457985 107.85926 आप
118.87816 174.0083 173.88503 118.75489 336.8783 337.05475 375.56445 375.388 पर
236.84671 296.18747 296.62112 237.28036 148.6004 148.0087 191.4964 192.0881 एक
435.79773 475.0266 475.0727 435.8438 223.03772 222.94656 242.7883 242.87946 पर
391.65994 493.31937 483.8669 382.2075 50.962685 69.6919 120.9985 102.26928 पर
60.801376 118.27159 118.08371 60.613495 321.55106 321.85062 357.89688 357.59732 फेल
319.93652 360.35382 364.1931 323.77582 108.39154 99.6299 117.34059 126.102234 पर
111.32013 154.44821 154.13531 111.00723 279.88837 280.3567 309.1709 308.70258 इसके
