8.630169 79.26608 80.25513 9.619221 51.60125 49.529335 83.24799 85.31991 किस
7.0629463 80.33847 82.446594 9.17107 273.69116 267.45154 292.2085 298.44812 गया
405.26547 466.37735 467.27036 406.15848 18.400124 17.192905 62.398277 63.605495 रह
489.93304 587.72894 588.44147 490.64557 16.41095 14.403656 49.11586 51.123154 जाय
397.44778 502.16074 502.84158 398.12863 93.04234 91.553955 139.45311 140.9415 ठीक
44.037643 99.820206 102.77399 46.991425 232.04736 225.27026 249.58298 256.36008 साथ
151.66208 190.63794 190.94696 151.9711 72.71871 71.575325 82.1097 83.25309 मग्न
154.2954 175.14229 191.8141 170.96721 117.305145 106.17236 137.39156 148.52434 पर
313.80554 365.93976 366.36414 314.22992 72.70848 71.797485 96.08305 96.99405 तब
110.47153 164.19199 165.1492 111.42874 34.911495 33.33705 65.99727 67.57171 कुछ
173.90457 202.75562 223.17026 194.31921 96.92728 81.678314 120.30286 135.55182 पर
