208.27353 301.55945 288.96692 195.68102 207.05142 246.39586 276.25284 236.9084 यह
378.69135 417.87793 418.92297 379.7364 216.98648 215.51611 243.36755 244.83792 मस
484.80182 566.76984 566.77594 484.80792 102.02588 102.01645 155.01077 155.0202 बूझ
484.80963 567.76965 567.7741 484.81412 170.02907 170.01952 209.00954 209.01909 कर
210.875 317.95148 317.9367 210.86023 7.709984 7.734642 71.77396 71.7493 अभी
358.22528 544.219 544.2197 358.226 25.755722 25.75299 71.77815 71.78088 चलकर
235.56033 301.50125 294.14774 228.20682 153.45442 180.79417 198.53017 171.19041 एक
233.66217 310.07993 299.52594 223.10818 187.65143 219.63644 244.85175 212.86673 परदे
449.3433 481.7554 482.8135 450.4014 266.7146 264.71344 281.851 283.85217 पर
27.85289 205.00002 204.99097 27.843842 50.907402 50.929344 123.98176 123.959816 हुआ
