22.838577 135.97458 135.9644 22.828403 38.89601 38.910767 116.969666 116.95491 जाय
454.52585 500.4434 501.626 455.70847 266.3946 263.55957 282.71405 285.54907 कहा
408.76797 439.78006 439.77444 408.76236 17.761784 17.767818 46.783962 46.777927 के
456.26965 514.26196 514.26575 456.27344 23.775597 23.76606 46.777634 46.78717 ऊपर
529.6679 579.6507 579.64557 529.6628 23.791435 23.800972 50.812553 50.803017 एक
412.07938 467.07504 467.08054 412.08487 64.58702 64.57388 87.58319 87.59633 आध
409.88763 453.89246 453.8883 409.88348 98.399765 98.4048 134.41452 134.40948 इंच
311.313 330.73602 330.52826 311.10522 170.1325 170.49738 181.55869 181.19382 पर
492.45142 574.4132 574.416 492.4542 164.62918 164.62076 191.61258 191.621 इसका
492.45654 570.41455 570.41675 492.4587 214.2271 214.2192 236.20702 236.21492 जवाब
435.65146 457.915 461.95743 439.69388 317.97696 306.80057 314.85312 326.0295 भर
