172.81366 256.32797 255.44012 171.92581 195.54163 197.43344 236.62729 234.73547 हमदर्द
274.59967 337.95795 337.04443 273.68616 197.84972 199.28957 239.48607 238.04622 इतने
354.93027 414.2333 413.66287 354.35983 208.7214 210.06812 235.18753 233.84082 नरम
413.01807 500.66998 500.6222 412.97028 10.222473 10.321144 52.782112 52.68344 उसी
413.07907 509.54355 508.81516 412.35068 204.21758 206.40343 238.54723 236.36137 नौजवान
60.39115 115.74959 115.72256 60.364124 23.231255 23.308968 42.564743 42.48703 चल
139.77388 231.684 231.65703 139.7469 23.386055 23.515076 42.727486 42.598465 सकता
534.37476 586.62646 585.9442 533.6925 219.02655 220.20956 250.34534 249.16232 तक
230.01816 303.23425 303.17984 229.96373 1.7746696 1.8919792 35.87506 35.75775 पहले
235.83594 291.56702 291.54968 235.81862 42.55922 42.596237 68.70888 68.67186 एक
310.5908 398.07486 398.05087 310.5668 33.975098 34.04406 64.4488 64.37984 चिलम
