168.03253 235.44498 236.33286 168.92041 117.90385 115.66019 142.3371 144.58075 माफ
307.38745 345.99597 339.0985 300.49 77.802956 89.523384 112.24456 100.52413 पर
150.25342 212.12756 212.1214 150.24725 23.212955 23.226353 51.716084 51.702686 लक्ष्य
19.833466 88.848145 88.49777 19.483097 49.428635 50.527924 72.52468 71.42539 मानव
21.447235 89.602066 89.07776 20.92293 85.07161 86.18509 118.27719 117.16371 शरीर
462.62143 528.4741 528.4794 462.62668 31.012611 31.005455 79.50428 79.51144 पर
560.9647 581.92737 581.34265 560.38 141.71442 142.53369 157.49619 156.67691 और
559.0396 580.95905 580.5656 558.6462 163.3978 164.26541 174.20416 173.33655 बाग
112.448814 163.87524 164.69116 113.26473 121.88633 120.176926 144.72375 146.43315 उस
346.77658 375.5081 371.9108 343.1793 83.290955 92.01059 103.863815 95.14418 तक
230.95213 251.20631 251.20479 230.9506 7.5186005 7.520939 20.609425 20.607086 पर
230.93564 255.92606 255.92322 230.9328 32.254898 32.25988 46.506065 46.501083 यह
104.57301 140.7255 140.4208 104.268326 79.79155 80.36969 99.42247 98.84433 कर
157.67413 196.91782 196.61298 157.3693 80.64073 81.26828 100.33064 99.703094 रख
400.0797 452.57507 452.57697 400.0816 34.041325 34.03817 65.314514 65.317665 वह
516.8904 556.777 556.0355 516.1489 147.18233 148.74568 167.66112 166.09776 एक
