463.01648 573.5635 573.54846 463.0015 42.980827 43.000786 125.89826 125.8783 भर
59.850845 100.947845 100.9433 59.846294 32.884205 32.89288 54.454166 54.44549 गए
5.9975567 53.98353 53.99504 6.0090656 103.033394 103.017136 136.9989 137.01517 भुन
364.30682 417.388 417.8625 364.7813 22.101671 21.263557 51.31299 52.1511 और
356.13977 461.1704 461.1598 356.12915 64.142876 64.161736 123.11408 123.09522 कुछ
5.111271 46.114773 46.10236 5.0988564 56.543663 56.583076 69.495705 69.45629 कलम
57.742683 71.78445 71.80349 57.761726 51.194496 51.179924 69.520424 69.534996 से
311.06693 345.51663 345.9404 311.4907 28.155094 27.612583 54.52036 55.06287 रही
196.62254 231.64525 231.64119 196.61848 68.528244 68.5356 87.88054 87.873184 पर
250.75708 315.25854 315.25427 250.75279 67.61846 67.63204 87.896904 87.88332 पत्थर
196.59193 236.22777 236.22307 196.58723 108.87787 108.885345 133.76147 133.754 पड़
58.977814 93.008316 93.0188 58.988297 105.01162 104.99462 125.983635 126.00063 थर
