70.66695 137.68152 137.68504 70.67047 22.562073 22.556305 63.440346 63.446114 और
63.64206 153.13513 153.13232 63.63926 119.036606 119.04262 160.7748 160.76878 कर
190.12555 284.58698 284.58307 190.12164 102.15524 102.16156 160.78354 160.77722 उसे
279.77817 346.91782 346.96152 279.82187 205.54747 205.48993 256.50037 256.55792 कहते
10.930937 57.17975 57.184677 10.935865 29.898222 29.891422 63.45188 63.458683 हर्ज
186.79099 219.12555 213.82272 181.48816 216.4046 220.81638 259.68146 255.26968 हुआ
413.24152 477.84216 477.83936 413.2387 7.611027 7.6148796 54.292995 54.289143 करे
416.49854 501.97583 501.97363 416.49634 87.267685 87.27318 121.0518 121.04631 अमर
225.0526 276.78308 276.8161 225.08562 218.04831 218.004 256.56052 256.60483 समूह
160.16121 185.34468 185.34904 160.16557 14.934334 14.925152 26.920616 26.929798 पर
