8.777923 38.385933 40.935326 11.327315 194.55782 191.4446 215.69048 218.8037 मर
469.17914 528.30774 527.189 468.0604 185.93797 189.29933 208.97847 205.61711 तरह
469.17236 542.27673 540.4689 467.3645 214.3207 218.72371 248.74046 244.33745 इससे
485.6999 527.8723 527.8698 485.69742 388.51038 388.516 407.2193 407.21368 आया
486.78723 519.27405 519.2929 486.8061 412.27597 412.2559 442.76553 442.7856 और
529.25964 557.20654 557.22107 529.2742 421.57788 421.5598 444.06165 444.0797 वह
310.07822 404.62595 407.58664 313.0389 224.74129 217.68665 257.36633 264.421 मान
483.841 532.2683 531.4174 482.99008 132.32484 134.76427 151.6577 149.21828 गया
483.8333 532.71045 531.4027 482.52557 159.64345 162.26433 186.65327 184.0324 इसी
225.51244 296.98273 299.57544 228.10515 232.23177 226.88608 261.54993 266.8956 आगे
354.93777 389.11227 389.0817 354.9072 268.92297 268.9748 289.15448 289.10266 वह
