12.15657 54.836082 50.77984 8.100327 169.2987 177.05463 199.37546 191.61954 कर
347.29947 409.8185 406.69174 344.1727 136.33563 144.90958 167.70908 159.13513 काम
341.4218 380.13983 377.01007 338.29205 179.16708 184.47748 207.29633 201.98593 पर
557.0812 579.74084 577.167 554.5073 142.86755 148.46814 158.88184 153.28125 बार
171.25519 267.25583 267.25607 171.25543 23.307201 23.30656 58.249302 58.249943 बदन
291.39505 413.38718 413.38718 291.39505 23.306396 23.30629 54.256004 54.25611 नाटक
148.60971 180.04617 175.99234 144.55588 185.74112 191.45584 213.75577 208.04105 रंज
259.32642 308.96362 305.56268 255.92546 153.35812 160.1665 184.96158 178.1532 यह
32.01635 125.047806 125.04853 32.01708 4.1422424 4.1412888 75.02294 75.023895 फिर
405.5654 457.19852 453.5261 401.89297 164.92816 172.0091 198.78763 191.7067 यह
474.88666 541.42847 538.2998 471.75803 174.43483 183.56139 206.37209 197.24553 आप
456.98584 594.9994 595.01074 456.9972 4.153343 4.1364822 96.98363 97.00049 वही
