122.009964 387.00348 387.01617 122.02266 10.109176 10.089371 179.99315 180.01295 दानव
445.63107 496.6096 508.4744 457.49588 89.11156 68.17847 97.072876 118.00597 यह
470.01172 492.15582 485.70197 463.55786 206.34195 213.64551 233.21338 225.90982 कर
9.230108 45.22637 45.229485 9.233217 54.29374 54.28887 77.272575 77.27744 और
59.654465 114.642715 114.64583 59.657578 54.285496 54.278046 77.26318 77.27063 उसकी
9.215292 45.212463 45.215202 9.218035 81.47462 81.470314 104.45565 104.45995 ओर
59.64047 88.639084 88.64131 59.642696 88.46352 88.46011 107.44881 107.45221 इस
462.58383 480.95987 481.56882 463.19278 111.24749 110.90004 143.10757 143.45503 रहे
456.31543 485.80945 493.18103 463.687 151.60025 139.5169 157.5101 169.59344 ठंड
458.84015 487.50586 492.89856 464.23285 185.2843 173.55481 186.73401 198.4635 बार
240.68954 290.6821 290.68533 240.69278 115.82712 115.8215 144.80978 144.8154 कुछ
240.68149 336.6745 336.6763 240.6833 160.60991 160.60164 181.59538 181.60365 वकालत
