103.31835 135.61536 136.47302 104.17603 9.702248 9.009117 48.97316 49.66629 पर
525.8013 588.76416 546.95703 483.99414 84.764786 116.66339 199.18413 167.28552 अगर
153.2305 176.51517 177.06805 153.78339 15.765191 15.344749 45.963898 46.38434 वह
72.37359 114.3657 115.93656 73.94445 275.73996 272.5787 293.44498 296.60623 गए
233.7594 271.67902 285.92102 248.0014 237.47392 212.48987 234.10573 259.08978 इस
500.71976 521.3556 506.61813 485.9823 148.87296 158.90524 189.21939 179.1871 कर
384.41794 433.98373 432.67447 383.10867 298.7473 303.22247 317.72375 313.2486 फकीर
338.95337 413.08527 413.07916 338.94727 5.685528 5.6935463 62.01398 62.005962 सकती
194.63461 227.98798 238.33694 204.98358 180.28107 158.264 173.94153 195.95859 कर
482.71637 503.62976 490.8156 469.90222 124.562775 134.45749 161.54141 151.6467 जल
399.2 459.3413 457.40906 397.26776 261.6933 267.5114 287.48505 281.66693 गया
