332.23233 372.08273 373.10806 333.25766 90.982254 89.29024 113.43883 115.130844 हम
391.25607 431.09085 432.11612 392.28134 88.47615 86.78479 110.93167 112.62303 यह
450.2715 492.50345 493.37534 451.1434 85.9704 84.17622 104.699066 106.49324 सब
504.6999 526.7197 526.7056 504.68582 5.575905 5.595274 21.604683 21.585314 वह
532.4214 590.4043 590.39026 532.40735 5.6042004 5.655205 21.660707 21.609703 लगभग
504.6911 530.7 530.6901 504.6812 35.191875 35.207973 51.213963 51.197865 उठा
12.518265 183.78728 183.78998 12.520966 18.024345 18.01905 105.398415 105.40371 कर
163.80212 191.40875 192.0809 164.47427 140.95076 139.32765 150.75993 152.38304 फल
166.48248 197.15384 197.8869 167.21555 162.48532 160.68253 173.1542 174.957 आज
204.51001 229.06793 229.73993 205.182 160.24982 158.80634 170.23898 171.68246 तक
237.18144 262.82727 263.80493 238.1591 153.11444 151.60672 168.2367 169.74442 भोग
166.92603 190.48007 191.21295 167.6589 184.15152 182.7674 195.23914 196.62326 रहा
355.05716 404.54282 405.66885 356.1832 52.532516 50.433624 76.982956 79.08185 और
530.0284 592.0052 591.9892 530.0124 58.017593 58.048676 90.04283 90.01175 कमर
232.00174 330.94547 330.94382 232.00009 8.792282 8.794998 69.44887 69.44615 कट
264.4439 338.05603 339.76715 266.15503 146.71404 142.38615 171.4901 175.81798 नजर
541.05536 586.0335 586.01056 541.0324 25.01799 25.056213 52.051453 52.01323 खुद
