85.638626 136.63203 136.64279 85.64938 231.16348 231.13821 252.8371 252.86237 तक
480.22287 550.666 553.0387 482.59555 111.15449 106.6597 143.84427 148.33907 विषय
411.04684 465.73282 465.46426 410.7783 259.90143 260.4986 285.0937 284.49652 काम
144.90083 250.94371 250.97649 144.93361 195.04231 194.9862 256.91028 256.9664 लगी
529.69525 548.7506 522.53217 503.47684 182.34033 195.91473 232.7193 219.1449 बूझ
141.36232 200.73997 202.08665 142.709 112.79239 109.0043 130.11334 133.90143 लाल
143.1046 195.46675 197.96828 145.60612 141.14293 137.80162 177.0031 180.3444 आई
283.55283 335.13974 337.28433 285.69742 87.7775 82.23074 102.17641 107.72316 सवाल
4.462185 63.831043 63.832493 4.4636345 201.03099 201.02681 221.67897 221.68315 पहला
5.540001 51.419003 51.428314 5.5493126 234.91496 234.89201 253.49977 253.52272 शब्द
525.6419 539.99 523.0997 508.75156 213.0588 223.31247 246.9476 236.69394 तर
540.4092 570.39514 562.8672 532.8812 223.42033 233.842 255.5019 245.08025 कर
7.3301907 58.668655 60.07975 8.741285 138.30035 135.02469 157.14026 160.41592 कहा
