119.50812 184.58087 183.22949 118.156746 65.40863 67.61238 107.51587 105.31212 ईरान
265.68967 284.5463 284.53903 265.6824 5.938918 5.9525957 15.944907 15.93123 उन
35.802788 107.979294 107.052345 34.875843 25.89124 28.37035 55.35732 52.87821 सजा
132.12675 189.23112 188.30428 131.1999 29.20287 31.164288 58.14815 56.186733 कर
35.658165 84.792984 83.49239 34.35757 65.30649 66.99123 104.92255 103.23781 धरे
354.42838 406.68704 408.10275 355.8441 23.866682 20.685947 43.94597 47.126705 कहा
432.17328 470.73987 470.73016 432.16357 81.2352 81.24841 109.60266 109.58945 गये
209.55692 240.95932 240.94647 209.54407 12.892513 12.912621 32.99998 32.979874 वह
248.17725 308.2261 307.36993 247.32108 82.798065 84.85899 109.80472 107.74379 अजीब
513.4591 552.6697 552.6637 513.4531 84.52458 84.53647 104.14328 104.13139 एक
