115.733154 271.3 271.2893 115.72249 6.007866 6.05085 44.647404 44.60442 उठकर
115.78728 186.409 186.40297 115.78126 85.39319 85.40074 141.60062 141.59306 बैठ
443.55057 513.386 513.4055 443.5701 15.256347 15.224491 58.028595 58.06045 एक
4.2844543 40.69442 64.17464 27.764671 202.1639 184.65688 233.48949 250.9965 मगर
256.5254 322.6717 322.67487 256.52856 66.69885 66.69205 97.53601 97.542816 एक
256.53027 322.67206 322.66864 256.52686 114.07077 114.0762 155.9313 155.92587 दिन
397.43683 437.97217 437.9803 397.44495 40.056557 40.041924 62.56308 62.577713 भूल
55.892693 72.51069 84.53031 67.912315 205.10004 197.22879 222.60498 230.47623 रह
26.797966 114.00425 113.99728 26.790995 64.431366 64.44626 105.23114 105.21625 बद्धमूल
453.75763 534.8491 534.86017 453.76868 79.45346 79.43648 132.34357 132.36055 पर
