20.420391 44.92803 64.17462 39.66699 205.24573 193.4617 233.4895 245.27353 सेन
211.04547 290.43646 290.45276 211.06175 83.20865 83.18567 139.37721 139.40019 इन
421.0589 542.69977 542.7355 421.0946 32.1637 32.11612 123.353455 123.40103 और
155.11324 254.41716 254.40346 155.09953 12.8589325 12.881348 73.520004 73.49759 हुआ
286.9444 367.42767 367.4145 286.9312 12.902653 12.929348 52.608814 52.58212 जब
498.7273 558.4332 558.44434 498.7384 16.35808 16.339115 51.266647 51.28561 हाथ
1.2633352 17.80053 29.43457 12.897376 220.14597 212.02774 235.7268 243.84503 वह
36.531166 112.71259 112.70376 36.52233 42.156494 42.17215 85.17212 85.15646 लोग
36.600967 106.12996 106.12663 36.59764 111.39 111.39723 143.35477 143.34753 नाव
2.3714333 41.72418 41.58614 2.233394 374.5257 374.81628 393.51056 393.21997 वह
