548.0769 587.7743 587.7992 548.1018 13.705565 13.664154 37.47529 37.5167 यह
430.06805 468.2835 465.31714 427.10168 255.1051 257.18024 311.80902 309.7339 कुछ
425.514 485.97977 485.99026 425.5245 317.30222 317.28934 366.48502 366.4979 आनंद
441.97754 484.74286 478.2525 435.48718 3.790207 13.793076 41.54134 31.538471 बजे
512.99023 592.6456 583.6096 503.95422 255.35272 261.8449 372.7118 366.2196 ओर
488.55548 525.36597 521.4221 484.61163 24.090397 32.70699 49.555347 40.938755 जब
173.27539 202.05048 202.71231 173.93723 280.30222 279.7081 311.76144 312.35556 यह
213.29904 268.1018 268.11966 213.3169 280.2686 280.23752 311.72433 311.7554 उसका
174.31784 236.54001 236.55121 174.32904 339.9493 339.9252 368.87503 368.89914 अन्याय
410.38202 427.27277 424.95477 408.06403 4.7560825 8.708944 18.613834 14.660973 घर
