358.32947 425.69684 424.1479 356.78052 127.1178 131.9249 153.63193 148.82483 सेवक
74.0128 215.102 215.11095 74.02174 21.010092 20.985344 72.00471 72.02946 देखकर
500.32715 555.355 516.3852 461.3574 194.39893 215.58966 316.7857 295.59497 वह
291.1922 360.23553 359.12305 290.0797 130.98207 135.71477 151.94402 147.21132 समझा
317.58374 388.78424 388.78912 317.58862 6.741608 6.7319107 42.78205 42.791748 सबसे
317.46216 370.56738 370.5686 317.46338 66.607216 66.604546 90.608345 90.611015 बङा
558.60736 595.008 564.16364 527.763 236.32727 251.79504 324.38177 308.914 और
349.48676 389.9328 388.70154 348.2555 105.18989 107.86756 126.465416 123.78774 इस
390.06055 535.58496 535.5891 390.0647 10.938851 10.931129 88.99955 89.00727 जिस
453.60156 500.23254 467.56702 420.93604 159.37387 175.88754 268.12784 251.61417 दिन
