316.44373 372.35547 371.2085 315.29675 125.16705 129.10437 145.39236 141.45505 नहर
384.6274 416.34445 414.8251 383.10806 123.06729 125.29086 146.96277 144.7392 के
20.016129 183.08504 183.08583 20.016922 16.015272 16.013947 114.00438 114.00571 जवाब
514.24414 585.9154 538.905 467.23373 164.55762 192.2472 313.92813 286.23856 पसंद
349.48804 394.91028 393.67773 348.2555 105.17053 108.17766 126.794876 123.78775 हम
183.4336 435.79535 435.80017 183.43842 14.762326 14.736588 61.792965 61.818703 कारण
465.74658 595.2018 595.20654 465.75134 14.73098 14.717777 61.77671 61.789913 घर
343.41782 365.303 354.30008 332.4149 191.44685 198.0666 234.44292 227.82317 वह
367.4428 433.64557 433.32257 367.1198 197.7944 198.55908 226.52203 225.75735 अचानक
435.0424 501.54282 501.09555 434.59512 187.8161 188.5842 227.30484 226.53674 भयभीत
281.05515 312.12778 311.1851 280.11246 131.65948 133.88641 147.03976 144.81284 पर
226.9802 278.05856 278.0615 226.98312 66.015495 66.01069 97.008705 97.01351 इसी
84.86483 126.9667 115.55071 73.448845 177.51025 184.50381 253.22913 246.23557 वह
