363.05927 409.16547 408.88715 362.78094 226.69788 227.10413 258.68777 258.28152 और
205.34834 241.69136 240.17424 203.83122 335.58643 338.0691 360.2779 357.79523 कोई
94.096054 217.03163 222.05086 99.11528 248.36563 232.06085 269.90512 286.2099 करुण
521.17584 552.654 550.19073 518.7126 268.45993 273.34238 289.2238 284.34134 पर
509.40155 562.39905 557.2198 504.22232 313.43146 321.84302 354.47522 346.06366 हर
457.8416 531.11194 530.95465 457.68436 234.55582 235.18063 253.62286 252.99805 अमानत
269.50134 308.28888 306.9007 268.11316 349.9082 352.59235 372.65198 369.96783 बता
424.16116 485.7731 479.63693 418.025 300.18985 310.02072 348.4772 338.64633 इस
336.69058 365.8685 365.71585 336.53793 229.5977 229.84099 248.1493 247.90602 पर
362.96445 427.94833 423.05032 358.06644 295.83426 306.18124 336.94284 326.59586 पास
