353.7363 425.68796 426.76517 354.8135 106.41509 103.75432 132.88406 135.54483 मोहलत
443.3822 460.04535 460.78796 444.12482 111.43478 110.775406 129.5427 130.20207 न
67.908615 184.693 184.71071 67.92633 15.391848 15.360596 81.53413 81.56538 तक
496.69037 534.24774 535.3636 497.8062 111.338425 109.949234 140.11641 141.5056 रह
559.86365 597.4077 598.52356 560.9795 109.00177 107.6131 137.78079 139.16946 रह
329.4013 363.20795 361.33423 327.5276 289.81494 293.36713 311.19952 307.64734 हुए
44.437626 110.714874 110.72238 44.445133 91.23894 91.215256 112.224655 112.24834 समय
126.25096 162.02577 162.03288 126.25807 91.21001 91.19792 112.207 112.219086 पर
44.387497 89.653534 89.665924 44.399887 124.01482 123.99814 157.61845 157.63513 कई
44.34813 89.61478 89.62758 44.36093 165.2001 165.18173 196.70258 196.72095 दफे
105.138794 143.0281 143.03812 105.1488 173.5806 173.56491 197.73083 197.74652 वह
258.44565 325.22012 326.41275 259.63828 107.43929 104.96997 137.22 139.68932 रखा
377.6914 424.9358 423.29437 376.05 292.03424 297.02515 312.56305 307.57214 उस
206.95047 250.07352 250.08011 206.95706 27.747507 27.734592 49.788193 49.801105 उस
206.91933 267.91486 267.9218 206.92628 66.39528 66.37607 88.43265 88.45186 समय
