515.7997 569.0083 570.77844 517.5698 100.003204 98.03491 145.88777 147.85606 हर
329.06467 398.46335 396.79196 327.39328 289.07568 296.15094 312.54468 305.46942 वापस
159.8148 221.86592 221.87245 159.82133 6.545678 6.529579 31.734577 31.750675 भाव
156.28941 239.38484 239.39629 156.30086 53.387283 53.362106 91.17467 91.199844 उदित
352.8825 389.70856 391.4461 354.62006 78.926895 75.6423 95.12341 98.408005 करने
258.5313 323.2107 324.2879 259.60852 109.52013 107.128235 136.25705 138.64894 औरत
18.258183 57.196957 57.20373 18.264957 58.051025 58.03907 80.09825 80.11021 एक
78.36037 135.16484 135.17097 78.3665 58.032574 58.01512 77.97298 77.99043 गलत
19.372097 126.661804 126.66875 19.37904 101.75157 101.714264 121.67537 121.71268 अवधारणा
480.25824 528.2999 527.5948 479.5531 319.95923 321.30957 346.39746 345.04712 उन
300.93207 331.42603 331.43018 300.93622 52.713383 52.70417 66.356445 66.36566 आप
344.54977 373.99332 373.99863 344.55508 48.499767 48.490974 66.34299 66.351776 फिर
