369.18286 432.8006 433.9165 370.29877 111.67873 109.325516 139.49352 141.84673 मार
31.644663 84.273834 84.285484 31.656313 41.66048 41.64512 81.56 81.575356 गए
117.03779 195.9306 195.94073 117.04792 41.635555 41.612526 76.27162 76.294655 ऋण
31.573929 83.150566 83.162735 31.586098 117.29572 117.27704 150.89722 150.9159 पर
359.81177 420.3239 417.9026 357.39044 284.41663 290.87787 313.55457 307.09332 वह
519.006 589.90234 591.3646 520.46826 101.96875 99.34619 138.87804 141.5006 भीतर
415.03336 480.20163 480.20914 415.04086 23.910156 23.890678 49.08928 49.108757 रकम
500.4633 546.70667 546.713 500.46964 23.885096 23.872353 46.970573 46.983315 बच
317.372 355.73413 354.07727 315.71515 287.10645 291.14813 306.87433 302.83264 इस
469.765 529.41144 528.85834 469.2119 315.95053 317.33713 341.12875 339.74216 साथ
456.87845 500.67093 501.44028 457.6478 113.64448 112.025085 132.83066 134.45004 अब
86.58258 158.10893 158.11569 86.58934 91.64359 91.61939 111.57874 111.60294 उसका
86.53726 125.47499 125.483795 86.54607 135.34618 135.33064 157.39262 157.40816 एक
