194.75864 232.05911 252.23239 214.93192 24.519302 11.196976 67.6791 81.00143 डाल
454.92093 500.9767 500.97232 454.91653 11.986231 11.996927 31.008097 30.9974 पाए
562.69714 596.2472 582.12756 548.5775 11.484314 21.116508 70.29672 60.664528 लोग
56.398697 105.56874 99.55141 50.38136 255.09027 268.07336 290.86243 277.87933 एक
36.554817 93.12306 84.81194 28.243702 288.6127 303.94455 334.6091 319.27725 परदे
98.635666 144.90813 156.21245 109.93999 46.237965 37.50486 97.40086 106.133965 गये
12.220364 93.88431 93.9762 12.312252 49.859097 49.712975 101.06694 101.213066 वगैरह
308.76288 346.26624 345.4098 307.90643 27.486004 28.618977 56.96912 55.836147 तक
355.55508 382.09366 373.16238 346.6238 22.74636 29.664864 63.924294 57.00579 जस
104.75044 155.72604 147.38896 96.41335 277.12448 290.72128 321.97775 308.38095 दिन
82.15159 136.85077 136.85571 82.15653 11.414096 11.40543 42.63971 42.648376 अनपढ़
