454.57825 484.77533 524.65845 494.46136 276.44666 258.912 327.5963 345.13098 और
307.93488 339.40588 339.33344 307.86243 299.58328 299.69308 320.45554 320.34573 इस
397.0007 465.00266 464.9932 396.99124 60.160316 60.18055 92.05198 92.031746 अब
401.42883 482.44073 481.92126 400.90936 285.76645 286.74728 329.6517 328.67087 समारोह
335.7335 357.29507 368.9307 347.3691 295.383 288.12836 322.71082 329.96545 हर
479.6125 534.6004 534.60333 479.61542 4.4164658 4.411415 36.278862 36.283913 यह
479.61523 554.6144 554.60547 479.60635 64.169426 64.1917 94.070595 94.04832 उत्तर
553.42926 588.5618 589.24664 554.1141 295.1502 294.49823 331.40143 332.0534 यह
28.012886 99.01864 99.003944 27.998194 15.225857 15.248631 61.064777 61.042004 यह
271.04584 309.80292 307.4148 268.6577 315.4035 323.094 335.12915 327.43866 रह
