329.75018 350.14825 361.74255 341.34448 301.91663 294.99023 329.1353 336.0617 तब
413.02582 438.09985 473.25385 448.1798 288.6577 273.44574 331.39026 346.60223 मेज
470.9718 490.05914 512.5243 493.43695 304.03262 292.95297 331.65457 342.73422 पर
89.71501 219.7144 219.70497 89.70558 9.679794 9.704407 59.492867 59.468254 ऊपर
256.7624 337.7583 337.75146 256.75555 9.728859 9.741493 53.556313 53.54368 का
556.3503 594.8023 594.8006 556.3486 297.00214 297.0041 329.62317 329.62122 रूप
302.5621 334.35532 334.2866 302.49338 300.64752 300.75854 320.438 320.32697 नकदी
372.00113 455.99234 455.99368 372.00247 13.344421 13.342506 72.10236 72.10428 और
361.53165 376.73306 384.8644 369.663 311.88956 306.8406 331.3226 336.37155 पर
4.006119 68.01341 68.00175 3.9944513 27.170177 27.191006 63.048588 63.02776 इस
