451.39072 523.58923 523.6365 451.4379 11.088382 10.933636 32.950336 33.105083 समय
541.6259 597.82916 597.8875 541.68427 10.894974 10.774506 37.99415 38.114616 बाद
533.376 590.85376 590.91724 533.43945 326.45596 326.35403 362.1522 362.25412 यह
32.37442 103.71833 98.71167 27.36776 65.39155 76.75872 108.18206 96.81489 लिए
567.08 601.5629 597.14264 562.6597 120.19731 126.38432 151.02025 144.83324 पल
193.5842 309.8317 298.1982 181.95071 79.22751 103.626236 159.05385 134.65512 गया
458.5763 516.1463 516.214 458.64398 324.21082 324.10876 362.2846 362.38666 रहा
20.922745 59.027115 57.34767 19.2433 110.88215 116.81089 127.60476 121.67602 जगह
20.919456 57.270264 54.8863 18.535492 130.97327 136.4989 152.18204 146.6564 मधुर
134.27599 197.88988 192.68773 129.07384 44.751083 58.191406 82.81349 69.37317 दफा
