510.0091 568.35535 568.341 509.99472 46.8351 46.872063 69.51639 69.47942 हवा
535.28876 583.4405 583.408 535.2563 10.640919 10.71582 31.600246 31.525345 आज
459.591 483.29437 402.78906 379.0857 98.365814 133.06049 188.06158 153.36691 बहुत
176.90736 277.2234 279.0935 178.77751 25.516052 17.778862 42.02616 49.76335 मगर
29.745975 52.7216 57.009167 34.033543 4.606188 1.4584503 32.75379 35.901527 और
278.90576 341.08826 345.75867 283.57617 58.05301 49.91919 85.62399 93.75781 पर
309.154 405.37616 396.41766 300.1955 116.3125 139.63284 176.59662 153.27628 पर्वत
87.405014 197.49565 199.39745 89.30681 49.889046 40.587196 63.095764 72.39761 साथ
7.907524 31.776924 31.751472 7.882072 4.538065 4.5733585 21.785973 21.750679 उस
354.54852 397.3548 400.53003 357.72375 262.5371 253.54376 268.65717 277.6505 और
466.36246 510.8486 510.8221 466.33597 2.5053043 2.5561295 25.744095 25.69327 करती
368.3849 418.6974 422.1604 371.8479 38.486675 31.949966 58.60439 65.1411 रहा
490.5304 504.74066 444.3916 430.18134 140.91602 161.30359 203.36731 182.97974 हुए
