495.6228 555.9647 554.8557 494.51382 93.15713 95.90348 120.26891 117.52256 पास
519.16595 587.55206 588.03375 519.64764 326.92505 325.2334 344.70435 346.396 पर
73.42371 169.43085 169.43274 73.42559 17.672007 17.668236 65.64132 65.64509 उस
204.8613 277.86386 277.86575 204.86319 17.666855 17.663986 65.63687 65.63974 पर
74.4877 213.50854 213.51144 74.4906 81.23746 81.23172 151.20477 151.21051 फबते
324.5344 371.21353 371.21585 324.5367 193.42564 193.42232 225.82811 225.83144 चुप
553.8978 597.34265 596.3291 552.8843 118.10086 120.07764 142.35178 140.375 कर
351.0094 504.98975 504.99268 351.01233 5.0692024 5.0628815 76.02226 76.02858 आज
519.9415 561.04675 561.12317 520.01794 150.24425 150.08406 169.69716 169.85735 गया
235.00818 356.00507 356.00757 235.0107 70.036285 70.03134 132.00494 132.00989 अपने
564.98016 593.14606 593.1956 565.0297 159.29396 159.21901 177.82405 177.899 उसे
