28.436234 170.4131 170.42003 28.443161 19.2348 19.209225 57.640472 57.66605 अवनत
193.50302 304.22662 304.23703 193.51343 5.988925 5.9684906 62.422825 62.44326 होकर
23.372952 113.63112 113.63797 23.379803 84.55671 84.54241 127.73745 127.75175 कहा
516.678 590.9153 594.6299 520.3926 82.321175 73.995964 107.11944 115.44465 और
43.023468 158.62354 155.7008 40.100746 158.18938 170.10405 198.4612 186.54652 आसन
118.17563 256.55426 256.56708 118.188446 66.775764 66.75302 144.74692 144.76967 मत
191.48892 289.3974 286.45453 188.54605 166.9186 176.94978 205.67366 195.64247 तरह
317.6642 404.28 404.28647 317.6707 19.903542 19.887959 55.920967 55.93655 सटीक
526.4858 578.30255 581.0374 529.22064 54.838898 48.73636 71.958084 78.06062 एक
203.9548 215.92963 123.7543 111.77948 148.8402 172.05827 219.5981 196.38002 और
