75.11986 109.11174 109.383835 75.39195 15.077027 14.863319 58.14257 58.356277 के
138.68411 214.83804 214.82504 138.67111 29.125175 29.159286 58.18981 58.1557 पतन
244.09833 288.26306 288.25006 244.08533 29.18031 29.2001 58.222706 58.202915 पर
75.62599 131.82906 131.82065 75.617584 95.58484 95.60007 126.649796 126.63457 रहा
78.15646 142.44409 142.43964 78.15201 148.07553 148.08218 191.17307 191.16641 और
5.546646 60.555923 60.68316 5.6738815 328.92676 328.78918 379.67676 379.81433 चन्नन
391.4475 584.0294 583.9995 391.4176 13.8537445 13.89978 138.97874 138.93271 इसे
107.467285 141.80908 141.80647 107.46467 374.86432 374.86755 402.6197 402.61646 बना
159.1922 192.4899 192.48575 159.18805 374.81827 374.82303 404.00198 403.99722 कर
301.8605 351.04288 351.03024 301.84787 50.823578 50.842346 83.86871 83.849945 वह
159.33304 191.55148 190.97244 158.754 230.34296 231.21902 252.5134 251.63733 वह
63.784294 129.1033 129.14249 63.82348 333.01205 332.9302 364.21115 364.293 सकता
