387.28976 444.92526 444.91434 387.27884 38.482048 38.49427 89.95173 89.93951 पर
345.43683 548.6147 549.4345 346.25665 298.1213 295.72745 365.3113 367.70517 अच्छ
28.62558 113.75894 110.86307 25.729704 8.549011 11.134872 106.47456 103.8887 इस
149.25397 277.56894 277.58084 149.26587 11.129372 11.109428 87.87663 87.896576 समय
312.1623 404.1112 404.09564 312.14673 11.071159 11.089783 87.93333 87.9147 तक
436.94696 576.3722 576.3866 436.9614 11.084663 11.062996 103.995415 104.01708 इनका
142.74147 234.43886 234.83195 143.13457 317.16824 316.33957 359.8409 360.6696 केवल
72.396675 113.5369 113.52805 72.387825 87.46462 87.47808 114.51635 114.50289 अपने
122.32292 188.29163 188.28499 122.31629 95.49987 95.521736 115.54052 115.518654 आसपास
71.69031 94.163345 93.187744 70.71471 115.34404 116.10881 144.77693 144.01216 को
102.12654 146.14755 146.1359 102.114876 125.097565 125.11902 149.02014 148.99869 समझ
245.1977 339.0462 339.72998 245.88147 295.9318 294.7748 350.23746 351.39444 धन
