454.45703 596.16016 595.4324 453.72925 30.419533 32.296593 87.23726 85.3602 इतना
13.78915 87.85007 89.14247 15.081547 156.05467 154.70802 225.78499 227.13164 अब
210.0145 242.81168 250.39514 217.59796 228.10446 221.90305 262.00946 268.21088 और
90.38736 160.10873 163.27393 93.55255 104.69685 102.336685 195.83958 198.19975 और
234.46448 251.7294 251.76074 234.49582 229.9254 229.86293 238.5233 238.58577 आप
493.768 541.981 541.6839 493.4709 104.55658 105.44217 121.61568 120.73009 जाए
553.60895 598.6884 598.2386 553.1591 97.33394 98.16196 122.65451 121.82649 और
487.94055 559.26135 558.7239 487.40305 130.97748 132.6384 155.71817 154.05725 आपके
45.685257 63.251892 64.77843 47.211792 115.86834 114.73732 138.44714 139.57817 वह
71.54245 90.289 92.074554 73.328 106.956566 105.911575 137.94345 138.98843 हर्ष
