376.62482 432.50952 429.88953 374.00482 212.23926 218.63129 241.53772 235.14569 देश
422.669 481.59735 496.08185 437.1535 145.41946 117.603485 148.28903 176.10501 समय
102.81789 124.09296 130.62698 109.35191 22.603657 18.776394 55.09791 58.925175 पर
137.778 209.3784 209.44063 137.84023 12.792945 12.697365 59.31212 59.4077 ईसाइयत
215.39957 238.7608 247.25363 223.8924 8.414825 4.48365 54.952785 58.88396 को
522.8863 565.79944 554.7404 511.82724 180.34824 204.95114 224.24066 199.63776 और
230.25009 264.79663 260.12595 225.57939 161.58443 170.18983 188.94057 180.33516 रूप
170.25534 223.3052 213.7286 160.67874 177.99527 192.27884 227.8468 213.56323 गई
363.67737 397.826 405.02704 370.87842 26.998085 21.780922 68.91504 74.1322 रहा
410.71408 448.51804 456.3284 418.52444 11.82912 6.2523117 59.196934 64.77374 और
544.45306 579.54486 573.07184 537.98004 135.39009 154.83186 166.51558 147.0738 रस
270.19876 283.63907 288.95236 275.51205 45.22094 43.01056 75.31832 77.5287 के
294.92392 327.82272 327.8569 294.9581 54.89347 54.838387 75.2532 75.30828 ऊपर
