5.3839417 83.14545 79.57646 1.81496 213.68768 223.27426 252.22403 242.63745 सकती
121.449814 149.42326 137.05397 109.08052 390.61435 398.61612 441.85794 433.85617 पशु
259.5109 303.27194 309.64926 265.8882 18.255917 13.910973 78.14122 82.48617 यदि
6.804878 98.483696 96.016655 4.337838 258.55664 270.35333 289.52606 277.72937 जाइए
6.8599777 69.610725 67.05164 4.3008957 293.54553 301.8847 321.14136 312.8022 बात
121.75877 153.61043 152.0753 120.22365 364.42407 366.49573 390.09857 388.02692 उसने
538.4887 590.5004 590.483 538.47125 9.861755 9.878098 65.3609 65.34456 हार
372.55768 419.748 423.9803 376.78998 243.82645 233.44882 252.69446 263.07208 और
532.5687 578.2825 578.69556 532.9818 150.22821 149.90009 207.45288 207.781 यह
534.4374 593.27954 593.848 535.00586 242.57077 241.85834 288.8076 289.52002 बात
