532.4675 586.4487 553.4512 499.46997 36.84752 59.669144 137.72003 114.89841 एवं
141.91687 257.3138 257.40057 142.00363 269.97055 269.8743 373.8848 373.98105 मनुष्य
387.42715 433.13425 433.10757 387.40048 342.60785 342.64215 378.12354 378.08923 रहा
435.66483 475.67856 474.09225 434.07852 99.73834 103.08722 122.040665 118.69179 बहुत
479.87714 518.2007 517.0346 478.71103 103.3167 106.48635 120.58572 117.41607 जल्द
466.66388 550.0928 543.80554 460.37665 334.04807 351.2822 381.71823 364.4841 एकदम
49.645638 132.55096 132.73074 49.8254 294.69824 294.39838 344.09753 344.3974 करता
546.679 588.8564 587.467 545.2896 34.702915 37.63283 57.63455 54.70463 यह
257.0711 301.04846 301.13092 257.15356 294.19446 294.08777 328.08112 328.1878 कर
320.5006 359.68665 355.75146 316.56543 290.89365 293.8762 345.57797 342.59543 तुम
