456.1624 562.89545 560.16095 453.42792 86.208755 94.41784 129.97134 121.76226 इसका
76.37084 186.8245 187.10843 76.65478 238.59204 238.08661 300.14294 300.64838 सहयोग
187.40933 260.04395 260.1092 187.47458 298.30017 298.1114 323.21057 323.39935 चपतकर
271.90173 318.35803 318.45844 272.00214 284.54398 284.4233 323.05893 323.1796 उसने
187.19066 220.3256 219.07936 185.94441 332.1487 333.22397 371.62784 370.55258 जेब
518.6571 564.05884 557.9055 512.5038 341.33432 350.9255 380.05362 370.46243 तब
18.648401 67.84072 68.33964 19.147318 307.19394 306.8242 373.19882 373.56857 की
88.07594 152.41425 152.45515 88.11685 325.87817 325.8225 373.1261 373.18176 तरह
388.3879 433.1356 433.10757 388.3599 340.8122 340.84576 378.12354 378.08997 हम
465.91888 522.7535 514.6921 457.85748 330.3173 342.416 380.28506 368.18637 एक
