298.01678 310.8192 332.8723 320.0699 12.900804 2.854351 30.9571 41.00355 जिस
329.7376 363.11255 362.65887 329.28394 18.563343 19.62341 33.905903 32.845837 जगह
302.42108 340.31097 330.2367 292.3468 332.6079 422.85547 427.08508 336.83752 पक्ष
390.8329 508.0973 500.32617 383.06177 133.21272 153.02507 199.02031 179.20796 आदमी
530.73566 600.2961 594.95917 525.39874 171.66837 183.4209 215.00897 203.25644 एक
390.26022 457.783 449.24478 381.72202 195.92993 207.18054 258.42438 247.17377 सैर
479.61255 544.1981 538.9502 474.36462 231.1134 241.8746 273.37106 262.60986 कर
390.88937 456.33365 448.6683 383.22403 268.58932 279.34164 325.99686 315.24454 गये
478.95447 562.24084 557.08997 473.80362 298.77576 312.45947 343.81018 330.12646 मगर
291.61685 339.22214 324.71445 277.10916 338.7568 455.2581 461.1863 344.68503 पड़ा
345.04254 371.1726 370.89447 344.7644 39.518093 40.11616 52.26843 51.67036 रूप
290.60422 336.33664 321.54745 275.81503 372.2102 486.61304 492.52502 378.1222 इतने
441.0896 485.71118 481.3308 436.70923 349.8183 357.06873 384.02704 376.7766 यह
441.35556 507.81223 503.48062 437.02396 389.6869 400.39465 427.27844 416.57068 वजह
518.3429 596.1846 590.9928 513.1511 392.24615 404.8001 436.99243 424.43848 बल्कि
