63.891663 131.25966 116.21008 48.842087 380.1785 425.56894 447.90536 402.51492 सच
268.9092 311.20328 312.28067 269.9866 385.90582 383.7508 404.8958 407.05084 कम
233.80478 271.65005 277.76376 239.91849 342.6676 289.43286 293.77917 347.01392 गया
123.58536 176.46268 162.5246 109.647285 265.5172 302.8006 322.5683 285.2849 जय
104.99849 157.60254 143.94948 91.34542 314.6509 351.09842 370.80368 334.35617 जय
86.61456 138.9466 125.57471 73.242676 363.2484 398.87915 418.51886 382.88812 जय
339.14468 398.8536 399.91324 340.2043 397.0851 393.91708 413.88876 417.0568 दौर
58.870636 112.56952 101.296234 47.59735 419.60815 455.42297 472.32556 436.51074 तक
277.56726 317.1126 318.1812 278.63586 357.2241 355.40598 378.64853 380.46664 यह
204.09944 232.51036 217.00264 188.59172 89.83244 102.4155 137.42989 124.84683 खूब
