18.509338 63.142235 63.204117 18.57122 435.2736 435.09042 450.17062 450.3538 पर
224.61258 272.9106 279.00095 230.70291 387.06824 380.05792 422.01776 429.02808 एक
13.6146965 107.89784 108.047485 13.764332 5.425028 5.171135 60.738617 60.992508 जीवट
25.101753 106.74491 107.046364 25.403206 85.734726 85.24727 135.73819 136.22565 छूकर
275.62817 326.40112 329.49127 278.71832 300.91415 293.01474 312.87637 320.7758 उतना
11.25742 38.05448 37.965855 11.168792 527.0979 527.2186 546.90015 546.7794 जन्म
18.251667 42.288548 50.224407 26.187527 553.9658 548.44995 583.0327 588.5486 अप्रैल
30.450657 76.50423 61.442913 15.389341 364.19437 380.58505 422.9034 406.51273 वह
15.565269 66.89634 67.15617 15.825104 141.53831 141.14445 175.00673 175.40059 करती
253.84116 268.87875 270.9166 255.879 344.3771 342.6863 360.81027 362.50107 पर
2.0450969 16.600399 23.746096 9.190794 487.60217 484.18518 514.62335 518.04034 रही
