158.00948 215.30205 216.91615 159.62358 369.31403 366.2265 396.17773 399.26526 आने
473.9723 597.77124 597.1575 473.35852 81.2484 82.92905 128.13799 126.45734 जफर
486.5667 548.6041 543.4062 481.3688 291.35425 300.38434 336.09406 327.06396 शिख
57.4607 98.13204 118.3012 77.62986 80.710815 63.303574 110.428024 127.835266 हाथ
105.690445 144.94069 165.36882 126.118576 58.606487 34.754578 68.37073 92.22264 रख
155.42142 190.05676 207.33176 172.69641 21.266037 7.237915 49.889755 63.917877 कर
84.87906 116.12567 133.22307 101.976456 144.77272 131.39925 171.34663 184.72011 सर
96.29515 142.641 143.71687 97.37102 375.77036 373.25162 393.04788 395.56662 तक
466.16245 495.9315 477.7996 448.03055 276.87946 290.03046 331.0744 317.9234 पर
395.79834 442.10657 443.40405 397.09583 338.7915 336.26733 360.07098 362.59515 हाथ
380.2008 425.91833 427.3985 381.68097 379.36847 375.95764 395.79694 399.20776 सब
168.78482 228.80783 230.12946 170.10645 338.86157 335.89105 362.59625 365.56677 कह
449.43262 596.6172 596.02747 448.84293 9.663765 11.027786 74.657585 73.293564 बहुत
5.4058647 55.55714 55.60815 5.456875 11.1453085 11.080093 50.304413 50.36963 यह
10.278242 36.212524 52.88359 26.949308 197.97127 186.38533 223.70229 235.28822 कुछ
28.773973 66.77031 86.59944 48.603104 246.49419 223.66238 256.66174 279.49356 आनंद
