317.5927 389.94562 395.22485 322.87195 430.6128 417.20563 445.69556 459.10272 एक
356.55698 415.57028 425.56467 366.55136 154.732 131.15982 156.18094 179.75311 निकल
358.44534 425.08682 434.82834 368.18686 203.43135 176.94637 201.45793 227.94292 भूतनाथ
360.60565 390.6952 397.76837 367.67883 243.74997 231.9754 250.05069 261.82526 गए
389.85626 423.5379 431.41467 397.73303 232.22888 219.05627 239.19675 252.36935 इस
358.27957 414.1934 424.17123 368.25742 278.16608 256.51886 282.29114 303.93835 मद्धिम
244.62166 275.44482 244.09532 213.27214 44.20378 62.09073 116.11293 98.22598 उसे
63.139633 130.78886 132.50859 64.85936 27.62158 23.238964 49.784332 54.16695 अच्छी
142.31253 187.80951 189.12912 143.63214 31.302992 28.363853 48.791023 51.730164 तरह
60.73264 133.75183 135.12692 62.10773 69.16594 64.62215 86.71991 91.2637 सजाए
374.57394 420.2867 429.24234 383.52957 113.081665 94.65306 116.8678 135.2964 चल
288.01453 387.72766 391.08044 291.3673 10.786486 4.492592 57.61023 63.90412 पर
