2.6922073 39.691822 39.71656 2.7169456 341.4656 341.43246 369.03854 369.0717 और
7.4589615 103.29241 88.6244 -7.2090554 256.2132 287.9591 332.2384 300.4925 तरह
118.37924 237.83594 238.85419 119.39749 253.502 251.14023 302.64246 305.00424 लिए
103.60345 183.01636 183.23868 103.82577 318.28076 317.77332 352.56183 353.06927 वह
82.83974 120.278564 121.329025 83.8902 210.4898 208.50299 228.2976 230.28442 कर
420.27908 521.1542 485.11606 384.241 150.05945 171.4956 341.08484 319.64868 गए
39.9523 68.843994 68.842545 39.95085 352.6507 352.6527 373.0511 373.04907 पर
161.3245 233.48273 233.51529 161.35706 344.9271 344.83835 371.3292 371.41794 अपनी
245.27988 299.6146 299.6418 245.3071 344.3364 344.28342 372.2067 372.25967 ओर
135.36777 158.36461 111.513626 88.516785 15.124695 37.218132 85.984856 63.89142 दम
523.42847 587.2285 560.0947 496.2947 236.6453 254.3193 352.2673 334.5933 इस
183.17009 251.56874 251.91011 183.51146 305.213 304.5194 338.18372 338.87732 पर
63.206665 119.78238 114.11693 57.54121 16.360268 27.28373 56.626747 45.703285 कर
204.19817 251.217 245.33403 198.3152 80.07689 84.74664 143.98103 139.31128 अभी
