286.79767 404.72736 404.75604 286.82635 388.2301 388.1848 462.82562 462.8709 एक
286.73154 419.6591 419.7465 286.81894 497.0966 496.9654 585.48584 585.617 दिन
6.9806404 78.12149 78.19942 7.058567 513.9903 513.7685 538.7625 538.9843 अपनी
95.6351 159.6497 159.73691 95.722305 513.7139 513.5142 541.4766 541.67633 बहिन
168.90088 220.759 214.23984 162.38171 153.00859 168.63152 190.27098 174.64806 लगे
312.63257 385.69 385.61737 312.55994 25.005295 25.102089 79.93695 79.84016 और
312.62485 385.6523 385.5981 312.57065 85.62192 85.69415 140.51181 140.43958 और
307.11597 419.07874 419.04486 307.0821 149.20378 149.27696 201.0895 201.01631 बकरी
308.20743 380.17612 380.16464 308.19595 224.73831 224.76007 262.5975 262.57574 लग्न
18.849968 100.0233 100.15039 18.977058 445.16138 444.9771 500.97217 501.15643 इस
