286.03122 362.00516 362.02658 286.05264 398.18423 398.1509 446.9172 446.95053 इस
286.00864 384.95395 384.99368 286.04837 472.2246 472.1405 518.8986 518.9827 तरह
11.150784 110.27782 110.32855 11.201519 402.9666 402.7932 431.8025 431.9759 कारण
11.127899 87.28409 87.37468 11.218491 444.7788 444.60632 484.60852 484.781 ठीक
165.66835 216.34642 209.662 158.98393 144.23892 159.45068 181.71988 166.50812 हुए
5.824623 112.02258 112.17972 5.981758 538.1887 537.8258 583.8063 584.1692 थक
165.22647 183.8074 183.81079 165.22986 309.9842 309.979 322.0614 322.0666 रहा
314.42548 373.4378 373.41632 314.404 84.826775 84.897484 102.83941 102.7687 समय
314.4216 347.43637 347.41776 314.40298 113.53308 113.56737 131.50664 131.47235 पर
314.41876 355.43304 355.40753 314.39325 135.25934 135.29431 165.18878 165.15381 कई
314.4152 356.4208 356.40103 314.39542 162.96173 162.99155 190.88919 190.85938 दफे
373.14697 408.12555 408.11084 373.13226 170.98106 171.00569 191.92165 191.89702 वह
23.852737 97.09799 96.99451 23.749252 38.6849 38.84247 86.9452 86.78763 कर्ज
