180.15146 252.70294 244.89139 172.3399 443.3496 484.57855 498.3247 457.09576 कर
272.16187 312.22754 319.03796 278.9723 579.26013 562.35254 578.4911 595.3987 गया
-0.24471283 34.329025 44.607384 10.033646 309.92477 292.42307 312.72745 330.22916 यह
14.664045 56.573174 66.12331 24.214178 353.11728 331.75443 350.48965 371.8525 बात
70.20224 102.980225 113.40221 80.62422 324.8071 308.0988 328.5444 345.25272 वह
367.09836 468.57114 463.31155 361.83878 55.138565 64.55365 121.24002 111.824936 कर्म
90.08876 131.95496 144.90709 103.04089 277.40753 256.1756 281.71533 302.94727 गयी
106.030266 140.48692 151.85071 117.39406 321.0537 303.4547 325.70355 343.30255 हम
348.25095 423.05685 421.20963 346.40372 116.928024 123.62215 144.26476 137.57063 प्रभाव
348.57043 421.82947 420.248 346.98895 148.4733 154.76889 173.17188 166.87628 घटना
350.12668 483.5162 481.9246 348.53506 179.9838 190.92245 210.33115 199.39249 असाधारण
349.2052 392.20898 390.69623 347.69244 211.14684 214.51076 233.84938 230.48546 कर
408.14795 451.19208 449.02136 405.97723 207.29431 210.66135 238.41174 235.04471 उसे
349.52048 390.3904 388.72592 347.856 242.27701 245.30408 267.77676 264.7497 वह
406.1209 483.81305 481.75403 404.0619 238.057 243.8418 271.49512 265.71033 उसकी
129.84955 166.18942 176.96185 140.62198 279.7563 261.2696 282.44525 300.93195 रहा
