195.52437 240.0078 222.78526 178.30183 503.4342 528.64844 559.03284 533.8186 वह
220.74173 287.19867 294.5945 228.13757 126.77185 109.66016 138.38354 155.49524 कुछ
240.60306 296.63495 287.0768 231.04494 63.483162 88.48211 109.9054 84.906456 जाए
256.76096 294.23148 280.7054 243.2349 538.1445 559.3835 583.2465 562.0075 पर
260.3467 295.02982 298.97885 264.29575 140.0051 131.19208 146.73315 155.54617 और
400.68942 474.66544 483.595 409.619 351.41043 332.2294 366.66824 385.84927 तुम
409.458 491.9792 500.68182 418.16064 400.14386 379.3192 413.805 434.62964 खुद
418.7629 519.0681 525.49817 425.1929 448.72156 423.98022 450.04834 474.78967 ऊपर
172.71217 190.37563 202.91243 185.24898 53.150925 45.142853 72.79532 80.80339 पर
171.35204 188.91158 203.85847 186.29893 135.85675 127.61429 159.45679 167.69925 हर
