245.13611 336.32318 325.62164 234.43459 57.212265 97.415436 121.688126 81.484955 परभाव
200.75989 266.12048 248.80554 183.44495 511.5855 548.66583 579.18646 542.10614 एक
9.334854 81.159256 87.44053 15.616127 533.5201 508.12128 525.88385 551.28265 लगी
101.23558 147.15054 137.64621 91.731255 152.21703 170.37938 194.4066 176.24425 दस
92.79585 145.71788 134.14021 81.218185 187.51921 208.30486 237.78261 216.99696 शेख
226.89923 295.85345 302.9588 234.00458 131.00784 113.3114 140.99725 158.6937 इस
150.33109 193.49966 223.12488 179.9563 166.90642 121.172104 149.13533 194.86964 बनी
4.212887 84.697754 93.57991 13.095051 510.01587 480.96545 505.5736 534.624 मन
13.364349 94.637924 107.01417 25.740593 555.13696 527.8921 564.8114 592.0563 चुप
247.33063 343.65277 342.67407 246.35193 188.70688 190.02515 261.53577 260.2175 इस
30.216537 90.88504 98.84857 38.180065 461.57632 438.60263 459.6326 482.6063 और
81.905975 149.6987 139.47012 71.6774 223.31201 249.7848 275.97858 249.50578 उसके
212.00677 256.10742 255.71625 211.6156 212.32407 212.94348 240.79547 240.17606 राम
