35.8638 123.20855 108.37991 21.035162 10.426315 37.660515 85.2185 57.9843 लिए
35.665894 130.40216 119.68875 24.952484 74.953415 104.04538 138.93297 109.841 कभी
35.480476 123.68998 112.64651 24.437006 135.411 161.98604 198.64217 172.06712 लोग
329.21036 422.98538 428.37875 334.60373 311.63824 293.90533 322.4265 340.15942 और
157.77968 208.22429 201.77858 151.33397 158.36885 173.71257 194.9037 179.55998 रूप
271.62732 351.51062 356.1925 276.3092 353.79242 340.10187 367.4203 381.11084 कुछ
273.132 342.32822 345.42136 276.22513 389.7528 379.068 399.09973 409.78455 हवा
273.39557 385.51337 388.23975 276.12195 424.59976 409.62497 430.0377 445.01248 समय
272.913 391.59634 394.70328 276.01993 452.33304 438.92795 466.43533 479.84042 जबकि
12.34626 103.16772 95.009575 4.188118 175.96107 203.00725 230.40242 203.35625 आज
8.7239685 81.9774 74.023994 0.77056 233.06723 254.48724 281.6868 260.26678 जब
386.29184 425.15005 418.52487 379.66666 505.88538 540.8965 548.24963 513.2385 यह
