504.31015 544.50305 544.58606 504.39316 7.980607 7.8692703 37.848328 37.959663 इसे
45.148434 74.41866 90.91046 61.640236 53.7437 45.067398 100.7039 109.3802 और
567.85333 583.2216 597.5468 582.1785 70.21881 64.13133 100.296295 106.38377 उसे
310.11362 362.99313 364.32504 311.44553 144.71327 139.74895 153.93654 158.90086 एक
562.3753 593.62445 596.7846 565.53546 163.44923 159.8821 187.56587 191.13301 पर
388.47736 505.6701 508.02905 390.8363 102.45747 94.30501 128.21486 136.36732 सहज
553.6307 571.6409 584.79865 566.7884 115.445656 108.44731 142.3089 149.30724 और
307.36066 389.52057 391.79065 309.63074 98.78824 92.64664 123.01517 129.15677 करनी
14.030218 43.870438 58.555885 28.715666 63.117558 53.920128 101.565735 110.76316 फॉर
401.10083 453.8211 455.69843 402.97815 72.50587 68.444786 92.816124 96.877205 हम
