324.48883 359.96246 361.6723 326.19867 168.18253 166.25226 197.67532 199.60559 पर
71.25421 86.691055 92.55356 77.116714 173.80112 170.58932 198.76611 201.9779 बाद
48.77466 131.23737 131.23456 48.77186 21.239594 21.244621 67.22453 67.219505 याद
55.003403 157.46141 157.44582 54.98781 115.38794 115.42691 156.41714 156.37817 आता
391.0549 414.84274 415.22842 391.44058 46.608727 46.038338 62.12216 62.69255 भर
48.55754 62.9272 62.4357 48.06604 176.78716 177.42982 188.4193 187.77663 काम
163.43224 227.77055 227.76497 163.42665 94.62965 94.645256 117.65438 117.63877 आइए
162.63712 200.89636 200.88495 162.6257 136.22581 136.24565 158.24532 158.22548 हम
216.60925 260.95734 260.9443 216.59624 128.25238 128.27301 156.27908 156.25845 उसी
194.86911 249.51572 247.9589 193.31229 14.222809 18.453594 38.562042 34.331257 कम
