399.98706 450.5221 461.90472 411.3697 63.79605 43.022186 70.71182 91.48569 मगर
236.04102 305.29346 300.5003 231.24786 4.8005714 21.68784 41.343945 24.456676 पर
480.3595 513.1784 516.302 483.4831 107.72095 104.910034 141.37962 144.19054 अपनी
523.5573 551.27997 554.71 526.98737 107.77995 105.25087 142.84995 145.37903 धरती
560.10297 583.99445 591.82404 567.93256 73.06903 27.064255 31.130356 77.13513 गया
350.74924 413.8843 417.20578 354.0707 193.20715 179.24548 194.26535 208.22702 अब
84.99416 118.00698 125.03605 92.02323 129.8837 116.51575 133.87439 147.24234 पर
494.48724 521.3652 521.3486 494.47064 29.351006 29.370224 52.67096 52.65174 जान
243.79694 313.2566 306.22333 236.76369 32.53472 49.666656 78.18232 61.050385 एक
563.27325 593.26764 598.5512 568.5568 95.57818 92.68344 147.43048 150.32523 उसे
