303.81165 407.7503 399.05652 295.11786 105.2865 127.63599 168.06726 145.71777 पर
450.82947 519.43555 511.23407 442.62796 34.331146 40.625145 130.02365 123.72965 प्रसंग
5.1166306 33.9989 52.91125 24.02898 14.154608 1.6725502 45.433907 57.915962 एक
366.6361 460.85095 452.1931 357.97827 129.7852 149.69151 190.66829 170.76198 लिए
533.8689 598.0116 585.90674 521.76404 27.12825 46.896774 86.17325 66.404724 रखकर
527.5811 557.59283 550.4113 520.3996 91.100555 94.51796 157.586 154.1686 बैठ
40.34553 67.955124 84.55878 56.949184 6.3281827 -4.9661446 35.62238 46.916706 छत
194.50835 239.37733 239.39534 194.52635 249.47849 249.44193 271.5577 271.59427 इस
346.41873 451.01675 429.88382 325.2858 15.632576 46.229897 118.47347 87.87615 सरकार
83.90771 99.16761 139.93423 124.67434 362.0968 348.06543 392.40155 406.43292 पर
