0.9998932 37.054806 46.29386 10.238949 276.73062 266.2701 298.11502 308.57553 के
56.20955 132.87007 139.97 63.30948 269.71344 247.47736 271.95483 294.19092 समय
347.41034 556.8166 560.9693 351.56305 131.97223 124.05768 233.93127 241.84583 उम्मीद
44.747116 86.87126 100.91083 58.786682 87.92752 79.004135 145.27997 154.20335 इस
31.188553 54.501305 60.821655 37.508904 216.5551 211.42424 240.14162 245.27248 हुए
35.560852 69.883354 77.32655 43.00405 244.75565 234.73126 260.21603 270.24042 और
158.4685 286.09183 287.87576 160.25244 151.23897 147.342 205.76494 209.66191 दिन
3.1990557 29.626133 37.710213 11.283135 77.763466 71.53397 105.82871 112.058205 दृढ
123.02332 177.04971 184.07095 130.04456 281.44846 265.8895 290.2698 305.82877 लाकर
287.54016 425.60022 428.6546 290.59454 264.36896 257.1104 315.20575 322.4643 बदन
129.50641 178.37317 181.2157 132.34894 76.640526 72.10723 102.748405 107.2817 भारत
