478.08453 520.9799 520.9971 478.10168 92.58314 92.56112 125.98789 126.00991 धज
138.82402 257.08826 257.12402 138.85982 45.270535 45.175514 89.717804 89.81283 समाज
488.02695 566.5321 567.5946 489.08945 35.237904 32.770065 66.57126 69.03909 लदा
315.7711 342.14993 342.94107 316.56223 94.50552 93.81917 124.22641 124.912766 चले
318.2965 376.90625 376.9259 318.31616 7.4562387 7.4132385 34.188293 34.231293 ठहर
398.57135 444.23682 444.25415 398.58868 7.398081 7.366123 32.156807 32.188766 गए
3.872387 51.86669 51.850334 3.8560305 121.94574 121.98309 142.99393 142.95657 शहर
552.24945 577.78973 578.20905 552.66876 66.0279 65.224525 78.55639 79.359764 अपने
539.9691 569.3402 569.5049 540.1338 98.14437 97.98226 127.81333 127.97544 भरने
10.43465 120.97136 121.00055 10.4638405 12.632724 12.549286 51.223713 51.30715 अधमुआ
