559.1 589.84607 589.5886 558.8425 8.677063 9.149639 25.895401 25.422825 एक
559.3011 591.9953 591.6503 558.9561 35.639366 36.171288 57.37213 56.84021 वही
559.59515 585.93207 585.6673 559.3304 75.03821 75.50131 90.55679 90.09369 वह
351.149 472.2439 446.51056 325.41565 322.8161 453.49927 477.34454 346.66138 गलत
389.55984 455.22928 453.9996 388.33017 128.42422 131.32129 159.19565 156.29858 तक
521.2089 559.0589 558.758 520.908 12.842075 13.429844 32.808704 32.220936 सब्र
377.48312 443.71707 430.22238 363.98843 405.03568 472.40366 485.67117 418.3032 लोग
363.9357 414.42728 405.2065 354.71494 434.93472 483.7861 493.31644 444.46506 उस
473.13464 532.2065 538.5145 479.4427 114.92224 80.704285 91.59407 125.81203 तक
483.24863 543.3452 552.14185 492.04526 130.25758 96.34361 111.93152 145.84549 उसी
