134.38419 350.82556 354.38187 137.94049 5.71303 -1.7735825 101.040634 108.527245 ईश्वर
202.84113 382.28052 385.3573 205.91791 156.65729 147.49536 207.75467 216.9166 एक
504.82327 565.72546 567.57947 506.67728 162.01343 158.74243 193.262 196.53299 यह
429.90668 520.1631 521.86285 431.60645 67.926476 64.391365 107.78957 111.324684 उस
111.13513 172.16766 172.38 111.34747 416.7528 415.82373 429.77325 430.70233 उत्तम
173.89783 250.00452 250.23792 174.13123 415.21 414.0303 429.08884 430.26852 अवसर
355.2749 479.50085 479.71796 355.492 24.95953 23.913258 49.69067 50.736942 कसकर
490.887 563.44116 564.1492 491.595 12.891964 11.558102 50.072315 51.406178 चेहरे
533.75775 594.5098 595.6652 534.91315 138.43082 134.91943 154.90979 158.42117 साल
200.9733 263.1913 263.9029 201.68488 368.41968 366.11047 385.2829 387.5921 कह
