361.8057 414.99472 422.0997 368.91068 73.28197 63.707153 103.17595 112.75076 न
433.1111 589.0183 600.7582 444.85098 34.818253 6.780266 72.06055 100.09853 करने
17.244064 83.82392 83.84079 17.260933 175.2905 175.26022 212.38324 212.41351 अपने
100.26219 172.47289 172.48463 100.27394 186.50742 186.47461 212.34293 212.37573 समय
4.8707886 68.49364 68.11709 4.4942427 405.65637 406.4709 435.88348 435.06897 पालते
80.91197 138.75131 138.44743 80.6081 413.2084 413.97787 436.81918 436.0497 समय
4.8227005 37.79303 37.486797 4.51647 450.7892 451.25992 472.7095 472.2388 घर
50.0486 81.262375 80.9193 49.705517 451.40332 451.88055 474.31848 473.84125 पर
4.783184 57.815548 57.448475 4.4161105 488.65253 489.53375 511.62372 510.7425 साफ
393.7156 592.495 605.26636 406.4869 140.07388 108.25784 188.05014 219.86618 कार्यक्रम
