331.57834 411.54013 411.69656 331.73477 26.302755 25.958733 62.312996 62.65702 एक
63.23233 167.56342 167.48618 63.155087 5.481247 5.6125717 66.97639 66.84506 और
186.67462 256.37967 259.74414 190.0391 48.062923 28.512653 40.50841 60.05868 बस
270.64694 299.19724 302.908 274.3577 25.616875 15.613617 26.204472 36.20773 रह
542.6094 584.7396 585.05566 542.9254 4.7753205 4.1919346 27.016329 27.599714 यह
268.0898 338.29037 337.47495 267.27438 134.7663 136.65836 166.9137 165.02164 उससे
344.61136 397.17337 396.6747 344.1127 146.14645 147.46606 167.32767 166.00806 अब
386.21786 459.20273 459.35574 386.37088 30.932383 30.64495 69.49937 69.7868 गुण
2.3375893 58.73881 58.764526 2.3633041 32.998775 32.95334 64.87247 64.9179 वह
279.39847 306.63266 306.6655 279.4313 50.600273 50.532578 63.73227 63.799965 भर
252.3461 273.6566 273.38528 252.0748 144.04169 144.59683 155.01114 154.456 तय
