4.899643 116.8936 116.720535 4.7265787 12.095184 12.604927 50.628147 50.118404 कहा
67.45915 179.23657 187.00125 75.22383 327.86795 314.6954 380.58365 393.7562 और
207.3797 359.64032 367.34802 215.0874 311.86908 293.92578 359.33057 377.27386 सबके
390.68558 468.5623 467.60812 389.7314 177.43973 180.28647 206.38956 203.54282 तरफ
393.3537 454.86194 452.92395 391.4157 230.32086 233.20963 274.4742 271.58545 धूप
392.21152 465.92874 463.7238 390.00656 275.32928 279.44678 318.92352 314.80603 और
178.62054 327.17242 327.24817 178.69629 494.5889 494.44928 575.06116 575.20074 भग्न
387.06323 598.42017 598.40845 387.0515 497.1419 497.16754 593.64996 593.6243 ह्रदय
11.107445 68.313065 67.94352 10.737897 62.666878 63.427177 91.2322 90.4719 अपने
151.53 284.06964 289.3701 156.83044 203.60213 190.96848 246.57536 259.209 सबसे
487.49277 597.64014 597.76965 487.62228 329.89093 329.66998 394.2199 394.44086 और
137.83655 288.4582 294.4654 143.84375 266.97928 250.91861 307.25595 323.31662 शायद
459.49915 507.6068 506.18622 458.07855 223.95813 226.12885 257.6118 255.44107 दुम
