247.75638 294.79553 290.17325 243.1341 192.61478 198.77826 234.05508 227.8916 एकाग्र
345.7691 403.36102 409.51312 351.9212 245.86563 236.5268 274.46628 283.8051 और
518.48425 568.69385 564.18713 513.97754 54.62207 57.574768 134.21088 131.25818 पर
261.61005 284.02417 279.7801 257.36597 235.7185 239.52353 264.52386 260.71884 जब
415.51532 470.00128 474.04767 419.5617 206.60664 197.90898 223.25737 231.95503 उस
426.0 481.1612 485.06244 429.90125 260.54712 251.557 275.49408 284.4842 जन
41.72 105.2496 116.708466 53.178864 55.063213 46.46231 131.10185 139.70276 चल
230.5083 242.73294 240.64722 228.42258 242.16592 244.05238 257.56845 255.68199 तक
473.35175 543.0567 550.6392 480.93427 211.37332 200.09045 246.93478 258.21765 और
399.08966 439.13513 438.997 398.95154 57.664238 57.766487 111.856606 111.75436 बीस
