197.36493 268.1889 271.46112 200.63715 205.09752 197.18117 226.4561 234.37245 आग
224.0939 273.82224 278.02386 228.29553 140.12503 131.49966 155.72348 164.34885 और
20.809496 63.44381 75.5598 32.925484 12.38982 2.234478 53.100018 63.25536 अपने
39.597553 64.23665 72.296906 47.65781 95.33784 89.46016 123.24853 129.1262 घर
398.43246 467.71304 468.71762 399.43704 105.85033 104.558365 158.42955 159.72151 कारण
111.05756 155.7973 163.53113 118.79139 49.405167 37.536118 66.68837 78.55742 कमलिनी
163.09842 180.26917 184.49576 167.32501 44.41607 41.15605 63.417732 66.67775 यह
121.91743 143.30405 148.56519 127.178566 98.8074 93.184784 113.19647 118.81909 बात
178.4954 210.96294 216.76839 184.30086 26.532658 17.895992 39.720196 48.35686 आइए
187.52939 204.1419 208.14816 191.53564 68.6987 65.663895 87.59418 90.62898 हम
211.66118 236.5577 242.00188 217.10536 51.418697 47.11505 78.60959 82.91324 उसी
