425.45914 461.18198 458.22543 422.5026 107.643036 109.68796 161.3363 159.29138 पर
217.38066 273.40485 278.17664 222.15245 146.91214 137.22406 164.8183 174.50638 कर
83.505455 137.50629 137.57843 83.5776 285.94925 285.77072 307.593 307.7715 आप
186.11015 230.14684 233.05196 189.01527 206.33032 201.41907 227.46786 232.37912 और
33.195583 82.28671 94.121826 45.030697 45.05995 32.01288 76.54386 89.590935 तरबूज
45.87145 79.33986 89.32622 55.857807 93.15244 85.2516 127.554405 135.45525 फटी
92.85878 118.62488 125.29695 99.53085 32.52262 27.004616 58.15953 63.677536 कर
125.77995 156.15291 165.5143 135.14134 10.596376 4.4969673 51.113518 57.212925 दिए
106.58094 125.911354 132.22385 112.893425 92.08642 87.95348 117.478004 121.61094 आ
135.32556 159.8251 165.93878 141.43924 83.94413 78.97796 109.13842 114.10459 गए
229.94508 274.82605 277.83258 232.95158 194.94992 189.9631 217.0214 222.00821 इस
337.34238 359.6028 363.9951 341.73465 35.16371 29.298294 45.967743 51.83316 कम
