380.3364 413.83554 442.23203 408.73288 73.569496 26.756203 47.076454 93.88975 तेज
194.19739 324.18073 340.05682 210.07349 272.04517 226.43304 271.67603 317.28815 ऐसा
508.6407 540.46094 539.82477 508.0045 325.4718 326.38727 348.49988 347.5844 पर
31.819519 204.8418 232.38538 59.3631 140.84389 80.8405 160.2636 220.26698 कुछ
431.7588 527.1788 521.8156 426.39563 232.66318 245.79214 284.77127 271.6423 इधर
508.60852 565.2174 555.3617 498.75278 191.65945 213.8548 238.99176 216.79642 उसके
382.78253 478.60974 551.80646 455.97925 132.30974 2.9122467 57.119156 186.51665 बस
514.657 562.65845 559.7561 511.75467 263.53033 270.15063 291.19415 284.57385 उस
226.1041 292.88022 299.31516 232.53903 323.93835 301.12274 319.95624 342.77185 उस
229.68419 299.56128 305.7771 235.90001 363.48752 340.3981 359.20938 382.2988 वक्त
-12.389465 160.33226 177.33105 4.609329 296.09286 238.3201 289.14096 346.91373 घबराकर
557.8209 583.45984 584.1196 558.4807 45.634125 45.16559 81.26953 81.73807 पर
558.7939 588.3566 589.0207 559.45795 98.874245 98.33397 134.66885 135.20914 रहा
560.287 594.54736 595.3899 561.1295 135.63734 135.02446 182.12236 182.73524 और
