438.05173 501.04385 535.6686 472.67642 109.24939 22.281036 47.36006 134.32841 आप
552.38306 597.5768 599.49695 554.3032 75.86489 74.91472 166.24799 167.19817 बेर
8.545883 266.34637 290.5987 32.798172 156.3278 61.867676 128.05696 222.51709 काम
218.46683 353.14938 361.60178 226.91922 264.97867 215.87051 239.05176 288.1599 जगह
438.10864 534.1924 528.492 432.40823 232.29852 245.55017 286.8822 273.63055 गया
427.61618 460.0875 475.60275 443.13144 83.23138 38.007523 49.147667 94.37152 इन्द्रनाथ
463.44434 485.365 497.88464 475.964 33.332302 2.8026657 11.791931 42.321568 आज
-16.537682 157.80798 186.70209 12.356438 270.52307 215.30383 306.5323 361.75153 पर
214.31754 320.74985 331.0079 224.57559 314.83527 278.451 308.4582 344.84247 फिर
516.84076 573.4931 569.206 512.55365 257.0156 264.38858 297.33005 289.95706 धर्म
370.3055 403.13943 432.4473 399.61337 89.9883 44.14781 65.13997 110.98045 हम
