440.97522 465.96423 484.7638 459.77478 43.24405 8.577042 22.128319 56.795326 रहा
455.727 484.9508 509.51105 480.28723 69.765335 29.735046 47.66507 87.69536 और
321.83563 355.82104 383.13458 349.14917 50.147675 8.799644 31.249573 72.5976 वह
476.21075 540.2677 537.44495 473.388 250.27094 258.95923 279.77045 271.08215 आता
16.405653 53.96067 61.497932 23.942915 173.28308 159.91644 181.0932 194.45984 कि
66.85215 120.78507 126.01859 72.08567 162.96423 143.56088 158.10782 177.51117 अगर
132.96864 172.17409 177.47044 138.265 139.17761 125.072754 139.79431 153.89917 हम
510.39966 564.60596 554.2322 500.0259 189.42859 210.72357 237.13 215.83502 वह
352.21323 424.1901 488.4785 416.50162 113.28239 14.365021 61.14422 160.06158 भूत
546.92487 590.6856 592.06256 548.3018 72.53453 71.506485 130.11789 131.14594 मिस
427.37354 488.3689 483.75684 422.76147 231.78983 239.49435 276.00723 268.3027 वह
-0.9827957 173.9426 191.62979 16.7044 130.35312 65.01686 112.37097 177.70723 काम
0.122722626 123.2171 139.02881 15.934429 221.67624 179.96286 226.62253 268.3359 उन
0.62864685 168.62273 184.354 16.359924 313.11984 257.79373 305.56076 360.88687 साथ
448.99234 502.53116 526.4634 472.9246 144.75371 71.64351 89.169174 162.27937 फतहसिंह
14.32729 70.79138 61.117336 4.653243 389.1386 404.14398 440.5467 425.54132 देर
14.379578 82.672646 76.3587 8.065636 446.2218 465.24127 487.91272 468.89325 तक
482.96603 519.386 511.57187 475.1519 187.49608 201.49922 221.82256 207.81941 लेट
