467.75116 581.7618 581.7746 467.76398 264.01282 263.99255 335.8416 335.86188 अति
128.81647 197.37973 204.56763 136.00436 188.76485 170.22633 196.81026 215.34877 इस
545.6626 585.0919 581.9419 542.5126 210.04106 215.43797 238.45216 233.05525 हाथ
490.23547 517.92017 542.8978 515.21313 67.60485 55.082268 110.30244 122.82502 वह
61.58101 129.02592 129.01833 61.57341 155.38162 155.42792 166.48743 166.44113 करने
531.774 578.8909 576.93475 529.8178 189.14192 195.60826 209.86159 203.39525 शिवदत्त
14.986809 67.813835 67.81717 14.990143 258.83472 258.82556 278.04193 278.0511 अगर
13.8535595 48.40677 48.410385 13.85718 287.96454 287.95892 310.2185 310.22412 वह
13.841558 54.495377 54.49832 13.844503 317.10556 317.09933 336.3301 336.33633 उस
425.51413 496.88882 493.87955 422.50485 181.25212 191.03593 212.98918 203.20537 समय
370.5181 394.85257 396.60037 372.2659 244.9847 241.07085 251.93773 255.85158 पर
