203.75821 272.93423 277.0722 207.89618 154.32045 149.03734 203.21931 208.50243 भेष
209.67908 361.97516 365.04395 212.74786 248.13074 236.61432 277.1964 288.71283 बदलकर
16.976334 92.94301 86.718124 10.751451 382.15305 391.62863 441.53403 432.05844 दूर
3.06958 26.34494 52.59569 29.320332 169.65045 152.20895 187.24011 204.68161 वह
28.59236 59.966705 88.323074 56.94873 203.71014 180.19965 218.04074 241.55124 कभी
204.1833 248.3784 249.7368 205.5417 307.35062 303.1511 317.44675 321.64627 हर
202.18414 278.9646 280.63055 203.8501 324.5123 318.24973 338.6749 344.93747 चीज़
319.31522 410.44357 413.9747 322.84634 173.45222 166.44691 212.38142 219.38673 साथ
100.224884 137.13539 134.24066 97.330154 414.92236 419.54816 442.646 438.0202 वह
44.18316 83.308334 136.6203 97.49513 82.58884 56.04663 134.63242 161.17462 दर्द
8.513844 53.830532 47.628395 2.311708 312.87726 339.86407 350.2788 323.292 यह
243.88693 322.07797 323.25198 245.06094 306.4958 298.55432 310.11328 318.05475 खबर
489.77484 536.5376 536.26154 489.4988 422.7862 423.43542 443.3197 442.67047 पूछ
136.4034 176.43526 179.3774 139.34554 168.84653 166.03046 207.85464 210.67072 चुप
139.96338 192.84637 195.2789 142.3959 227.76572 223.77353 255.99646 259.98865 बना
64.51927 116.202774 112.591354 60.907856 369.10825 375.81522 403.6445 396.93753 यह
