321.16968 386.98273 389.50977 323.69672 6.2171493 4.4148026 96.69064 98.49299 इस
424.4579 524.50085 523.42126 423.37833 7.740715 9.216423 82.40303 80.92732 समय
332.06796 410.91727 410.5521 331.7028 164.9578 165.4079 229.37521 228.92511 आप
67.73674 234.16998 233.50404 67.07079 73.958984 75.432526 150.64893 149.17538 अमानत
84.76784 141.20157 154.46384 98.030106 203.21875 195.90643 298.25983 305.57214 की
183.22949 283.4486 283.25848 183.03935 232.10226 232.38992 298.62955 298.3419 रकम
416.41205 449.5985 449.396 416.20953 162.8514 163.09328 190.881 190.63911 गया
458.94696 516.5366 516.1499 458.56024 149.10332 149.6215 192.6078 192.08961 लौटकर
417.2858 439.1445 439.3788 417.5201 213.33505 213.15265 241.23026 241.41266 घर
418.12488 453.2193 453.1336 418.03918 261.81198 261.9293 287.566 287.4487 चला
