453.82556 614.1953 587.28674 426.91702 144.17981 219.39359 276.76752 201.55374 अन्य
420.49896 495.57062 494.4671 419.39545 15.293274 18.497784 44.349724 41.145214 ताक
71.166016 190.453 189.13391 69.846924 103.216705 105.47479 175.15839 172.9003 समय
95.527756 207.60529 206.93703 94.859505 232.43005 233.61841 296.6421 295.45374 समय
222.88223 273.66788 281.37582 230.59018 234.32796 228.48688 295.50403 301.3451 पर
113.28543 178.05334 193.80396 129.03604 326.61566 316.24707 414.63397 425.00256 कई
323.83878 445.52823 427.80307 306.11362 86.803696 143.75833 181.62996 124.67533 अपनी
550.2648 589.5471 589.0615 549.7792 24.424847 26.073368 37.644543 35.99602 मकान
557.3519 586.83057 586.3158 556.83716 44.08269 45.11842 59.771236 58.735508 एक
247.79944 289.5938 289.33215 247.5378 303.23642 303.56638 336.70877 336.3788 हाथ
300.95828 335.92868 335.6899 300.7195 303.77756 304.0626 333.35574 333.0707 रख
348.2386 381.32843 381.0904 348.00055 304.2588 304.52856 333.72583 333.45605 कर
254.71854 281.47855 285.1794 258.4194 356.61252 353.45865 384.8594 388.01328 सर
261.33142 298.35388 298.32782 261.30536 407.6258 407.65674 438.8327 438.80176 एक
308.9937 342.5652 346.25433 312.68286 398.10233 394.978 434.61844 437.74277 ओर
471.4988 508.9576 501.43497 463.97617 216.61966 233.51184 250.19348 233.3013 इन
515.0831 580.57947 573.1487 507.65234 236.27417 265.81 282.2879 252.75209 समस्त
18.771477 67.93183 81.85435 32.693993 173.87787 164.31876 235.91919 245.4783 इस
