406.8575 526.7158 528.38086 408.5226 345.44113 341.5233 392.4631 396.38095 जगह
16.055569 56.7265 55.24413 14.573198 229.44699 232.29343 253.47415 250.62772 कम
74.90901 124.245056 122.67934 73.34329 233.56592 237.01883 259.3902 255.93729 जाए
22.100557 58.998016 67.905624 31.008165 23.957602 15.90995 56.75019 64.797844 जब
184.64041 223.29977 230.65762 191.99826 157.27707 145.60812 169.98477 181.65372 यह
242.13228 287.37286 294.76025 249.51967 139.81694 126.161514 150.636 164.29143 सच
3.0467901 19.447815 24.657898 8.256873 379.75427 375.78406 397.3069 401.2771 इस
27.367226 58.28756 60.348763 29.428429 374.14722 370.8994 390.52295 393.77075 जंगल
8.643028 27.543644 33.81813 14.917515 398.38367 393.82703 419.8532 424.40985 और
371.66998 532.9802 538.12537 376.81512 158.80318 153.8266 320.60138 325.57794 गईं
102.12406 129.46173 135.28201 107.94434 29.796238 24.579136 55.077465 60.294567 इसी
109.47862 140.5525 145.36403 114.290146 66.18153 60.889908 89.1445 94.43613 खेल
294.63364 334.4576 342.5546 302.73062 118.515564 106.487854 133.29721 145.32492 और
467.62872 505.5066 506.21454 468.33667 80.17245 79.03193 102.54298 103.683495 पर
526.6478 576.44104 577.46497 527.67175 67.759514 66.26542 100.38914 101.88323 रखे
469.7068 533.23096 533.94006 470.4159 130.73984 128.79562 151.96408 153.9083 आया
63.081245 92.959206 97.763435 67.885475 35.84907 30.737751 58.820637 63.931957 आँख
72.65773 91.92357 96.53114 77.265305 82.337326 78.28653 100.200455 104.25125 लड़
78.518585 96.59465 102.48099 84.40492 109.16717 105.35895 133.29904 137.10725 गई
106.91677 163.78342 167.1416 110.274956 111.21801 101.58591 121.41209 131.04419 आमदरफ्त
171.77931 194.46458 198.47096 175.78569 100.231575 96.37873 119.967964 123.82081 शुरू
