488.29498 581.4593 581.1563 487.992 49.125526 49.59649 109.53045 109.05949 शहर
114.51585 279.27472 283.06 118.301125 83.670685 73.87912 137.5723 147.36386 पसन्द
13.672314 60.96552 60.863735 13.57053 12.382576 12.619629 32.926865 32.68981 रतन
490.5857 581.6942 580.9253 489.81677 299.6916 301.1181 350.2296 348.8031 समय
279.3202 353.28082 356.5548 282.59418 88.68293 84.26016 139.01038 143.43315 एक
365.3477 433.30978 443.035 375.0729 67.595345 58.78865 133.83899 142.64568 ऐसे
184.3736 283.80792 306.4416 207.00726 217.44861 205.08716 387.15002 399.51147 उठा
455.5008 530.5483 529.9969 454.9494 183.81421 184.6145 236.3219 235.5216 कटाई
454.42648 489.71866 482.56876 447.27658 239.0741 244.26819 292.8496 287.65552 की
495.2016 559.21204 558.7094 494.699 254.26611 255.10864 293.29382 292.4513 वजह
31.417969 128.31065 132.11073 35.21805 125.40077 119.43245 181.1249 187.09322 बन्धन
