21.36622 71.16645 90.81521 41.014977 236.79324 225.34198 310.79214 322.2434 खुद
44.07188 130.14835 135.94124 49.864773 325.54608 318.5484 389.80493 396.8026 जाओ
138.85416 190.4473 204.75513 153.16199 314.32944 305.12662 385.33963 394.54245 और
444.51733 563.64905 543.265 424.13333 204.00842 220.8996 364.6659 347.77472 और
115.376854 213.7179 218.06564 119.7246 104.21134 98.194534 169.25568 175.27248 पर
240.27582 312.88916 326.73987 254.12653 251.13284 242.98203 366.37405 374.52487 चार
21.846054 69.31426 69.184654 21.716448 5.292324 5.52507 31.958431 31.725685 मगर
519.45465 570.05743 569.81805 519.2153 128.96353 129.33612 161.85205 161.47946 पास
512.1374 562.7129 562.32025 511.74472 186.47726 186.99188 225.58029 225.06567 आए
207.23972 239.20694 240.60245 208.63522 80.44931 78.62421 103.067 104.892105 हर
212.22983 268.57043 270.72226 214.38165 107.93614 104.57933 140.69542 144.05223 चीज़
217.18515 252.45505 254.31668 219.04678 141.7538 139.58946 169.92632 172.09065 को
259.66806 314.64493 316.09805 261.1212 148.51384 145.13106 168.74763 172.13042 बदल
487.35205 584.87537 584.5283 487.00497 19.119072 19.557259 96.78894 96.35075 रुप
326.49832 449.01694 453.6711 331.1525 67.83626 60.472885 137.91304 145.27641 शाम
