93.33794 189.70488 190.14882 93.781876 62.885277 62.1457 119.99192 120.7315 अब
94.06711 190.71204 191.01654 94.37161 172.56941 172.03761 227.37856 227.91035 तक
218.46036 301.05313 301.3146 218.72183 171.73836 171.34935 226.85994 227.24895 वह
328.5203 447.09903 447.478 328.89926 146.2731 145.7146 226.17154 226.73004 बेहद
94.515625 279.2361 279.54153 94.821045 254.08183 253.34601 330.02124 330.75708 कमजोर
237.21289 305.40417 305.58887 237.39758 61.66535 61.07299 82.331764 82.924126 आकर
317.32678 356.36517 356.65247 317.61407 49.152332 48.813217 81.8882 82.22731 बैठ
367.3063 408.7784 409.0986 367.6265 48.665707 48.310287 85.67511 86.03053 गई
419.7525 492.04553 492.23114 419.9381 59.9705 59.34252 80.710495 81.33848 उसका
356.22406 529.7672 529.8761 356.33295 228.72775 228.5939 369.8021 369.93594 कुछ
