11.089272 89.50227 89.41887 11.005864 21.413826 21.538582 73.9658 73.84104 तेल
511.84735 580.8001 580.84467 511.8919 10.442096 10.370609 53.30082 53.372307 लिए
507.47028 560.47406 560.64716 507.64337 64.415054 64.088684 92.20012 92.52649 वह
159.29385 213.88113 213.76413 159.17685 7.0285835 7.2521477 35.824055 35.60049 एक
272.17792 352.9129 350.95935 270.22437 101.18654 106.69911 135.31036 129.79779 हुआ
237.35464 315.31943 313.46262 235.49783 132.37459 137.1436 167.49898 162.72997 और
304.00397 394.6618 392.7547 302.09686 136.2168 141.75 172.99655 167.46335 उसने
432.23892 510.03696 510.06155 432.26352 9.521185 9.447884 35.573975 35.647278 जगत
68.37941 121.56009 121.50139 68.32071 78.74813 78.876884 103.12202 102.99326 गया
12.290804 31.868605 32.716995 13.139193 125.97452 124.38219 134.81317 136.4055 यह
427.60327 492.4853 491.08954 426.20752 116.056854 120.54419 140.72546 136.23813 पास
391.7496 461.0767 459.4838 390.1567 148.39082 152.59596 178.85728 174.65215 आए
