48.716457 166.65152 166.7687 48.833645 297.17352 296.96912 364.58582 364.79022 साथ
205.75574 373.54187 373.62323 205.8371 298.39322 298.2236 378.7053 378.8749 रहकर
211.06699 268.63718 268.64377 211.07358 27.641115 27.63092 64.866104 64.8763 एक
391.02554 441.43607 444.31375 393.90323 55.299755 46.28363 62.37318 71.389305 नख
391.864 449.35162 449.68207 392.19446 212.87425 212.47873 260.5025 260.89804 वह
465.06137 543.32336 543.6206 465.3586 212.17412 211.60796 252.69511 253.26128 मस्त
384.50015 447.89963 448.04166 384.64218 286.19 285.95435 324.17194 324.4076 बार
376.40964 478.645 478.6603 376.42496 337.35828 337.33032 393.48206 393.51 उसकी
36.54991 87.96257 88.115326 36.702667 9.375179 8.838581 23.47443 24.011028 मौत
40.339657 106.291565 106.34247 40.39056 30.042383 29.721107 40.170036 40.49131 वजह
50.21604 89.67292 89.92896 50.472084 209.42824 209.1133 241.19093 241.50587 पर
48.920628 133.77736 133.94614 49.089405 261.26544 260.80762 292.08868 292.5465 जाकर
147.69925 226.19424 226.42734 147.93234 248.81242 248.38889 291.58966 292.0132 बिखर
192.22784 228.61032 228.62701 192.24454 8.430789 8.399221 27.638004 27.669573 कर
