35.07554 108.034904 108.34481 35.385445 8.834114 8.3005295 50.675125 51.20871 यह
116.28615 188.46867 188.7198 116.53728 6.0831895 5.620758 44.820393 45.282825 भय
397.12643 461.53116 463.43082 399.0261 140.8053 136.17877 162.62311 167.24963 करने
499.4081 566.71423 566.7197 499.4136 348.75653 348.74884 396.34912 396.3568 उसकी
483.12512 552.979 552.6846 482.83066 32.595764 33.051834 78.15683 77.70076 कुछ
360.08002 386.76532 390.62866 363.94336 51.49438 48.64966 84.890015 87.73474 उसे
38.800716 55.852642 65.2057 48.15378 51.18373 45.285965 72.32802 78.225784 हुए
401.95215 436.28247 438.89386 404.56354 55.394276 51.733826 76.225296 79.88574 सब
220.72313 274.612 276.7962 222.90733 192.43028 188.68593 220.12114 223.8655 गए
570.09204 595.6748 595.6854 570.10266 358.58398 358.57147 380.26532 380.27783 यह
302.7974 370.7872 376.39926 308.40945 8.7443075 1.5507126 54.592693 61.78629 बगैर
