90.405914 162.22453 150.73714 78.91852 208.58334 247.55913 268.72638 229.7506 हुए
347.67612 371.92892 373.6022 349.3494 395.7321 394.50266 427.51157 428.741 के
390.2249 441.7245 441.6516 390.15204 405.54547 405.7088 428.68103 428.5177 ऊपर
458.45694 499.3481 499.26877 458.3776 405.81314 405.939 431.71066 431.5848 एक
352.47113 401.5807 401.54413 352.43457 453.27347 453.353 475.9282 475.84866 आध
353.21588 387.0771 388.81903 354.95782 495.62497 493.97693 529.76575 531.4138 इंच
43.214706 169.48761 169.35109 43.078182 391.3161 391.52216 475.17523 474.96918 कर
393.10773 475.2115 474.80945 392.7057 154.66635 155.56427 192.3266 191.42868 समय
493.97467 538.54504 538.14435 493.57394 155.89087 156.3783 193.01917 192.53174 पर
395.50143 449.42996 451.58 397.65146 208.51347 206.66663 269.44824 271.2951 कई
398.4782 453.97156 456.04083 400.5475 275.47815 273.60162 334.79504 336.67157 दफे
474.34747 523.16907 522.90674 474.0851 292.17905 292.48593 334.22897 333.9221 वह
402.12308 455.54446 455.36667 401.94528 357.4736 357.69095 401.38376 401.1664 इस
213.64908 245.22513 249.04938 217.47333 362.43677 355.7342 373.75024 380.45282 वह
