0.48657227 50.306442 91.82323 42.003357 328.87628 270.70044 306.2541 364.42993 इसकी
69.631 132.04774 158.86201 96.44527 269.79413 196.8966 219.85571 292.75323 सफलता
54.866463 107.99697 133.16724 80.03672 384.33374 322.40063 343.9934 405.9265 व्यापक
96.29203 150.027 189.29996 135.56499 429.5099 367.02844 400.80377 463.28522 अनुभव
301.65378 386.5969 378.27145 293.32834 186.67038 206.31033 242.3179 222.67795 यह
215.6629 245.50186 236.31012 206.47116 212.41193 264.00995 269.3255 217.72748 आप
245.78348 271.90988 260.82236 234.69595 264.49695 309.67523 316.0871 270.9088 एक
7.134941 124.17069 212.72589 95.69013 144.63104 7.738861 83.448975 220.34116 करता
260.50165 299.4699 338.37543 299.40717 63.005066 17.53096 50.87037 96.344475 चार
330.121 423.8552 416.46054 322.72635 156.80841 177.6514 210.90646 190.06348 खरीद
