225.90662 309.55206 309.25446 225.60901 7.388088 7.944477 52.682262 52.125874 तक
541.2358 582.69965 541.1668 499.70294 321.1122 396.61118 419.42093 343.92197 कदम
364.82272 448.07553 448.17093 364.91812 8.331848 8.154675 52.97631 53.153484 सका
153.99646 210.26608 213.31628 157.04666 317.7577 312.06366 342.20654 347.90057 पर
174.72052 256.86917 284.3191 202.17044 229.95065 158.42395 189.95029 261.477 रहा
221.58453 308.67963 333.75848 246.66339 283.8075 209.86316 239.40222 313.34656 सब
294.84366 340.32077 340.13815 294.66104 21.11494 21.400501 50.482334 50.196774 यह
413.95264 458.68616 458.7376 414.0041 64.465836 64.386536 93.41794 93.49724 युवक
91.47233 148.4534 169.4172 112.43613 154.15266 101.61168 124.34706 176.88805 एक
129.46188 189.22922 209.87906 150.11172 197.12813 143.70326 166.80461 220.22948 पल
-14.530262 85.84538 106.37903 6.003376 89.85982 25.148941 56.99948 121.71036 उस
169.93854 225.92331 228.35614 172.37137 353.30618 347.9551 373.4083 378.75937 इन
