276.5201 350.34433 349.78445 275.96024 248.21704 250.05194 272.57788 270.74298 मटरू
266.96054 324.17264 323.4008 266.1887 281.5508 282.86533 316.45926 315.14474 वही
442.2584 510.7534 489.4877 420.9927 -1.859726 11.37088 121.46356 108.232956 उसे
553.90094 584.4865 596.56915 565.9836 283.0036 273.27936 311.28296 321.0072 गया
113.357185 204.78152 204.82678 113.40244 10.277759 10.164524 46.69484 46.808075 तरह
314.9786 388.59158 388.8868 315.27383 44.80005 44.01999 71.87906 72.65912 नजर
18.083534 70.15309 62.465744 10.396184 -3.3508835 3.0030365 65.99982 59.645897 लिए
272.7315 333.37518 332.26154 271.61786 205.09662 206.75 247.59763 245.94424 और
432.39243 483.5234 471.20078 420.0698 123.133835 133.26341 195.46413 185.33455 पसंद
302.26544 383.61487 383.97266 302.62323 4.919897 4.153984 42.156395 42.92231 कह
26.11269 43.798492 40.450962 22.765162 56.788643 59.037285 85.365944 83.1173 वह
318.03452 358.94046 358.3176 317.41165 290.19528 291.118 318.731 317.80826 कुछ
303.1238 350.79263 351.0436 303.3748 73.78153 73.23336 95.05819 95.60636 कर
7.3212433 23.39954 20.398205 4.319909 68.14375 70.0948 94.828415 92.877365 और
