195.99126 221.57317 233.3419 207.76 10.870592 5.849823 65.81409 70.834854 हुए
335.26947 403.20105 400.72888 332.7973 68.304596 72.98483 108.86726 104.18703 वह
137.45049 147.03386 146.4316 136.84822 29.813278 30.153564 47.114944 46.77466 घूम
348.63547 413.25626 413.13522 348.51443 8.103233 8.280098 52.491127 52.314262 गया
147.85971 165.73242 164.65326 146.78055 31.398746 32.071766 60.730526 60.057507 इस
198.78221 254.60161 250.65376 194.83437 324.15442 331.35394 361.96234 354.76282 बढ़
327.07983 373.67163 371.71838 325.1266 105.0318 108.117645 137.60913 134.52328 हम
272.31567 317.25836 319.94806 275.00537 273.9167 264.60303 277.58203 286.8957 वह
317.36197 368.4523 365.40482 314.31448 203.25974 211.42572 230.49228 222.3263 गया
324.56018 385.49652 382.55493 321.6186 240.508 250.03683 268.848 259.31915 आज
329.3118 425.61972 422.26865 325.96072 276.84094 291.18335 313.68536 299.34296 इजलास
