338.19543 402.08307 400.3777 336.49005 78.48872 82.89719 107.61189 103.20343 चाय
314.06342 348.8708 335.4948 300.68744 0.7746086 10.445816 58.586845 48.915638 पर
358.9863 423.15738 423.05655 358.88547 10.356941 10.524132 49.23445 49.06726 गया
196.81392 254.34492 250.11131 192.5803 228.05026 236.61798 265.04617 256.47845 और
205.47127 256.80115 253.72585 202.39598 280.58243 287.75943 309.75388 302.57687 यह
136.96855 164.42143 163.35716 135.90428 31.110344 32.082687 62.13095 61.158607 उतनी
266.91086 316.20633 318.8513 269.55582 265.4161 255.41946 268.4623 278.45895 कर
183.39687 223.32796 233.6974 193.76631 19.152716 11.324837 64.22081 72.04869 उस
227.0751 253.81616 262.50552 235.76447 30.43953 25.446762 71.986664 76.97943 तीन
339.15802 428.20148 423.29773 334.25427 300.68246 312.84183 348.75198 336.59262 रखते
