151.18497 214.38904 218.27289 155.06882 323.72794 317.4971 356.89395 363.1248 कहे
359.909 401.7707 404.6759 362.8142 282.12494 278.5064 312.11584 315.73438 और
127.09119 174.42343 158.37183 111.03958 6.4477882 30.687157 62.031147 37.79178 पल
150.11414 235.5133 280.75055 195.35138 214.04584 139.69275 191.65057 266.00366 कई
218.72171 306.89658 337.97226 249.7974 292.88754 218.2331 254.9368 329.59125 एक
480.28918 569.2887 554.62256 465.62305 116.435196 197.67986 213.74583 132.50117 पर
251.49176 290.30457 275.1651 236.3523 76.29001 96.16115 125.7319 105.86076 बन
472.83795 564.22925 548.7161 457.3248 166.91519 247.15547 264.82452 184.58424 इस
92.89084 134.15598 160.55194 119.286804 149.01791 111.07605 139.78403 177.72589 नई
121.186356 179.69624 197.71901 139.20912 180.71742 127.79433 147.71968 200.64278 तरह
