251.48367 307.9524 302.9991 246.53041 72.774376 80.15687 118.04446 110.661964 इस
420.95273 481.05704 486.35538 426.25107 141.54803 124.52893 143.24036 160.25946 लगा
192.148 230.68834 239.14754 200.6072 215.15334 199.91933 221.32018 236.55418 रहा
159.66608 227.71805 227.53064 159.47867 5.7239113 6.0159416 49.687374 49.395344 इन
374.9411 429.9933 433.5714 378.51923 193.87936 178.03342 190.46457 206.31052 सज
270.38492 324.6581 331.4307 277.1575 187.67082 172.65132 197.12416 212.14366 और
487.34372 530.1996 535.0316 492.17572 123.46444 111.113495 127.87986 140.2308 डूब
327.4803 376.6314 382.7104 333.55927 173.81848 160.23712 182.23706 195.81842 वह
302.31702 369.10052 365.0407 298.2572 100.98657 109.78558 140.5989 131.7999 पहलू
388.98965 462.52438 461.30795 387.77322 99.3559 103.871346 123.68151 119.16607 बाप
247.12598 276.7478 276.70282 247.08101 7.3029747 7.3695526 27.37685 27.310272 इस
