308.2695 344.88364 345.4769 308.86276 280.71558 279.72278 301.60266 302.59546 पड़
50.820877 78.33421 34.369904 6.8565693 13.539337 35.226227 91.00209 69.3152 संघर्ष
405.4312 508.34808 508.20178 405.2849 18.499928 19.32006 37.678013 36.85788 यशवंत
18.307537 68.77545 68.81642 18.3485 127.35772 127.3031 165.1423 165.19693 बना
380.20898 406.70386 409.0531 382.55823 199.91641 196.72818 216.2507 219.43893 और
58.962757 85.16232 85.17082 58.971256 100.39832 100.38712 120.26241 120.27361 उस
407.58636 435.08972 437.45428 409.95093 191.60611 188.28867 207.89194 211.20938 कर
132.17065 180.95074 101.46841 52.6883 -27.750175 11.243446 110.674 71.68038 पसंद
253.54279 340.6682 340.4787 253.35329 23.898232 24.742203 44.304016 43.460045 आता
434.17557 475.0776 477.288 436.38596 194.59285 189.67088 208.03966 212.96162 समया
