499.02045 563.0241 574.8632 510.85956 391.36606 362.54318 388.83298 417.65585 चरा
497.00977 583.0383 598.8375 512.80896 441.90472 404.28656 440.41748 478.03564 करते
38.7256 180.02107 139.47899 -1.8164845 385.0647 477.78967 539.5682 446.8432 यह
200.0208 240.72432 237.9117 197.20818 127.03082 132.6716 152.96738 147.3266 कुछ
163.27042 199.42047 190.371 154.22095 491.8806 515.17206 529.2176 505.92615 पर
161.20268 235.21184 226.48918 152.48003 525.4873 571.9403 585.8373 539.3843 भाषण
565.5342 596.07153 596.5287 565.99133 35.268856 34.425076 50.969242 51.813023 पर
538.0314 596.1046 609.30835 551.2351 545.4772 522.50305 555.8789 578.853 छोर
8.046616 49.864006 40.85195 -0.9654398 465.21545 490.7976 505.529 479.94684 पर
60.118744 110.23549 98.11954 48.002796 489.71582 520.5426 540.24023 509.41345 रखे
6.097187 71.86588 63.690105 -2.078588 505.47284 544.49896 558.27716 519.25104 आया
83.82813 136.33017 124.413994 71.91195 543.5277 574.8762 594.83325 563.48474 और
