287.18338 348.45865 333.98813 272.71286 229.12961 252.81009 290.2538 266.57333 लिए
421.6919 453.08234 452.60657 421.21613 287.60446 287.8876 340.6401 340.35696 इनके
350.5824 418.10406 403.64008 336.1184 256.9707 287.30072 319.50085 289.17084 बच
5.533188 150.38632 149.23756 4.384426 227.7763 230.37433 294.42456 291.82654 कटते
57.185604 122.076355 180.58095 115.6902 321.88736 287.17636 396.54825 431.25925 रहते
363.01544 455.63812 470.6317 378.00903 11.688233 -0.9605789 108.832275 121.48109 एक
458.4612 490.6304 482.45468 450.2855 310.10315 322.5407 343.6869 331.24933 कम
149.27858 243.4911 243.22487 149.01234 328.63715 329.33795 365.12958 364.42877 उनकी
470.73965 505.7897 505.81442 470.76437 40.22323 40.188126 64.89315 64.92825 तरफ
510.80478 546.5286 551.8972 516.1734 27.818596 23.212181 64.847 69.453415 देखते
475.42975 493.96918 499.64056 481.10114 74.77586 72.28995 114.58592 117.07184 रहे
422.79016 433.8725 433.68793 422.6056 276.31714 276.41125 298.14655 298.05243 और
227.9831 289.88367 289.6084 227.70784 312.2894 312.86276 342.58 342.00662 रहा
249.53671 324.40912 324.38943 249.51701 353.77835 353.81522 393.78976 393.7529 फिर
526.17957 584.7385 594.3192 535.76025 73.48649 66.10274 142.08548 149.46922 घर
