421.07288 446.68274 446.33527 420.7254 293.51123 293.74982 331.0489 330.8103 जब
456.98126 478.61926 479.00128 457.36328 307.38193 307.17703 347.51785 347.72275 वह
346.6173 410.4853 395.7492 331.88123 254.38275 282.58844 315.95636 287.75067 और
287.92676 338.5453 325.63483 275.0163 230.51672 250.09781 283.47235 263.89127 इस
475.43555 497.07196 505.07373 483.43732 3.9055448 1.0281448 61.197018 64.07442 से
514.1456 589.703 589.74207 514.1847 19.445173 19.374565 61.117905 61.188515 चटपट
43.36766 174.72098 173.9091 42.555794 241.58469 243.75845 292.81747 290.6437 आज
95.216324 203.74873 203.43715 94.90474 336.9189 337.62625 385.4354 384.72806 तक
379.06952 419.89966 412.58203 371.7519 261.27374 279.40088 295.88342 277.7563 उस
445.4723 522.6885 522.78033 445.56415 85.26688 85.10138 127.95918 128.12468 इसका
534.9989 575.0471 583.062 543.0138 65.17174 60.090805 123.26436 128.34529 अर्थ
265.66913 357.87714 357.61438 265.40637 324.75885 325.49213 358.53265 357.79938 आशा
320.78717 384.4983 384.55463 320.8435 30.368467 30.291183 76.73155 76.80884 जब
