281.93738 336.7672 335.89325 281.06342 147.46988 149.53204 172.76953 170.70737 साथ
279.30276 329.50497 328.32712 278.1249 183.01973 184.97084 215.27751 213.3264 चले
358.177 420.1021 426.5855 364.6604 197.18298 171.80798 187.63 213.005 जब
406.81192 454.3986 454.3168 406.73013 7.3085575 7.4837017 29.702185 29.52704 कुछ
494.72412 559.9933 559.8585 494.58936 15.247677 15.577229 42.263115 41.933563 पास
134.095 207.92065 181.90396 108.0783 216.73776 299.5846 322.76834 239.92152 भूतनाथ
126.257416 144.40073 136.41153 118.26822 265.5947 268.01663 327.8649 325.44296 के
149.47296 195.8097 176.95923 130.6225 306.96506 357.0137 374.4661 324.41745 बदन
235.56238 285.7778 264.38596 214.17053 296.05084 353.45544 372.16827 314.76367 आदमी
561.6269 593.98553 593.9423 561.5837 24.129951 24.262917 34.789932 34.656967 मानव
91.2665 137.68335 116.751305 70.33445 205.42096 256.55798 275.55792 224.42091 हृदय
