16.944508 44.519238 46.254055 18.679325 10.61894 7.0797405 20.596083 24.135283 वह
554.9612 598.76685 594.79785 550.9922 13.2883415 24.818056 39.897667 28.367952 पर
354.15448 374.48773 369.328 348.99475 54.378426 58.509636 83.90499 79.77378 वह
379.77536 420.91147 420.71194 379.57584 49.766693 50.038406 80.2475 79.975784 अपने
429.3082 458.83426 458.74973 429.22366 28.934414 29.053753 49.973362 49.854023 आप
471.31604 497.55023 488.06207 461.82788 11.663841 17.978981 57.39431 51.07917 लोग
515.38116 557.15753 560.0401 518.26373 123.44699 115.9135 131.89856 139.43205 लग
23.748096 104.87445 111.537766 30.411411 176.75554 159.26808 190.17992 207.66737 ऊपर
348.62085 389.5006 389.3418 348.46204 26.270386 26.468544 59.22911 59.030952 लोग
344.55783 366.68375 360.5388 338.41287 78.40628 82.86476 113.36008 108.901596 इस
