49.26545 83.7036 78.46668 44.028538 266.94937 284.5322 294.78934 277.2065 एक
448.34998 514.1061 513.25696 447.50082 320.87524 323.77472 343.03253 340.13306 साल
52.77922 94.00928 84.591736 43.36168 308.91107 328.95593 348.32678 328.28192 तौर
267.94592 323.01154 323.0733 268.0077 39.2047 39.127617 83.27066 83.34774 अब
434.28064 492.2459 492.30347 434.3382 18.522766 18.456223 68.57214 68.63869 तक
448.44196 502.93408 511.45532 456.9632 100.36717 93.40721 160.12325 167.0832 आए
526.26227 574.95013 584.6208 535.9329 75.40881 69.51599 149.41739 155.31021 और
85.68095 120.60526 114.441505 79.51719 283.97742 301.81458 313.88293 296.04578 वह
229.66324 269.87152 266.15094 225.94267 368.8427 376.5539 395.95398 388.2428 रूप
3.927662 39.918888 39.954136 3.9629097 53.791656 53.7435 80.08624 80.1344 बात
