8.451601 42.610497 42.618492 8.459593 39.588566 39.576748 62.67539 62.687206 हर
8.548176 64.77133 64.79077 8.5676155 69.114174 69.082146 103.21793 103.24996 चीज़
293.14087 336.93616 345.45465 301.65936 77.12942 62.504982 88.01504 102.63947 घूम
4.7637978 99.96283 100.0343 4.8352623 227.84154 227.69711 274.79962 274.94406 अभी
312.17993 374.67456 394.10657 331.61194 230.41779 199.18292 238.06244 269.2973 छूट
387.69006 440.9654 427.776 374.50067 72.26792 93.63557 126.52033 105.15269 पर
84.73401 143.50714 140.23325 81.46011 81.07795 89.84603 111.79116 103.02308 एम
473.78412 544.8934 549.6346 478.52533 110.52395 104.10884 156.66391 163.07903 कर
541.224 576.1011 576.1279 541.25085 220.17036 220.12785 242.11534 242.15785 और
304.51532 364.60876 364.6548 304.56134 25.73769 25.64532 55.57461 55.66698 अब्दुल
