203.67677 247.75777 260.38544 216.30443 416.53226 390.00162 410.98264 437.51328 हरण
125.50268 169.58615 171.10043 127.01696 79.61076 75.76785 93.13884 96.98175 कहा
236.5326 294.45215 297.7359 239.81635 329.2623 320.66415 342.78433 351.38248 इस
111.206085 199.23557 203.47104 115.44156 13.264943 5.7430344 55.311077 62.832985 अगर
230.24582 247.64911 249.2858 231.8825 300.41016 298.2005 311.09113 313.30078 भर
255.80853 283.484 285.71442 258.03894 297.1632 293.6499 311.21948 314.7328 बहुत
94.07165 160.61058 167.10132 100.56239 266.45676 257.3104 304.52988 313.67624 इतनी
38.194504 86.04289 89.29627 41.447884 383.43866 376.93842 400.88647 407.38672 और
5.7559357 37.881874 48.850384 16.724447 18.785292 9.875877 49.426605 58.33602 और
51.970825 93.5426 97.206726 55.63495 270.68875 264.98972 291.7178 297.41684 साथ
46.010345 92.33208 94.034515 47.712784 32.173508 28.252922 48.367165 52.28775 कलम
96.854126 110.18443 118.57056 105.24025 18.308271 14.762543 46.29049 49.83622 से
161.03592 194.24414 201.19086 167.98264 261.85562 255.80045 293.8981 299.95328 और
