233.49808 302.5366 306.30527 237.26675 328.1136 317.83795 343.15826 353.4339 रहने
6.678108 96.85746 96.03469 5.855336 450.28076 452.9361 480.87854 478.2232 टकरा
118.913666 175.29367 174.4668 118.086784 453.58554 455.24564 483.32816 481.66806 कर
216.32257 255.11203 270.01254 231.22308 411.516 388.17865 412.94513 436.28247 रहा
210.17464 257.36853 259.02313 211.82921 183.07657 180.05725 205.91943 208.93875 उठा
59.563515 107.17475 105.64333 58.032097 509.40674 512.33484 537.2362 534.3081 एक
31.765902 94.81777 98.10982 35.057945 384.6474 375.69214 398.8706 407.82587 लगी
111.34499 153.4195 155.38467 113.31017 189.31595 186.6177 217.2615 219.95975 सजे
100.98012 165.78453 170.8452 106.04079 274.61322 265.7069 302.52954 311.43585 कह
158.9904 187.98885 189.53816 160.53972 358.77832 354.6034 365.3648 369.53973 पर
