91.12444 117.93882 119.72024 92.90586 14.074054 11.822086 33.03355 35.28552 पर
127.05373 155.04585 156.82408 128.83195 11.094715 8.743839 29.91745 32.268326 घर
174.9886 215.47694 215.47786 174.98952 148.28151 148.27977 169.32704 169.32878 पक्ष
229.56862 278.96805 280.92224 231.5228 174.74486 171.58824 202.17012 205.32674 रूप
197.22952 250.60413 271.8434 218.46881 409.94064 377.83023 413.1346 445.24503 मत
39.098946 87.36922 85.57612 37.305843 504.7519 507.74152 536.69305 533.7034 और
107.32509 154.51895 152.8344 105.64053 518.88696 521.7494 549.52344 546.661 कुछ
9.684498 62.163746 64.69223 12.212978 41.84708 37.363396 66.95796 71.44164 उतर
66.799515 92.80701 104.68678 78.67929 25.303564 18.309647 62.485634 69.47955 भी
97.63071 162.58041 161.94376 96.99404 454.03055 455.94748 477.51895 475.60202 आया
143.82088 178.91563 180.2719 145.17714 193.19519 190.94861 212.1352 214.38177 वह
7.7409363 37.480133 36.412186 6.672987 526.3338 528.08624 546.20905 544.4566 झूठ
