187.95865 252.98254 273.62753 208.60364 419.43518 380.32123 414.6419 453.75586 शायद
21.405258 75.01723 74.04509 20.43312 447.30392 448.87076 482.13333 480.5665 इस
96.42897 161.98462 161.13371 95.57806 449.49655 451.4125 480.52682 478.61087 तरह
311.0996 364.54614 386.10657 332.66003 142.09201 104.99902 136.06497 173.15796 देर
290.6341 312.92273 323.27844 300.9898 365.45282 352.03577 369.23883 382.65588 पर
182.38052 218.66031 218.66171 182.38193 147.17499 147.17279 170.43292 170.43512 इन
28.575672 100.68941 103.77461 31.660877 385.10046 374.85815 396.58032 406.82263 होकर
319.8403 352.5239 363.77554 331.09195 218.20575 195.68173 212.00848 234.5325 अरे
330.52255 367.41684 379.39023 342.49594 251.06372 225.76239 243.22195 268.5233 तुम
318.43774 347.8506 357.60962 328.19678 359.13254 341.43442 357.6531 375.35123 उस
