109.06654 172.90326 172.04182 108.20511 89.98309 92.13905 117.64545 115.48949 इसके
113.8445 162.4494 161.5559 112.951 122.631714 124.59366 146.72922 144.76727 लिए
173.07516 272.71222 266.76877 167.13171 232.55463 273.83588 288.1811 246.89984 समर्थक
536.7625 600.0997 597.418 534.0809 144.87372 149.73434 184.67719 179.81656 तब
106.15982 187.08438 187.05038 106.12582 321.1486 321.19333 382.68015 382.6354 मिल
2.7718887 111.01402 109.872246 1.6301149 83.43831 87.02757 121.460175 117.87091 सब
256.13687 292.89816 298.72726 261.96597 32.734352 23.19989 45.6746 55.20906 पल
178.34952 223.70523 223.3132 177.95749 86.70915 88.18996 100.19731 98.71651 करण
229.02603 258.29575 264.11136 234.84164 51.141953 43.55287 65.98265 73.57173 पर
172.2955 223.90451 223.72879 172.11978 305.61197 305.85 343.94638 343.70834 लोग
186.01624 224.72025 224.73495 186.03094 365.44604 365.4254 393.05237 393.073 उस
