18.924362 204.17635 203.85326 18.601269 8.263947 8.698914 146.30511 145.87015 अब
275.1187 518.50696 518.4838 275.09555 16.079788 16.137253 114.13072 114.07326 रूप
223.31389 257.6347 258.19806 223.87727 96.28685 95.38881 116.920425 117.81847 झर
109.762955 149.83295 149.75465 109.684654 18.424381 18.574253 39.51127 39.361397 एक
167.14339 198.1533 198.04619 167.03627 12.680008 12.794983 41.682404 41.56743 ईंट
518.3563 578.96265 578.9498 518.3435 40.679504 40.70456 71.59831 71.57326 अपने
518.3623 592.8485 592.85095 518.36475 92.914604 92.906105 114.82064 114.82914 समाज
346.08505 401.98117 401.97922 346.0831 96.077774 96.080765 132.0484 132.04541 शब्द
222.52484 258.87134 259.4665 223.12 74.74456 73.73327 95.12292 96.13421 घर
223.67859 258.11768 258.6608 224.22171 118.434 117.57126 139.25165 140.11438 पर
