76.72633 149.55917 143.4865 70.65366 85.91527 93.5768 151.30547 143.64394 भर
151.07349 247.43863 246.61911 150.25397 103.74956 105.19014 160.00935 158.56877 ठीक
453.89874 555.37683 555.2505 453.7724 5.1791 5.4851303 47.37787 47.07184 साल
444.16562 484.23434 470.27225 430.20352 90.48918 99.68263 160.53516 151.3417 सकते
529.10077 583.8493 563.90607 509.15753 68.16199 81.70154 162.34409 148.80453 गया
134.27089 161.1766 141.04948 114.14377 540.2404 565.5435 586.9454 561.6423 वह
54.75569 90.158936 87.73787 52.334625 127.26634 130.99992 153.95738 150.2238 उसके
271.8511 327.24515 327.18228 271.78824 10.186211 10.316563 37.022438 36.892086 बाग
405.6654 420.21863 416.26996 401.71674 123.008255 126.17549 144.31944 141.1522 कर
497.25513 524.90106 516.2857 488.63977 120.03471 126.68297 162.50893 155.86067 पर
90.31418 127.25282 104.737335 67.79869 468.43146 502.91733 527.0342 492.5483 सब
331.7549 396.40244 396.30118 331.65366 6.5010986 6.6800156 43.258717 43.0798 एक
573.0697 589.95337 581.817 564.93335 123.87369 128.39963 158.75171 154.22577 उसे
