286.67725 325.49554 325.81934 287.00104 183.67258 183.00876 201.94327 202.60709 अन्न
1.9861155 24.802864 26.459904 3.643157 17.054863 14.351078 28.33456 31.038345 पर
1.9818068 24.792408 26.466137 3.6555357 45.402237 42.665092 56.61351 59.350655 पर
347.64325 465.12854 465.122 347.63672 44.157944 44.16722 126.94141 126.93213 वही
334.76935 417.6939 416.06024 333.13568 230.73392 235.77472 262.64957 257.60876 पारबती
226.90732 338.7268 338.72507 226.90556 40.793755 40.798843 79.94515 79.94006 अगर
237.30386 299.7412 298.30417 235.86682 235.60251 239.39737 263.04108 259.24622 कमलिनी
29.432144 48.318733 50.17334 31.28675 187.55595 186.26988 213.50545 214.79152 पर
381.26215 517.8047 517.80945 381.2669 134.77635 134.7668 203.07646 203.08601 हसीन
255.02945 305.63458 303.67752 253.07237 262.5682 265.64285 297.8544 294.77975 वन
