179.99026 220.13718 212.21921 172.0723 165.10478 207.11278 214.67995 172.67195 पर
36.728653 156.84729 156.70752 36.588886 29.236298 29.44551 109.69162 109.48241 गिर
10.691175 37.269974 38.727722 12.148924 203.29683 201.60374 224.48802 226.1811 यह
126.51253 174.50864 174.43227 126.43616 5.567627 5.6981697 33.776367 33.645824 हुआ
376.83817 417.17514 417.18936 376.8524 25.128515 25.105007 49.468292 49.491802 रहा
376.83017 427.3289 427.34116 376.84244 54.16583 54.146774 86.7009 86.719955 फिर
121.0094 142.62051 145.39337 123.78226 261.39633 256.32718 268.14853 273.21768 आप
115.86279 157.4696 157.48172 115.87491 131.6774 131.65097 150.74936 150.77579 चरित्र
153.59145 215.09087 215.04362 153.5442 61.803726 61.93062 84.825226 84.69833 कारण
443.05838 481.47733 481.50418 443.08524 25.48691 25.459442 63.05562 63.083084 रहे
506.511 559.1764 559.2018 506.53638 25.441545 25.403889 60.983253 61.02091 और
39.320755 58.868927 58.939575 39.391403 196.10524 196.05983 226.48183 226.52724 हुए
41.13143 96.66686 96.682976 41.147545 133.83493 133.79663 157.15973 157.19803 कहा
