7.654236 101.71362 114.91429 20.854904 23.200083 0.91291046 56.62417 78.91134 समझे
476.2129 507.18457 510.90222 479.93054 236.31473 228.25067 242.5292 250.59326 यह
516.909 565.6048 569.31744 520.62164 225.71873 213.0399 227.29897 239.9778 जगह
367.5739 415.36426 415.3888 367.59845 236.23393 236.1948 266.11597 266.1551 उसी
367.5906 416.39035 416.413 367.61325 289.103 289.0587 314.00778 314.0521 तरह
416.86475 452.5711 452.56018 416.85382 8.272671 8.284443 41.46074 41.448967 गैर
23.384884 54.2645 59.217564 28.337948 11.047859 3.7513046 24.713074 32.00963 कर
491.158 517.34924 521.6749 495.48367 212.63074 205.81927 222.45227 229.26373 भूल
78.39249 171.09343 171.1305 78.42955 117.62241 117.56496 177.36807 177.42552 वह
205.90672 300.51514 300.5522 205.94377 117.54339 117.48476 177.27505 177.3337 यह
78.261284 296.4772 296.5236 78.30767 210.13504 209.96591 269.83127 270.0004 समझता
57.269688 175.95506 175.99646 57.311085 274.21103 274.1063 321.0328 321.13754 और
45.114765 153.86977 153.90607 45.151066 349.9171 349.80737 385.78015 385.8899 इस
175.33461 292.98254 293.0188 175.3709 349.78568 349.66696 385.63193 385.75064 बात
