408.93652 484.00488 485.3161 410.24774 195.41571 190.76157 211.91031 216.56445 आकर
409.95035 446.95792 448.92435 411.91678 230.60237 228.3078 260.02362 262.31818 घेर
484.9504 524.7213 524.7235 484.95267 16.57069 16.564281 30.667492 30.6739 पर
126.68829 211.08649 211.07007 126.67187 25.30027 25.319824 96.20271 96.18316 कुछ
387.27173 480.3133 482.48547 389.4439 268.74377 262.9516 297.84406 303.63623 जाकर
327.39008 388.74463 390.32208 328.96753 244.86366 241.05032 266.43085 270.24417 तरह
353.98804 392.25366 392.2522 353.98657 122.76759 122.770676 140.77336 140.77028 कर
408.51135 480.5409 480.53894 408.5094 114.89549 114.90123 139.65521 139.64948 अपनी
495.55615 554.08203 554.08044 495.55457 122.778534 122.78323 143.03665 143.03195 पहरा
1.9886875 40.16651 55.473595 17.295769 152.4892 104.8584 117.127594 164.75839 गए
180.44649 205.5258 204.54686 179.46754 264.3703 266.20276 279.6009 277.76843 मन
