229.93228 282.55368 286.55185 233.93045 413.41913 406.75128 438.30396 444.9718 फुल
398.0697 499.99414 509.98926 408.06482 97.14289 80.728775 142.79407 159.20818 और
91.558136 118.81282 119.742035 92.48735 370.44113 368.62277 382.55057 384.36893 पर
51.463356 82.8301 91.00036 59.633614 438.80008 426.14706 446.4011 459.0541 सही
89.34774 137.2042 145.37378 97.51733 422.1326 402.8314 423.0875 442.3887 उपयोग
478.51434 581.5461 581.55206 478.52032 241.06241 241.056 336.61234 336.61874 हुई
345.8195 372.77792 372.7659 345.80746 14.203426 14.219654 34.201 34.184772 और
344.76105 378.70404 378.69836 344.75537 37.382324 37.391068 59.38669 59.377945 कोई
516.73535 594.69727 594.69507 516.73315 363.0683 363.07312 398.3294 398.3246 जल
541.7416 591.458 591.4457 541.72925 18.160255 18.180809 48.080414 48.05986 कर
122.23155 152.7549 153.68422 123.16087 370.33478 368.29773 382.22314 384.2602 रखा
162.61302 194.22148 195.1504 163.54195 367.64594 365.5365 379.4558 381.56525 मगर
204.04599 231.30286 232.23138 204.97452 364.88715 363.06805 376.98108 378.80017 उस
