73.54911 127.209145 136.0964 82.43636 311.93 290.10126 311.94812 333.77686 तरफ
401.50153 466.84576 473.26068 407.91644 111.351715 100.84125 140.72314 151.23361 वह
21.18158 67.18322 66.988014 20.986374 6.4707108 6.844639 30.85936 30.485432 मिल
219.91756 288.0147 291.58167 223.48453 406.93933 398.35272 426.641 435.2276 आप
67.759 93.50865 81.761566 56.011913 107.21513 126.161865 142.1268 123.18007 पर
102.961494 146.58078 148.58429 104.96502 361.08246 358.1687 388.16162 391.07538 दोष
178.6407 215.71211 216.99892 179.9275 364.64456 362.1691 381.4398 383.91525 यह
6.1718483 46.274315 46.002205 5.899737 45.312874 45.700966 73.81929 73.4312 रहा
40.177853 73.01953 62.580288 29.73861 122.46509 146.62973 160.8175 136.65286 रुपए
70.77423 101.30774 102.5235 71.98999 370.75497 368.71683 386.92978 388.96793 और
