62.298088 115.75124 128.24976 74.79661 425.28745 403.72342 434.70486 456.2689 घर
504.99835 584.46277 584.4626 504.9982 277.82 277.8203 324.8625 324.86218 वह
413.3769 480.95343 487.73462 420.15808 93.54208 82.65842 124.76285 135.64651 इस
315.94025 400.76782 400.75128 315.9237 4.9860992 5.015377 52.99705 52.967773 कमी
194.28214 231.7937 233.89328 196.38171 111.04949 107.42711 129.16919 132.79158 लोग
394.52496 448.78308 453.58032 399.3222 145.39828 136.69455 166.60013 175.30386 और
436.76202 483.1217 472.74945 426.38977 384.58884 402.6088 429.29337 411.2734 पर
534.778 581.48065 581.465 534.7624 4.4083366 4.441557 26.358416 26.325195 बीस
536.0171 591.629 591.6234 536.0115 37.489082 37.50647 55.45478 55.437393 हजार
311.70407 350.91916 343.3726 304.1575 203.32246 215.75099 239.56236 227.13383 मगर
366.68042 389.5788 368.6023 345.70392 213.52103 227.9414 261.2504 246.83002 इस
