71.7478 132.36276 141.65302 81.038055 310.34875 285.69165 308.53003 333.18713 सका
452.04425 574.1517 574.1528 452.04535 295.4659 295.46353 352.7792 352.7816 सकते
299.46375 393.5896 385.2044 291.07855 266.4492 293.7914 322.6575 295.31528 धन्यवाद
201.4659 251.72441 242.40053 192.14201 220.59546 235.20789 267.27673 252.6643 फिर
541.7415 596.47345 596.46295 541.731 18.160255 18.173912 60.040825 60.02717 भाई
64.31703 120.101715 133.55566 77.77098 428.62836 406.13165 439.49323 461.98993 सभी
493.24234 591.8436 591.8447 493.24344 245.47351 245.47113 289.58246 289.58484 गया
132.60994 186.08531 177.39146 123.91609 190.16316 205.69527 235.62727 220.09517 कोई
309.9534 410.70938 410.6909 309.9349 3.9811325 4.0255356 46.007942 45.96354 लगा
48.04946 76.457825 65.36527 36.956905 117.32124 138.22401 153.2996 132.39684 अब
