316.32928 517.72284 517.7266 316.33307 17.324518 17.319077 157.1628 157.16824 और
210.0473 284.3028 282.9966 208.7411 239.34128 243.8541 265.34695 260.83414 सकता
307.75186 340.07736 338.83652 306.51102 245.2792 247.24377 267.66068 265.6961 पर
282.44324 329.65637 330.06897 282.85583 181.63976 180.83458 205.02696 205.83214 अब
199.76442 227.7188 227.71675 199.76237 26.255993 26.257877 56.450016 56.44813 न
259.72824 307.80582 307.82962 259.75204 15.083008 15.059715 64.257904 64.2812 गई
372.1252 432.45334 431.27634 370.9482 221.12906 224.7969 244.15585 240.488 शायद
3.1069984 49.295406 52.360928 6.1725197 7.7980757 2.3469658 28.321758 33.77287 रूप
31.670631 46.27289 48.691635 34.08938 173.19984 172.20317 207.64012 208.6368 रहे
222.28198 290.50647 290.5044 222.2799 66.96368 66.96728 106.12641 106.12281 ऐसा
224.73865 310.88495 310.88495 224.73865 128.95596 128.95596 159.18393 159.18393 भारत
