121.50944 240.60062 240.61322 121.52204 5.984402 5.9664764 89.76005 89.77798 भेज
243.11343 330.31747 331.80655 244.60251 264.8637 261.0916 295.5163 299.2884 राजवंश
478.10736 551.8599 551.98676 478.2342 45.19158 44.94207 82.43016 82.67967 इधर
491.44858 563.8373 563.93896 491.55026 108.08377 107.84128 138.19507 138.43756 उधर
292.63266 417.01736 417.02982 292.6451 4.894844 4.875641 85.48676 85.50597 कुछ
231.83815 266.7874 267.66956 232.72026 258.20886 256.65173 276.45068 278.0078 पर
536.3893 578.5304 578.63965 536.49854 6.1471324 6.000332 37.358955 37.505756 हुए
544.8648 599.3934 599.4797 544.9511 45.6872 45.501892 70.89035 71.07565 कहा
28.047493 88.72694 69.29533 8.615881 108.365234 157.5946 181.54575 132.31638 और
139.52454 172.50595 172.50787 139.52646 114.19466 114.19093 131.18529 131.18901 सूरत
196.30493 218.97345 219.43967 196.77115 264.02634 263.0093 273.4009 274.41794 पग
450.5195 502.76315 502.86807 450.62442 9.096749 8.91494 39.068558 39.250366 उस
