137.15538 164.05945 141.71706 114.812996 330.1401 345.0131 385.42874 370.55576 फिर
174.76767 290.10062 318.35098 203.01804 253.66614 201.41187 263.76465 316.01892 पर
440.06717 478.361 478.36417 440.07034 168.86523 168.85556 181.39166 181.40134 पर
24.784752 69.21957 65.7739 21.339087 323.6759 329.51984 355.71906 349.87512 उम्मीद
10.136696 35.46254 33.061253 7.7354097 358.23358 361.65363 379.4355 376.01544 रख
39.650887 80.120224 76.760994 36.291653 354.996 360.46097 385.33682 379.87186 सकते
201.72519 275.89612 290.17374 216.0028 201.31177 167.08191 198.01932 232.24918 उससे
407.731 440.53433 438.56088 405.75754 55.562607 59.166214 77.13043 73.526825 अब
81.66598 118.66575 115.984886 78.985115 351.78793 356.72086 376.82895 371.89603 खाल
220.44917 251.66371 242.75792 211.54338 291.7864 296.64243 353.88864 349.03262 प्त
93.48881 113.96943 116.69845 96.21783 84.90828 82.74315 108.557755 110.722885 हम
