84.6897 110.68262 110.88582 84.8929 355.36725 355.28046 416.1247 416.2115 दूर
402.01114 432.01083 432.01285 402.01315 11.9903755 11.986652 27.985802 27.989525 यह
65.93723 97.03448 106.80776 75.71052 132.63629 127.14813 182.52585 188.014 पर
294.43643 315.43497 315.4343 294.43576 496.2028 496.20425 506.20407 506.2026 राम
294.43927 321.43365 321.42865 294.43427 510.39966 510.4087 525.41077 525.40173 करते
330.7834 354.78723 354.78247 330.77863 510.41138 510.41907 525.422 525.4143 और
294.43628 333.4317 333.42822 294.4328 534.60315 534.6168 544.6183 544.6046 सम्मान
46.50949 82.35437 77.832214 41.987335 156.73589 163.33846 187.88893 181.28636 राम
57.194733 92.15074 87.89685 52.94084 212.09357 218.33401 242.1622 235.92175 राम
366.0579 408.04752 408.03146 366.04184 497.4201 497.43475 543.4443 543.4296 हुई
368.2416 424.2604 424.24606 368.22726 549.8318 549.8535 586.8622 586.84045 और
447.80115 491.82043 491.81122 447.79193 562.86395 562.8802 587.889 587.87274 यह
