52.34768 68.60089 65.14386 48.890648 290.3543 292.92432 314.7871 312.2171 लोग
47.46546 62.295883 59.800926 44.970505 321.30563 323.65018 339.43198 337.08743 नाव
404.08536 489.3895 489.39468 404.09055 30.198158 30.186241 67.30023 67.31215 मगर
203.67023 358.4796 380.47882 225.66943 129.79556 89.54425 174.15466 214.40598 रहना
557.6969 590.9031 592.6859 559.47974 321.95526 319.47278 343.32 345.8025 पर
34.538742 185.39758 185.38707 34.52823 5.0171814 5.0431366 66.15631 66.130356 कसम
371.5198 476.77487 486.4329 381.17783 131.3167 103.94774 141.09053 168.45949 साल
456.62054 494.84937 494.80896 456.58014 391.13498 391.22763 407.89694 407.8043 लाख
511.3043 541.0204 541.0465 511.3304 332.2905 332.24173 348.183 348.23178 पर
19.679554 49.438293 43.270576 13.511839 286.41183 291.10403 330.22092 325.52872 लिए
114.33644 158.06413 158.0591 114.331406 61.778503 61.78656 89.07184 89.06378 वह
445.2647 486.54474 494.05646 452.77643 148.48979 137.75533 166.64204 177.37651 और
503.21722 586.7918 595.3565 511.78192 134.52126 112.82068 145.80547 167.50604 इसलिए
