512.6938 560.0224 560.01276 512.68414 228.72235 228.74768 246.72043 246.6951 बचत
45.77581 174.27512 174.47568 45.976387 8.608194 8.198891 71.16752 71.57682 आज
33.918446 52.93969 40.054295 21.033049 256.00558 273.5101 287.512 270.00748 उम्र
57.693558 77.28044 64.40648 44.819595 277.90784 295.93292 309.92236 291.89728 इस
82.08601 98.80644 87.01306 70.29263 300.3788 315.76736 328.58145 313.1929 घर
511.48267 565.4658 566.59546 512.6123 268.04602 265.59296 290.45105 292.9041 पता
353.0821 459.51288 459.4571 353.0263 15.294838 15.434944 57.796974 57.656868 आज
497.71008 593.19885 593.1554 497.6666 15.443237 15.541153 57.972977 57.87506 तक
177.99055 236.23442 236.37697 178.1331 5.238019 5.0543327 50.257504 50.44119 दिए
130.53535 173.48387 142.09459 99.14607 276.41992 315.99426 350.0598 310.48547 करने
477.61176 520.31616 520.28046 477.57602 63.48983 63.547707 89.92454 89.86666 यह
