512.1854 552.41895 553.2737 513.04016 278.83823 276.96744 295.35013 297.22092 एक
57.867218 170.2531 170.40698 58.021103 15.459073 15.092823 62.313923 62.680172 इजलास
458.40576 513.1461 513.1138 458.37344 19.018559 19.085918 45.32519 45.25783 जब
145.31863 182.48062 182.56183 145.39984 7.5044546 7.3863983 32.947998 33.066055 इसे
198.46489 240.57451 240.64943 198.53981 7.3356166 7.2018394 30.784126 30.917904 और
8.986536 30.988348 35.2054 13.203585 117.66035 115.117004 151.59772 154.14105 और
400.5468 452.1847 452.1599 400.52203 6.893482 6.951294 29.10017 29.042358 जल
399.21747 451.98486 451.95374 399.18634 47.197136 47.27086 69.532 69.458275 गया
469.2141 514.89954 514.86707 469.18164 46.281685 46.345505 69.619896 69.556076 अब
31.73629 58.968307 59.051147 31.81913 108.4847 108.37483 128.90729 129.01717 डरता
162.89339 185.88725 190.7386 167.74474 96.28006 92.61488 123.05026 126.71544 उससे
516.1225 592.3382 592.30206 516.08636 19.089027 19.16909 53.516815 53.436752 कहा
