58.66388 128.39046 90.80562 21.079044 249.33438 313.44864 354.32352 290.20926 कल
1.4042931 45.492657 51.12073 7.0323677 101.52172 96.59514 146.96118 151.88777 होकर
409.7119 499.01642 498.92523 409.62073 6.862831 6.988846 71.624886 71.49887 और
145.58542 173.77438 150.49625 122.30728 281.56818 302.146 334.034 313.45618 पर
343.91214 397.24197 399.96384 346.634 130.73956 126.84396 164.10544 168.00104 हाथ
510.06467 565.32007 566.60657 511.35117 271.35733 268.8289 296.94363 299.47208 करो
47.315163 61.14068 63.149384 49.323868 103.93089 102.43404 120.98723 122.484085 वह
475.64337 514.1284 514.1067 475.62164 6.9618835 7.003399 27.152054 27.110538 तह
531.26385 572.9318 572.90533 531.23737 12.858906 12.900898 39.131836 39.089844 यह
531.34875 587.40454 587.3618 531.306 52.021988 52.093536 85.556076 85.48453 जीट
