5.175827 73.1115 76.25345 8.317772 386.3673 375.73065 395.7981 406.43475 इतने
405.0999 497.05402 506.55292 414.59882 57.15465 43.499573 107.465805 121.12088 इन
9.3562355 51.68974 49.909595 7.5760913 298.3962 300.8878 331.1334 328.6418 तरह
17.42913 165.99722 166.00516 17.437065 17.876188 17.863274 109.06223 109.07515 कहते
399.96057 451.96606 455.09326 403.08777 139.68385 131.94157 152.94719 160.68947 पर
2.036416 31.31918 38.848156 9.5653925 327.14542 322.43448 369.23422 373.94516 गये
243.78748 331.0727 331.07043 243.7852 29.53067 29.536331 64.61571 64.61005 उसकी
242.63632 296.7905 296.7914 242.63724 77.22923 77.22781 111.25128 111.2527 ओर
100.71251 176.766 183.66307 107.60957 301.21835 262.42532 275.947 314.74002 वह
175.03043 228.19824 228.20026 175.03244 33.94271 33.938065 56.990578 56.995224 लंदन
