35.01088 233.10359 233.05876 34.96605 29.71402 29.791779 143.95665 143.87889 कमरे
474.2475 574.5994 574.5992 474.24725 39.211258 39.21164 101.67029 101.66991 मर
450.94156 528.23413 534.27844 456.98587 237.96841 204.72409 218.77707 252.0214 साथ
305.73224 333.41315 330.91327 303.23236 336.15543 344.3298 352.79507 344.6207 कर
345.24185 375.02023 372.53476 342.75638 347.82297 356.61673 365.03336 356.2396 थक
10.010689 80.051704 80.018974 9.977957 11.668961 11.709122 68.79778 68.75762 नई
470.6404 509.41403 509.38486 470.61124 88.334496 88.37583 115.71766 115.67632 रहने
472.646 541.94836 549.95874 480.65637 250.46548 221.25165 240.25421 269.46805 नए
42.990707 90.01976 90.00914 42.980087 159.9038 159.92043 189.95705 189.94041 लोग
299.71643 359.91882 354.98108 294.7787 270.7732 289.10828 305.32117 286.98608 इस
