146.43576 219.38135 219.37561 146.43002 13.35051 13.362686 47.74588 47.733704 मगर
58.554527 117.28534 110.00254 51.271732 75.3677 92.033424 117.69836 101.03263 अगर
307.71683 432.20932 445.5007 321.0082 76.22124 57.081467 143.53398 162.67375 एक
102.38826 171.06776 169.63023 100.95073 140.90895 144.67775 170.87398 167.10518 बाहर
83.137085 141.10542 141.09799 83.129654 7.969185 7.9789734 52.03258 52.022793 कई
472.58942 568.4814 574.3183 478.42633 88.6254 73.87106 111.80629 126.56062 भविष्य
50.84758 86.96158 85.80316 49.689163 132.0165 133.99431 155.14635 153.16853 यह
233.32687 312.70108 312.6959 233.32169 10.142681 10.155109 43.460766 43.448338 उधर
437.19202 496.22546 500.6018 441.56836 75.73257 66.65293 95.10674 104.18638 करते
399.51782 457.201 457.18652 399.50336 189.80444 189.84143 212.38992 212.35294 जान
