92.1261 166.68936 165.63153 91.06827 145.38634 149.51064 168.63509 164.51079 आपका
404.38693 452.32193 452.2698 404.3348 188.53937 188.65012 211.20969 211.09894 बन
28.179535 100.809074 90.17527 17.545732 56.325035 76.95298 114.39388 93.76594 एक
281.36188 333.0835 338.11334 286.39172 123.44517 115.486176 148.17288 156.13187 वह
372.07547 450.1213 456.76993 378.7241 96.53778 84.53122 127.74898 139.75554 उसी
492.96054 568.8291 573.8544 497.9858 90.88406 79.20929 111.86572 123.5405 तरह
14.109974 41.981453 41.10003 13.228551 125.35498 126.87906 142.99817 141.47409 पर
55.8207 95.8756 94.93824 54.88334 127.63576 129.82603 146.96806 144.77779 हाथ
204.36774 311.6266 311.6211 204.36226 5.8415756 5.8597717 38.08885 38.070652 उपचार
297.3761 374.3938 379.90363 302.88593 78.89023 67.04907 102.8864 114.727554 आने
191.15604 244.4989 235.99893 182.65607 95.69658 110.84698 140.77443 125.62403 एक
115.321396 188.28894 188.28209 115.31455 11.196972 11.209213 52.040417 52.028175 गए
