12.315792 49.523422 49.454212 12.24658 39.741936 39.82196 72.001495 71.92147 कि
74.821075 137.05301 137.00327 74.77133 48.934395 49.068245 72.189804 72.055954 कमर
12.309891 86.59677 86.52466 12.237774 87.397064 87.54527 123.69362 123.54541 बेहतर
12.302139 52.435806 52.39148 12.257814 150.02962 150.10356 174.16173 174.08778 हम
77.72128 138.85605 138.81189 77.67713 150.1549 150.27197 173.32349 173.20642 उधर
254.2886 349.13834 349.11978 254.27005 69.866974 69.90935 111.44873 111.40636 ज्वर
254.34572 346.1635 346.17114 254.35335 144.22514 144.2137 205.46144 205.47289 कुछ
12.955414 73.07806 73.01781 12.895162 214.14761 214.2511 249.25656 249.15308 उम्र
12.946426 98.99434 98.944954 12.8970375 281.33795 281.4596 316.401 316.27936 साठ
279.2318 329.54547 329.5514 279.23773 218.29892 218.28677 242.94241 242.95456 एक
347.97974 393.331 393.34076 347.9895 208.40623 208.39223 239.95906 239.97307 धर्म
199.95836 240.08119 247.12993 207.0071 232.53764 200.3933 209.1916 241.33595 इस
202.05481 301.02368 300.97772 202.00887 9.230049 9.307922 67.72718 67.64931 आये
