5.6105194 136.95049 135.33723 3.9972706 112.66142 116.0182 179.13939 175.78261 बज
241.37593 281.1176 281.12775 241.38606 4.8529162 4.8314934 23.622658 23.644081 अब
529.9757 580.85803 581.35486 530.47253 403.13968 401.43747 416.2883 417.9905 याद
530.91394 596.33154 596.6272 531.2096 433.8228 432.52155 447.38538 448.68665 आता
117.57143 195.91124 195.96837 117.628555 6.8279486 6.6977196 41.05494 41.18517 साथ
527.3976 596.4563 602.5707 533.51196 172.77827 146.05098 161.84938 188.57668 शहर
17.239372 90.56576 89.74528 16.418892 181.00592 182.85284 215.42728 213.58035 उस
112.75354 165.67805 164.78113 111.85661 183.41162 184.74466 220.35437 219.02133 पर
48.789642 139.38698 139.17384 48.576504 426.45248 427.45425 446.73068 445.7289 बनना
6.838764 37.403015 36.720398 6.156146 70.717575 71.50572 97.97775 97.189606 भी
55.09607 74.4465 73.97487 54.624435 80.11056 80.60868 98.930565 98.43244 न
92.34372 171.69354 171.11722 91.76739 81.06939 83.11202 105.50083 103.4582 कहकर
39.176826 96.73058 96.76403 39.210274 8.96598 8.87887 30.975685 31.062796 बयान
541.2888 591.7982 598.50525 547.99585 188.18486 169.11943 186.8881 205.95354 पर
2.0149193 56.71442 56.517254 1.8177538 427.0342 427.61624 446.14676 445.56473 जेवर
