118.7565 184.19284 184.21451 118.77817 357.4604 357.42175 394.11975 394.1584 अगर
439.86624 452.27438 435.66013 423.25198 270.54837 277.77133 306.3126 299.08963 पर
262.70883 309.0189 310.30545 263.9954 130.02368 127.7486 153.93707 156.21216 तब
468.43033 582.1819 582.24414 468.49258 312.66498 312.5758 391.99152 392.0807 पहले
214.64005 263.1895 262.99512 214.44565 284.98013 285.686 299.0563 298.35043 रात
270.91425 320.16864 319.97852 270.72412 286.09018 286.8063 299.88486 299.16873 तक
319.6398 351.85324 352.79526 320.58182 76.14046 74.554474 93.68817 95.274155 जब
361.0139 399.26877 400.21158 361.9567 74.102745 72.21793 91.35371 93.23852 तक
321.14545 351.34827 352.33942 322.1366 106.75539 105.26927 125.41333 126.899445 वह
360.16156 458.8388 460.12738 361.45013 97.76765 92.91221 119.09986 123.9553 परिपक्वता
376.1037 444.58154 444.75067 376.27283 317.94437 317.70334 365.75363 365.99466 तरह
8.382576 91.74761 91.44375 8.078712 276.30118 277.37955 300.86954 299.79117 ठीक
19.933502 154.79066 156.77296 21.915802 78.589935 71.95157 112.221725 118.86009 सरकारी
183.20195 250.6465 252.67867 185.23412 69.53778 66.217804 107.50073 110.82071 और
22.524965 72.86911 74.94908 24.604937 132.15138 129.67574 171.97356 174.4492 गैर
