464.11896 516.32776 516.37854 464.16974 8.58296 8.479591 34.11557 34.218937 अब
494.37866 562.59033 562.53503 494.32333 76.22154 76.3152 116.56903 116.47537 वह
494.41095 572.93994 572.88116 494.35217 137.32144 137.43607 177.68954 177.57492 इस
318.99353 376.20105 376.2249 319.0174 11.877261 11.845646 54.997593 55.02921 कोई
35.598206 86.989426 87.04697 35.655746 414.1389 414.04068 444.15018 444.24838 राय
16.723343 76.01084 70.247185 10.959689 66.509995 98.037094 108.87579 77.348694 वह
5.469101 66.943436 55.421417 -6.05292 139.40373 177.21507 195.94777 158.13643 कह
503.06342 556.7563 556.9382 503.2453 426.775 426.23666 444.38174 444.92007 पर
310.00577 350.01523 350.0262 310.01675 51.023697 51.00743 77.99809 78.01436 चढ़ने
7.6852493 53.86155 43.749916 -2.4263825 175.0724 202.95015 219.69893 191.82118 वह
479.7251 568.594 568.5061 479.63724 180.22025 180.36578 234.02151 233.87598 रखते
