479.67932 589.2456 589.1406 479.5743 99.736496 99.87935 180.39943 180.25658 भर
306.01077 358.08487 358.10068 306.02658 30.973368 30.946903 62.011055 62.037518 उन
491.88193 554.3733 554.43896 491.9476 424.6303 424.3907 441.52496 441.7646 कर
472.24524 523.537 523.6108 472.31903 4.494999 4.383198 38.23176 38.34356 ओर
514.7459 591.23126 591.1823 514.69696 45.066414 45.148796 90.57795 90.49557 ठहरे
298.0047 334.10138 334.11682 298.02014 5.854814 5.82843 26.946928 26.973312 वह
493.04782 548.2357 548.4005 493.21262 408.91876 408.28003 422.5152 423.15393 वह
423.31754 465.13315 465.18698 423.37137 6.6343107 6.5462914 32.116047 32.204067 घर
299.2129 321.16315 326.96368 305.01343 129.97034 119.60666 131.89212 142.2558 तरफ
325.62274 336.4806 337.2094 326.35156 112.721985 112.341934 133.16428 133.54433 यह
