383.41583 420.4333 420.42792 383.41046 12.588692 12.598438 33.02688 33.01713 हम
430.88217 487.1992 486.54282 430.2258 109.21103 111.959885 125.40718 122.658325 उस
202.01413 244.44016 246.73984 204.31381 82.39299 79.324524 111.120895 114.18936 गया
6.9435196 75.0268 75.000206 6.9169216 12.558632 12.605801 50.998913 50.951744 एक
485.8772 529.902 529.8977 485.87296 7.520817 7.528408 32.01949 32.011898 पर
162.0813 189.05353 203.00085 176.02863 80.838234 71.9517 114.28431 123.170845 बार
196.02509 235.01804 235.00204 196.0091 7.644882 7.672924 29.899918 29.871876 यह
431.62262 479.7693 479.76404 431.61737 7.5052376 7.5190544 25.883541 25.869724 बना
346.70413 453.1448 451.95798 345.5173 89.841446 94.807846 120.24463 115.27823 आनंद
74.96133 97.30802 108.18104 85.83434 97.27074 89.5739 121.142166 128.839 नाम
130.99904 178.0236 178.0078 130.98323 13.659348 13.692818 35.9199 35.88643 यही
