20.938683 92.57073 92.81783 21.185783 97.838196 96.93245 116.47472 117.38046 हद
402.60645 431.39722 410.34546 381.5547 254.4412 266.4849 316.80978 304.76608 गई
251.35837 379.00388 378.9418 251.2963 162.34776 162.63292 190.4211 190.13594 अगर
425.12708 512.38214 512.3085 425.0534 162.24698 162.46112 192.48456 192.27042 वह
46.178787 102.86609 102.88405 46.196747 38.029896 37.98588 61.11658 61.160595 काट
354.4339 399.9381 399.9389 354.4347 30.997833 30.995964 50.99787 50.99974 जब
30.060696 59.06011 59.00355 30.004139 174.23383 174.30032 198.96472 198.89822 साथ
509.25208 595.32306 595.29285 509.22186 181.28986 181.5086 193.4017 193.18295 तापमान
10.322857 45.721302 45.724323 10.325878 47.079964 47.074013 65.05639 65.06234 भय
479.82172 513.2539 513.25256 479.82037 51.99156 51.994225 69.00951 69.00684 उस
2.3750057 27.44381 27.389736 2.320932 174.16898 174.22656 197.7667 197.7091 कहा
522.5905 594.56024 594.5518 522.5821 159.46448 159.4996 176.75012 176.715 रूप
431.07617 506.00793 506.00977 431.078 22.577621 22.57132 44.58696 44.59326 वरदान
522.0781 559.603 559.605 522.0801 22.556501 22.552834 42.57956 42.58323 बन
