478.8959 510.99094 510.99374 478.8987 68.89766 68.89238 85.985535 85.990814 पर
344.61224 424.84668 424.8509 344.61646 22.139896 22.129833 55.584393 55.594456 शहर
456.54855 496.6329 496.83517 456.75082 7.6630974 7.4818077 52.20812 52.38941 के
411.73877 451.8252 453.98083 413.8944 69.80301 65.38655 84.95271 89.36917 एक
5.651558 74.951126 74.961266 5.6616974 48.07906 48.043915 68.04474 68.07988 अलग
91.86902 128.16412 128.17851 91.88341 41.045055 41.026398 69.01619 69.03485 रंग
288.06924 317.73233 316.91782 287.25473 70.34154 71.535736 91.76773 90.57353 रह
545.01807 593.9773 593.9763 545.0171 64.896515 64.898315 93.00511 93.00331 कहो
19.799284 67.20483 67.2112 19.805655 9.999515 9.986954 34.045628 34.05819 बात
168.6215 227.71611 244.32036 185.22575 72.75745 38.50038 67.143295 101.40036 रखा
508.13644 588.47754 588.4855 508.14438 6.103304 6.0864334 43.935463 43.952335 कल
