428.85202 489.93985 489.93393 428.8461 7.664789 7.681757 29.054003 29.037035 जगह
429.69302 487.8608 487.82162 429.65384 43.000015 43.07402 73.86039 73.786385 धड़ंग
434.0978 489.0389 488.97488 434.03378 80.91956 81.04809 108.424355 108.29583 आने
24.944542 65.23586 66.59295 26.301628 133.71422 131.18135 152.76909 155.30196 तरह
60.027466 214.76862 214.47034 59.72918 20.892693 21.479797 100.10004 99.51293 जाए
523.75055 582.45905 584.4587 525.7502 122.54424 121.37256 221.56516 222.73685 रेहन
491.13452 540.5554 540.54675 491.12582 17.940548 17.968521 33.37952 33.351547 गरज
556.24286 590.8337 590.8254 556.23456 17.977394 17.996971 32.572277 32.5527 कर
68.307655 99.064476 100.35369 69.59687 133.14656 131.21373 151.72878 153.6616 घर
313.81393 392.42618 392.21146 313.5992 43.879143 44.177406 100.77442 100.47616 पर
537.80695 597.5938 598.94574 539.1589 241.34187 240.33548 320.65137 321.65775 अतः
488.5608 554.04126 554.0161 488.53564 52.652092 52.75303 69.03197 68.93103 उत्पन्न
2.6095695 26.011292 27.16299 3.7612686 139.47244 138.0018 156.32831 157.79895 और
529.4983 595.93396 610.5681 544.13245 97.60149 75.83949 120.515076 142.27707 देखकर
