42.590897 136.45198 136.22346 42.362385 65.49664 65.90839 117.99979 117.58804 अंदर
438.55853 561.1944 561.18225 438.5464 6.4724846 6.502434 56.191654 56.161705 लगी
16.285427 81.75374 83.11124 17.642933 134.25183 130.13626 151.73071 155.84628 घपला
516.21765 559.5332 562.32715 519.0116 110.16275 109.216736 237.14536 238.09137 हुई
519.35144 589.12854 591.40344 521.62634 229.03479 227.52081 332.36804 333.88202 किन
192.26978 379.8979 379.85626 192.22815 7.498291 7.646019 60.478287 60.33056 सुगन्धराय
174.11812 232.32695 232.14134 173.93251 83.96268 84.22983 124.670044 124.40289 पर
420.80258 499.21628 499.15836 420.74466 62.790413 62.933876 94.591805 94.44834 उनके
242.90833 389.71783 389.27185 242.46236 63.17511 63.955383 147.8623 147.08203 जीट
88.192764 106.80682 107.55484 88.94078 134.0723 132.90024 144.78 145.95206 एक
