4.430868 48.355713 48.601295 4.676447 8.248927 8.041401 60.020527 60.228054 और
417.88168 583.7991 583.90845 417.991 64.22868 64.068436 177.23018 177.39043 लिए
416.7682 591.35596 591.4304 416.84265 225.264 225.07562 294.10257 294.29095 साथ
3.9585686 45.23247 46.07726 4.803356 329.04486 327.53192 350.5782 352.09113 सकते
104.5242 126.03279 126.06598 104.55739 241.8238 241.75975 252.90407 252.96812 कर
273.79868 391.30655 391.3669 273.85904 165.46602 165.34416 223.57082 223.69267 इसके
426.3519 539.4934 539.53406 426.39255 180.40025 180.28175 219.09651 219.21501 अन्दर
41.58701 57.27969 62.154606 46.461926 327.66553 324.1396 345.83618 349.36212 लगे
207.19644 350.5549 350.61337 207.25491 93.0975 92.95615 152.23471 152.37607 आया
97.03372 127.78203 127.76007 97.011765 47.894127 47.932426 65.56498 65.52668 पर
