465.18356 591.5847 591.6217 465.22055 36.96283 36.88675 98.25336 98.32944 अपने
13.1464405 73.31214 73.363174 13.197474 5.12945 5.026619 34.884995 34.987823 कर
5.652647 31.601866 31.606619 5.6574 260.7966 260.78976 278.89273 278.89957 कभी
37.45663 58.43291 58.4406 37.46432 265.32147 265.31256 283.3609 283.3698 एक
155.95995 186.75334 192.17921 161.38582 66.44945 56.61592 73.60684 83.44037 वह
324.7754 442.2157 442.28522 324.8449 5.312399 5.1326904 50.563866 50.743572 काम
481.34872 551.4 551.4491 481.3978 5.0411096 4.9656105 50.44627 50.52177 पर
84.5858 174.6538 174.71541 84.647415 5.015236 4.8518295 38.820114 38.98352 संचालक
281.91092 323.12686 323.13956 281.9236 103.963066 103.94039 127.03802 127.06069 पर
344.22992 388.20062 388.22687 344.25616 56.305332 56.260414 81.98056 82.025475 रथ
414.8795 456.49258 456.5123 414.8992 56.222492 56.19065 81.928314 81.96015 पर
94.02075 157.25696 157.21884 93.982635 265.11017 265.24182 283.5476 283.41595 बार
