365.0729 598.204 632.5696 399.4385 70.34927 10.603699 144.70041 204.44598 भर
215.56833 275.7372 263.39688 203.228 97.38901 141.23265 158.16791 114.324265 चार
198.20319 267.7088 250.28827 180.78265 122.16255 171.54283 196.06325 146.68297 फर्क
477.38684 518.13293 515.501 474.75485 309.5764 315.4075 333.79916 327.96805 वह
536.1256 586.9894 584.4385 533.5747 317.98242 325.26147 343.08624 335.8072 थक
476.95654 521.1235 518.4507 474.28375 342.83908 349.5422 367.15305 360.44992 कर
476.52344 519.2202 514.8185 472.1217 376.33636 383.18878 410.61542 403.763 चूर
406.0833 429.9549 433.71362 409.84204 39.35752 32.38774 45.261383 52.231163 वह
404.73053 437.21863 441.89587 409.40778 55.84954 46.51738 62.80024 72.1324 कभी
261.38416 313.56793 297.9287 245.74492 8.947838 49.296776 69.52322 29.17428 अभी
324.2689 356.72086 344.22543 311.77347 68.52918 93.56393 109.76148 84.72674 इन
26.48391 109.95699 97.404945 13.931862 193.33258 214.33044 264.22873 243.23087 करने
320.3696 397.13467 408.808 332.04294 181.56377 161.99614 207.79155 227.35918 सूद
106.32308 120.73879 94.365746 79.950035 230.60245 242.98349 273.69058 261.30954 हुए
