449.7982 488.44022 473.1144 434.47238 404.37802 436.27658 454.84232 422.94376 उम्र
392.941 443.1337 439.0375 388.84482 247.15604 253.66788 285.2408 278.72897 रही
392.20786 414.5892 413.73172 391.35037 280.49115 280.98346 319.96484 319.47253 है
430.19284 478.92624 475.6017 426.86832 298.81152 305.73425 329.13763 322.2149 हम
492.4422 579.715 576.9361 489.66327 307.65414 320.05167 339.61398 327.21646 डरकर
172.54736 250.82712 246.23471 167.95496 243.0459 265.26404 281.4442 259.22607 यह
272.15472 372.01678 346.96173 247.09967 2.8100052 79.82981 112.31562 35.295815 होकर
176.6122 233.0783 229.79836 173.33226 226.0238 242.65665 253.79156 237.15872 भरी
226.25 285.1426 264.48383 205.59122 110.68553 153.08012 181.77834 139.38374 पड़
467.5855 603.2612 594.12164 458.44595 229.04999 245.66998 320.28015 303.66016 सिर
34.281784 100.256615 73.537605 7.5627775 6.93174 64.73241 95.23002 37.429356 पर
165.02043 214.99144 210.58229 160.61128 49.7875 61.090614 80.58341 69.2803 साथ
