439.75528 482.15384 478.8707 436.47214 259.1139 264.68 289.68848 284.12238 बढ़
439.0353 499.15378 496.42398 436.3055 301.4656 310.02768 329.19504 320.63297 गया
439.44916 489.40485 486.44897 436.4933 344.37518 352.05157 371.2874 363.61102 अब
510.95667 556.55615 553.275 507.67557 355.36337 362.3704 383.72256 376.71555 वह
412.3012 570.9535 589.85004 431.19775 52.08287 8.587433 77.51378 121.00922 युवक
411.84436 581.1259 596.35657 427.075 148.3484 102.82875 159.46947 204.98912 उसकी
67.56522 111.1203 93.85525 50.300175 18.762253 57.262592 76.79438 38.29404 सिर
307.1397 401.64984 418.56915 324.05902 169.31955 145.3837 212.18903 236.12488 दबे
171.7384 252.37576 248.28372 167.64636 240.79907 263.78217 278.13928 255.1562 सब
490.92188 583.58606 594.9811 502.3169 77.189026 52.1716 94.37868 119.3961 आते
39.208466 96.94983 75.88739 18.146027 35.324883 85.290855 109.6309 59.664925 अर्थ
239.61902 280.52466 270.63556 229.72993 159.46315 188.65138 202.51036 173.32213 कह
