160.0696 227.42964 227.33687 159.97682 8.914661 9.077663 47.41906 47.256058 कहा
428.40613 510.2973 510.02893 428.13776 251.53128 251.94943 304.50693 304.08878 वह
430.20438 468.6979 469.40213 430.9086 345.92557 345.36685 393.88632 394.44504 न
506.08557 597.3374 597.13354 505.88174 323.36002 323.62332 394.2549 393.9916 और
2.6598854 87.41884 89.20035 4.4414024 17.140394 10.259045 32.20231 39.083656 जगह
1.4071198 65.5361 68.07439 3.945404 44.496735 38.770844 67.19918 72.92507 बेल
96.207535 149.40822 149.3972 96.19652 376.8839 376.91443 396.1125 396.08197 टिकट
295.09113 363.96472 352.64844 283.77484 17.019485 38.857758 74.54702 52.708748 पर
419.78903 458.0303 457.89334 419.65207 308.17548 308.33594 340.9864 340.82593 और
469.97754 503.38617 503.2849 469.87628 316.90515 317.0453 341.17682 341.03668 अब
4.027088 63.362316 64.654175 5.3189507 101.857506 95.543236 107.682884 113.997154 पालन
1.9854202 59.43476 61.454605 4.005266 123.48932 117.01004 134.91925 141.39853 पोषण
