514.2945 596.27985 591.77435 509.789 62.132195 75.79925 102.82679 89.15974 उसका
43.505688 65.010864 80.090775 58.585598 46.615856 38.189896 76.67761 85.10358 पर
418.9693 453.80786 448.1142 413.27563 198.18466 203.75137 239.38452 233.81781 और
4.740841 31.36813 52.212555 25.585266 81.442924 70.44446 120.90884 131.9073 और
9.323144 26.966892 39.797813 22.154064 41.86791 34.864906 67.19185 74.194855 भर
341.85968 374.00537 374.01984 341.87415 250.01456 249.97876 262.9617 262.9975 गए
55.263977 80.85985 98.261566 72.665695 86.26027 76.066055 119.75871 129.95293 मेल
467.98785 522.9386 520.96075 466.01004 34.01367 43.1726 55.03878 45.879852 आवश्यक
531.81714 542.5991 539.5404 528.7584 39.083893 40.879875 59.242416 57.446434 है
341.82303 359.63895 354.9769 337.16098 150.64062 153.67685 181.0326 177.99637 एक
105.31421 124.26663 136.32642 117.37399 59.559437 52.2754 83.653885 90.93792 कर
351.40125 420.41742 421.62573 352.60956 26.189222 22.405636 44.445976 48.229565 इज्जत
