3.8222237 57.693977 54.888435 1.0166824 42.32776 48.148987 74.11247 68.291245 हम
7.064846 50.78876 50.78751 7.0635943 94.31553 94.317894 117.47369 117.47132 उचट
48.807472 95.883026 95.88134 48.80579 86.24402 86.24655 117.476105 117.47357 गयी
341.81668 373.00143 373.00443 341.81967 260.96832 260.96313 278.9925 278.99768 कर
346.30225 379.3404 380.60394 347.5658 24.054377 22.242878 45.287178 47.098675 और
345.48456 382.53503 383.7412 346.69073 50.831936 48.80651 70.87018 72.89561 ऐसा
482.851 591.77344 584.21857 475.2961 38.04029 56.165237 101.56664 83.441696 सच
48.34429 86.05515 83.755745 46.044884 50.288727 54.27594 76.0236 72.036385 सब
397.21146 432.25333 433.79105 398.74918 20.657637 18.737251 46.796852 48.71724 इसे
410.4632 444.13367 439.15472 405.48425 205.10843 211.13138 238.9656 232.94266 हम
447.1408 479.4563 476.57758 444.2621 39.859314 45.243347 62.521866 57.137833 उठ
345.25388 354.6465 351.00827 341.61563 148.60275 150.20938 171.47922 169.87259 हुए
