481.78833 551.8507 545.91003 475.8477 37.863472 49.542747 85.18009 73.50082 जब
415.34113 440.35913 441.12897 416.11096 21.670183 20.297207 34.325386 35.69836 कुछ
418.72714 453.1434 448.34366 413.9274 200.80547 206.9803 233.73213 227.5573 गए
413.28723 442.49567 438.26337 409.05493 237.18384 242.34607 266.29282 261.13058 पर
548.9755 597.5267 592.30695 543.7558 60.14708 68.23045 99.581726 91.49835 कुछ
341.61542 387.6452 388.85345 342.82367 30.738117 28.215862 50.265285 52.78754 एक
19.872856 69.03539 69.01537 19.852835 80.313545 80.34739 109.44393 109.41009 बात
18.687317 42.695786 58.462387 34.45392 39.71918 30.248444 70.21706 79.68779 कभी
62.11402 83.93844 98.87142 77.047005 90.93423 82.24632 119.758644 128.44655 हम
341.78314 357.12988 352.92548 337.57874 156.83734 159.45541 184.10126 181.48318 भर
