9.417533 39.258854 40.604927 10.763606 38.002823 36.950607 75.125824 76.17804 से
56.95062 139.36555 139.39345 56.97851 49.02296 48.941147 77.03404 77.11585 हरदम
280.40234 327.96167 331.00153 283.4422 28.07027 24.143684 60.96274 64.88933 भर
438.25018 481.1137 480.32703 437.4635 78.162476 79.49971 104.71661 103.37938 वह
498.42285 549.9813 549.0238 497.4653 70.14835 71.75565 102.471275 100.863976 उठी
9.280761 27.32719 37.538006 19.491577 371.0404 365.2392 397.00317 402.80438 वह
230.10904 270.2838 272.58997 232.41519 33.501965 30.18518 58.118633 61.435417 वह
506.72485 548.827 542.3871 500.2849 345.84622 362.47342 378.78012 362.15292 जब
148.912 183.11583 183.13133 148.9275 65.00213 64.966835 79.994194 80.02949 लोग
149.71252 175.87628 175.89197 149.72821 88.84149 88.80736 100.821045 100.85518 उस
150.27727 201.34804 201.37508 150.3043 105.65869 105.57747 122.58684 122.66806 खँडहर
