8.483965 32.86403 32.885117 8.505053 373.05383 373.02362 390.0456 390.0758 तरफ
446.85535 552.5547 551.1516 445.4523 58.87632 62.17399 107.145546 103.84788 प्रदान
41.904335 182.27188 182.41129 42.043724 7.0413013 6.846367 107.21532 107.41025 गया
497.15265 555.2064 546.4737 488.41992 336.45895 359.39755 381.4987 358.5601 आप
252.0442 316.3587 318.76782 254.45332 30.411572 25.105999 54.30923 59.614803 अबकी
557.35583 595.9398 595.3589 556.7749 76.589584 77.790924 96.45076 95.24942 आप
123.405235 211.55624 211.61871 123.467705 124.111725 123.93408 154.93835 155.116 खबर
240.63614 271.2543 272.26498 241.64682 123.92311 122.95195 154.81618 155.78734 न
584.96594 598.4259 581.67004 568.2101 372.657 384.13632 403.78323 392.30392 देर
43.801765 85.103004 85.13267 43.83143 117.427895 117.35593 134.38309 134.45505 बात
