498.2226 544.4722 543.54865 497.299 71.45404 72.89592 102.52005 101.07817 वह
35.003136 192.45242 192.61423 35.16494 9.052353 8.815109 116.201805 116.43905 खुद
502.91882 572.24194 561.5685 492.24536 337.48413 364.9308 391.88928 364.44263 जब
355.4718 535.7859 535.5386 355.2245 137.3165 139.75803 158.022 155.58047 एकदम
5.244812 25.034904 35.446445 15.656354 372.0519 365.67673 397.99655 404.37173 एक
439.69833 495.29727 494.4075 438.80856 80.628586 82.36478 110.85747 109.12128 रूप
133.35133 157.7202 157.75206 133.3832 118.29245 118.24936 136.25615 136.29924 अरे
132.18576 161.33713 161.36215 132.21078 148.30072 148.24457 161.2356 161.29175 वाह
299.75244 360.18054 359.9325 299.5044 138.61278 139.40791 158.25844 157.4633 रहे
493.49854 525.6853 525.1401 492.9533 51.517517 52.515625 70.0977 69.099594 मर
187.16676 264.02686 264.13855 187.27843 101.20651 101.050415 156.0299 156.186 रही
290.40567 348.05002 347.8549 290.21054 129.64145 130.52472 143.26126 142.37799 पर
