291.45886 363.47528 365.69214 293.67572 277.9868 273.5922 309.92105 314.31564 हम
403.58508 462.33746 463.76587 405.0135 253.20535 249.70102 273.64944 277.15378 इस
337.04193 420.34937 433.31305 350.0056 57.698864 30.05838 69.13046 96.77095 पर
5.835701 55.214325 52.653687 3.2750616 66.61923 73.10426 92.60162 86.11659 असर
5.121071 38.478745 35.809834 2.45216 98.96945 103.47838 123.22339 118.71446 कर
149.45161 213.14253 204.54082 140.8499 31.66043 50.01721 79.86182 61.50504 एहसास
3.8872929 31.897604 31.944757 3.9344463 125.28304 125.242355 157.71191 157.75261 यदि
308.84686 359.81042 360.9483 309.98474 255.20178 252.18723 271.42358 274.43814 तथा
4.465309 43.130356 40.404152 1.739104 43.212654 48.184418 69.38594 64.41418 बता
106.68587 147.59921 137.12642 96.21307 5.3072586 17.086212 53.462715 41.68376 हर
