68.28516 279.12134 270.7627 59.92653 35.923615 55.809998 144.4286 124.54222 और
356.36023 407.5932 407.57056 356.3376 12.501526 12.577095 27.934502 27.858932 आकर
349.1496 380.6579 380.58496 349.07666 29.682869 29.780449 53.327522 53.229942 गये
195.71606 232.1618 231.9996 195.55386 240.76291 241.10297 258.4874 258.14734 बढ़
66.803024 101.151505 99.92436 65.57588 126.91443 130.03116 143.55515 140.43842 सूरत
109.59567 148.1815 147.40427 108.818436 130.93349 134.4799 142.93633 139.38991 बदल
156.88072 180.9467 180.17815 156.11217 135.37447 137.58638 145.94856 143.73665 कर
189.52089 219.54164 218.6552 188.63445 138.44005 141.1892 150.86913 148.11998 इधर
66.83025 87.507164 86.75474 66.07783 142.99039 144.81335 153.34769 151.52472 पर
98.88391 149.71188 148.65376 97.82578 142.32178 146.80295 158.8049 154.32373 अटकते
160.46912 188.94269 187.89987 159.4263 147.92639 150.4367 162.2649 159.75458 और
369.95844 416.85626 416.75104 369.8532 42.3982 42.588455 68.52188 68.33163 धनी
444.805 489.88995 489.64667 444.5617 221.5192 222.32059 236.00803 235.20663 उसकी
