179.10213 221.52083 221.58266 179.16396 12.733834 12.626518 37.06859 37.175903 दिन
181.76057 225.04451 225.13881 181.85487 38.732384 38.558205 61.98906 62.16324 और
467.08392 536.35034 536.4538 467.18738 13.328905 13.117676 47.0514 47.262627 अंदर
21.19793 79.623245 79.42771 21.0024 83.563255 83.91653 116.253914 115.90064 मान
132.3869 268.80692 262.93915 126.51913 175.85532 187.22018 257.65515 246.29028 इसके
517.25494 559.0047 565.00104 523.2513 83.831116 76.06662 108.30902 116.07352 लिए
224.78278 281.83652 282.03458 224.98083 23.803873 23.551659 68.35426 68.606476 गये
534.6651 579.23566 579.24945 534.6789 5.807043 5.7825737 30.857141 30.88161 यह
10.299309 48.99517 48.9896 10.293738 27.796745 27.801033 78.18228 78.17799 रहे
326.65686 410.84955 401.46118 317.2685 19.599648 41.842125 77.3791 55.13662 साफ
182.47285 244.73787 243.4246 181.15959 148.0607 152.87494 169.86008 165.04584 साहब
480.7116 518.78876 524.78625 486.7091 100.8969 93.79753 125.964874 133.06424 और
85.7971 111.10157 111.14521 85.84074 22.078606 22.01252 38.721436 38.78752 और
129.82924 181.07028 178.96465 127.72361 264.23 268.65048 293.05844 288.63797 इस
