376.6917 432.96326 428.91656 372.64502 166.5894 173.94933 204.88887 197.52895 कर
187.85165 234.7533 232.1253 185.22366 101.08008 107.44101 126.81818 120.457245 एक
476.4807 563.6421 563.7084 476.547 4.5058017 4.341484 39.470963 39.63528 साथ
405.98593 457.39035 457.38174 405.97733 5.251108 5.275675 23.292038 23.267471 पकड़
19.602142 60.93924 60.711624 19.374529 50.06691 50.38823 79.67056 79.34924 एक
19.631401 64.74936 64.54099 19.423035 79.351265 79.63007 113.34777 113.06896 जोर
133.2829 273.25595 273.61926 133.64621 4.344817 3.652626 77.1201 77.812294 उत्तर
237.09723 268.18414 265.56647 234.47957 106.773865 110.99306 130.28003 126.06084 ओर
363.07648 393.63885 393.65784 363.09546 2.941144 2.8974113 16.169327 16.213058 पहले
78.10734 133.11194 133.19284 78.188225 28.976055 28.787449 52.375202 52.56381 उधर
371.2803 457.21878 450.48007 364.5416 108.98897 120.119736 172.14812 161.01735 साफ
17.525455 42.97884 42.837215 17.383831 32.01982 32.256233 47.504395 47.267982 एक
