441.8702 500.1445 502.4304 444.1561 31.610165 15.85738 24.313465 40.06625 गया
438.70618 524.1818 526.99854 441.5229 50.232643 27.64769 38.30784 60.89279 इसका
41.39798 82.812225 82.787766 41.373524 258.15457 258.22403 272.80917 272.73972 मगर
31.603806 147.96347 151.17387 34.81421 127.6323 122.93962 202.54492 207.2376 हम
210.40002 298.3261 278.739 190.81293 259.6597 289.13168 347.56735 318.09537 मंद
534.1903 563.3948 562.99036 533.7859 79.71334 80.39449 97.73272 97.05157 उस
534.2083 564.01044 563.8919 534.0898 112.133896 112.33658 129.77118 129.5685 पल
348.20612 432.19562 437.0136 353.0241 71.565475 49.29651 67.467926 89.73689 क्षण
166.77135 226.64915 221.76228 161.88448 187.5965 201.73993 222.42902 208.28558 यह
87.0577 143.6354 145.1565 88.57879 208.1695 205.47333 237.39255 240.08871 तक
302.21387 382.69604 386.7754 306.2932 65.546265 43.679688 58.694016 80.56059 लेकर
