191.9563 314.55432 297.23187 174.63387 264.02545 305.35785 356.73877 315.40637 मदद
55.387474 121.7636 123.59846 57.22233 167.85524 164.93712 206.67314 209.59126 हुआ
158.77612 220.79053 214.32019 152.30579 162.59534 177.4538 204.45886 189.6004 यह
528.9859 565.53094 565.3244 528.77936 100.42395 100.69411 128.63551 128.36536 वह
50.586548 115.29706 116.76047 52.049957 100.478836 98.01976 136.52943 138.98851 घर
505.0543 558.88086 562.7522 508.92563 156.55696 148.56523 174.63957 182.6313 यह
536.49603 566.4721 566.0413 536.06525 78.63394 79.333115 97.80388 97.104706 चल
35.52066 101.186966 102.79193 37.125626 201.51149 198.43492 232.69121 235.76778 टिकट
108.62961 139.29457 140.38266 109.7177 209.4101 207.9426 230.67966 232.14716 आ
152.07974 218.73123 212.98495 146.33347 203.78297 219.19609 244.0449 228.63179 कर
