479.26514 562.7522 551.0071 467.52002 275.0031 293.40118 346.69806 328.3 जब
532.3294 560.01337 559.5643 531.8803 79.6535 80.25029 101.08313 100.48634 खोल
41.967392 89.5013 89.47377 41.939865 253.01071 253.06516 277.08585 277.0314 नशे
46.291862 158.49222 161.74368 49.543312 121.51875 117.04845 198.65703 203.12733 और
159.62825 216.07997 211.8032 155.35149 217.56567 230.55673 249.14111 236.15005 कुछ
505.9371 550.1383 553.3651 509.1639 159.82788 153.2457 174.91464 181.49683 यह
543.98724 561.4067 561.2387 543.8193 105.36073 105.57187 119.43004 119.2189 हम
161.81145 207.73082 201.97853 156.05916 160.47784 171.5383 195.41998 184.35953 उसे
162.99716 223.76941 218.17825 157.406 189.75415 204.02933 227.83197 213.5568 कभी
52.29645 103.29137 104.666595 53.67168 214.3878 211.93712 240.55351 243.0042 बात
