30.919998 159.91571 162.79744 33.801727 126.55323 121.363525 192.99197 198.18167 सभी
520.92523 558.1294 519.9173 482.7131 261.58133 283.24948 348.8597 327.19156 देश
372.0501 494.25598 501.479 379.27313 57.433395 24.696678 51.660248 84.396965 बार
191.78677 332.01147 312.26102 172.03633 256.05338 303.1235 361.96127 314.89114 कहा
50.891006 86.245255 72.86806 37.51381 186.72809 195.74039 248.21771 239.20541 और
290.06573 371.7827 374.19995 292.48297 69.01576 46.818665 55.717506 77.914604 कहकर
389.3476 455.62775 458.22906 391.9489 42.047478 24.043549 33.62011 51.62404 प्रकट
35.294773 77.78645 78.5468 36.05511 105.66515 104.03318 123.83007 125.46204 तथा
80.7285 131.06844 131.82573 81.485794 103.92019 101.98679 121.704445 123.63784 कमर
347.29987 380.04895 382.08167 349.33258 76.53302 67.90477 75.62018 84.24843 खर्च
