496.3589 532.04895 532.1549 496.46484 22.44282 22.261677 43.131004 43.312145 समय
505.96484 540.98584 541.1885 506.16748 63.85473 63.505836 83.84411 84.193 समय
543.0848 558.15265 563.3653 548.2974 63.57505 60.340942 84.62675 87.860855 पर
513.2346 532.74426 541.4591 521.94946 95.19501 90.80182 129.50362 133.8968 कई
521.6539 539.5717 548.4532 530.53534 133.72978 129.68346 169.01213 173.05846 दफे
549.8551 564.9944 570.4562 555.3169 143.00836 139.70718 164.75531 168.05649 वह
532.7924 551.74493 557.8763 538.92377 181.71272 177.4417 204.64912 208.92015 इस
559.3344 581.7657 587.7055 565.27423 179.24437 174.42323 202.05937 206.88051 शहर
162.14511 281.6355 288.26834 168.77795 146.4476 129.37936 175.81421 192.88245 कम
301.14465 356.02576 358.86438 303.98328 132.51024 127.15639 156.25447 161.60832 भूल
302.3158 352.1942 354.06598 304.18756 166.93059 162.43483 183.20134 187.6971 अब
391.3341 431.93494 432.64795 392.04712 144.10338 141.44267 152.32323 154.98393 सकता
324.7246 509.79498 511.333 326.26263 11.060484 8.465042 118.13612 120.73157 स्वागत
389.0815 436.11887 437.92947 390.89212 160.15787 156.98154 183.79462 186.97095 पर
2.2922802 54.391327 54.52543 2.426382 7.863031 7.6386337 38.773617 38.998013 विषय
56.666252 74.812584 85.687355 67.54102 17.824718 11.169701 40.822094 47.47711 पर
17.05418 80.98198 81.23596 17.30817 44.209824 43.676743 74.13617 74.66925 आपकी
34.034164 73.93973 74.23474 34.329178 89.32372 88.81901 112.14477 112.64948 मदद
71.64866 117.14999 117.54801 72.046684 79.35402 78.78395 110.55319 111.12326 करने
