481.48172 502.9899 513.88025 492.3721 6.4179707 1.5081787 49.215477 54.125267 के
518.30273 571.1564 571.32495 518.4713 20.08062 19.774513 48.882782 49.18889 पतन
497.57465 536.0922 536.4683 497.95074 74.74003 74.261116 104.50916 104.988075 रहा
507.49228 539.993 550.4485 517.9478 114.62192 107.34137 154.01581 161.29636 और
383.62616 436.1137 438.09918 385.61163 153.5569 150.05836 179.84596 183.3445 जब
499.5782 553.06793 553.0389 499.54913 252.82983 252.88336 281.89636 281.84283 सेर
174.61877 285.41428 291.81683 181.02133 139.36775 123.639694 168.74217 184.47023 सब
10.331472 69.38035 69.51023 10.461355 9.200881 8.945084 38.927864 39.183662 समय
30.785227 88.37687 88.6732 31.08156 62.01997 61.432312 90.473404 91.061066 समय
90.83586 112.96437 126.060196 103.93169 61.604286 53.651756 90.09191 98.04444 पर
299.89114 354.0709 356.22568 302.04593 144.65027 139.44626 161.8801 167.0841 उस
384.5897 426.71426 427.8539 385.72934 132.6368 129.93916 147.73552 150.43315 बात
308.98315 351.21722 352.34912 310.11505 172.06165 168.22311 180.67719 184.51572 जन्म
