508.36612 550.05444 550.202 508.5137 241.40103 241.01364 256.89374 257.28113 वह
109.421814 143.22568 143.35664 109.55278 177.65788 177.47377 201.51945 201.70357 करना
379.54355 431.94113 433.75394 381.35635 160.80197 157.26367 184.10883 187.64713 पर
182.45627 253.42462 256.92212 185.95377 142.22388 132.10236 156.62558 166.7471 दवा
517.0444 545.9069 555.2564 526.39386 9.140757 2.94656 46.511345 52.70554 पर
542.23627 579.93256 590.836 553.1397 121.44509 113.48428 165.11453 173.07535 हाथ
301.84387 350.5025 352.1349 303.47626 142.25064 137.46494 154.06195 158.84766 पास
304.25778 350.91306 352.55014 305.89487 171.09338 166.9122 185.17969 189.36087 आए
499.56323 553.1001 553.0354 499.49854 265.6876 265.85196 286.92923 286.76486 यह
238.49571 301.4536 334.94763 271.98975 10.292395 -8.092293 106.60722 124.99191 और
333.38586 406.3399 435.27515 362.3211 12.342824 -6.523674 105.3646 124.2311 जिस
216.26459 275.98428 279.19162 219.47192 167.59196 158.77107 180.48546 189.30635 कर
8.924042 28.049805 42.580376 23.454613 16.579065 9.281536 47.36406 54.661587 रह
40.010376 63.919327 78.12352 54.21457 16.523628 7.6813507 46.08858 54.93086 कर
32.29386 54.820984 70.85369 48.32657 75.190216 66.63097 108.827484 117.386734 इस
66.976364 133.97551 134.3105 67.311356 74.89848 74.11667 102.8239 103.60571 अन्याय
