52.4738 98.13631 100.54979 54.887283 206.45663 203.26596 237.80591 240.99658 महतो
60.208336 90.69077 95.54748 65.06504 251.44872 247.49295 284.91772 288.8735 भाई
399.75452 442.70038 450.3227 407.37683 179.2433 165.40596 189.06267 202.90001 भाव
201.90442 244.48593 261.51642 218.9349 229.75084 218.13068 280.53796 292.15814 थी
275.7845 354.72455 359.38007 280.44 235.95325 227.30856 269.82092 278.4656 मगर
513.3761 538.99036 538.87854 513.2643 187.17873 187.3329 205.90977 205.7556 और
512.3031 550.2284 550.09094 512.16565 208.80142 209.09763 226.69089 226.39468 उसके
507.14883 552.83594 560.2634 514.5763 106.00856 91.52423 114.95233 129.43666 एक
505.2797 574.98486 584.9794 515.2742 145.45285 123.91409 156.25882 177.79758 ईसाई
99.67003 163.2967 166.0129 102.386215 207.45032 203.00174 241.85086 246.29944 शिवदत्त
105.32902 134.59976 139.40292 110.13218 246.75455 243.35074 284.65482 288.05862 कैद
451.5948 503.32275 503.14575 451.4178 197.04958 197.40504 223.16127 222.8058 आये
11.934134 51.615105 53.833946 14.152975 239.78207 237.00919 268.76144 271.53433 उस
177.07245 213.60355 216.43451 179.90341 262.0734 258.07626 283.94937 287.9465 नष्ट
