499.20703 530.27576 530.91016 499.84143 4.945327 3.9705696 24.190174 25.164932 वह
499.3833 524.80676 525.42175 499.9983 42.108173 41.33019 61.428066 62.20605 हर
340.00763 382.58734 380.67035 338.09064 273.2613 276.2025 303.95483 301.0136 और
388.81296 485.137 484.9819 388.65787 4.897896 5.114891 73.970535 73.75354 वह
500.3945 530.36865 530.97217 500.99802 64.589806 63.686607 83.71464 84.617836 इस
60.985466 110.52911 109.99958 60.45593 147.33795 148.57669 169.75528 168.51654 यह
50.553215 115.03359 114.79777 50.31739 85.49455 85.84337 129.4357 129.08688 और
381.03506 434.05783 432.50644 379.48367 279.32303 282.9893 305.42648 301.76022 जब
53.662224 110.06252 110.66398 54.26368 261.02542 259.869 289.20193 290.35837 भर
324.52695 386.26907 386.20096 324.45883 20.007828 20.123047 56.639183 56.523964 करो
56.62265 117.67168 117.25252 56.203487 171.45708 172.71913 192.99522 191.73317 गए
297.43857 348.04007 348.0203 297.4188 68.64919 68.68119 100.00161 99.96961 वह
