382.50616 447.74823 452.12616 386.8841 61.119427 50.487633 77.35277 87.984566 जब
12.147678 103.691635 103.80112 12.25716 151.01859 150.78174 193.09634 193.33319 शहर
309.52582 407.31952 403.20667 305.41296 242.58636 280.81232 291.3343 253.10835 साथ
272.40878 386.07755 380.76608 267.09732 245.3934 288.248 302.33627 259.4817 रखने
63.461647 117.13345 114.85696 61.185146 31.481876 35.88741 63.621548 59.216015 सफल
128.49872 181.58316 178.3894 125.30496 23.069092 27.416054 66.41781 62.070847 बनाने
454.02887 516.08923 516.0088 453.9484 4.435158 4.6252365 30.888222 30.698143 धन्यवाद
381.40073 416.37387 411.19333 376.22018 155.6636 162.01788 190.53094 184.17667 गए
218.0357 361.84283 354.7447 210.93756 249.5661 300.97876 320.83307 269.4204 यह
11.786743 57.878517 50.246662 4.1548862 0.29103088 7.300068 57.487553 50.478516 कवि
385.40488 416.32742 412.23477 381.31223 130.31287 135.7904 158.89471 153.41718 यह
393.03455 462.47913 460.47668 391.0321 246.27338 275.1595 279.97345 251.08734 समय
374.10114 445.23462 443.24237 372.1089 249.48715 278.52267 283.4034 254.36789 समय
354.43353 411.5244 408.42175 351.33087 250.21088 273.04028 280.79938 257.96997 कई
114.235275 146.56029 144.59755 112.27254 6.6330795 9.202259 33.897034 31.327854 जल
