467.5408 499.36716 496.6508 464.82443 390.97015 400.95862 409.61377 399.6253 चाय
75.17574 100.10528 100.114815 75.18528 66.32882 66.30801 77.732506 77.75332 तक
111.28988 133.11423 133.12552 111.301155 66.29865 66.28043 79.78361 79.80183 वह
75.23271 103.28609 103.298965 75.24559 85.23076 85.209015 101.824554 101.8463 उसी
114.47364 148.75375 148.76398 114.483864 90.39353 90.367546 103.8691 103.89509 जगह
381.81253 440.06302 433.00302 374.75253 344.5827 360.06488 386.6277 371.1455 उधर
188.13351 280.66138 280.70572 188.17786 55.01299 54.93242 105.85445 105.93501 हम
189.45407 330.84634 330.87637 189.4841 120.87691 120.81395 188.31694 188.3799 अपने
104.16463 152.10338 152.6096 104.67085 258.86832 257.76175 279.69284 280.7994 इसी
0.3129387 66.14975 70.58786 4.751049 206.32826 194.40044 218.89702 230.82484 हृदय
