19.956854 60.101654 61.134163 20.989363 161.44812 159.95386 187.69333 189.18759 यह
2.1310444 45.1448 45.908524 2.8947697 219.05861 217.7506 242.86562 244.17363 सब
306.27057 378.43628 378.44183 306.27612 7.5311384 7.5244675 67.6569 67.66357 लोग
392.90503 449.17303 449.1997 392.9317 25.703749 25.667809 67.463486 67.49943 अब
425.19592 469.4502 460.15338 415.8991 98.65988 103.83722 183.30359 178.12625 हम
276.2327 294.16714 295.09042 277.15598 168.29759 167.25441 183.12733 184.17052 तक
301.51337 316.721 319.04376 303.83612 166.82713 165.03215 184.71107 186.50606 वह
325.22702 333.62894 335.47543 327.07352 165.44775 164.49551 180.78735 181.7396 न
71.73569 167.90712 169.46313 73.2917 156.27 152.84196 196.49477 199.9228 आपकी
166.78885 251.8801 253.11853 168.02728 165.44621 162.08745 193.46184 196.8206 फसल
469.93512 513.6598 513.6651 469.94043 9.488615 9.481976 44.246895 44.253536 यह
524.4795 571.5393 571.5443 524.4845 9.480329 9.473183 42.517723 42.524868 एक
306.41635 326.58743 329.57657 309.4055 400.27994 397.72305 421.30386 423.86075 पर
271.92566 300.64752 302.12146 273.3996 138.31274 136.62985 161.78525 163.46814 जब
