428.13504 473.11996 468.6027 423.61777 3.7267685 7.515709 61.147682 57.35874 गर्व
39.388153 98.93663 100.38309 40.83461 158.22916 156.08688 196.294 198.43628 हुआ
25.26168 73.277336 74.26581 26.250153 209.74525 208.27675 240.59679 242.06529 एक
299.74298 325.61987 325.6175 299.7406 401.3912 401.39517 416.8984 416.89444 काम
276.65378 298.7335 302.31265 280.23294 154.22496 151.51915 180.72548 183.43129 सिर
313.40027 406.27222 406.27765 313.4057 7.5304785 7.5218887 65.95279 65.96138 भोजन
92.25245 159.10507 160.61615 93.76353 157.67258 155.29807 197.84128 200.21579 लोग
160.4462 214.25412 215.3277 161.51978 167.58339 165.67223 195.89803 197.80919 एक
435.66348 507.43985 497.004 425.22763 91.583786 100.19414 187.18822 178.57787 मरती
316.75177 333.03723 335.15985 318.8744 163.93942 162.0922 180.80563 182.65286 यह
144.57297 161.54959 157.80795 140.83133 5.0825233 7.5445213 33.344868 30.88287 हुए
385.57 430.88647 422.62164 377.30518 99.973755 104.72266 183.59024 178.84134 लिए
