246.29022 279.2367 278.8863 245.93982 170.35292 171.451 181.96434 180.86626 वह
246.35303 280.39316 279.8874 245.84726 183.95222 185.11067 199.97206 198.81361 एंड
80.00165 125.03038 125.01552 79.986786 31.743156 31.766129 60.90483 60.88186 और
535.16614 552.3855 442.78458 425.56528 20.995071 51.066788 113.82509 83.75337 कोई
55.09751 95.836334 90.70547 49.96665 377.32672 391.71326 406.2425 391.85596 फिर
49.169388 91.78274 87.4106 44.79725 402.7636 417.36707 430.12506 415.5216 शहर
4.105583 53.17889 53.16303 4.0897217 11.393204 11.41991 40.57214 40.545433 उसी
4.134556 55.183586 55.17221 4.12318 59.436615 59.46071 83.5685 83.5444 तरह
321.81686 346.73972 357.90933 332.98648 392.93518 385.91296 425.55554 432.57776 उसे
358.92612 464.9155 464.1655 358.17612 93.872086 97.865585 117.770905 113.777405 बहला
62.41645 88.22882 84.83044 59.018066 200.71059 202.94524 242.19963 239.96498 वह
