521.31494 577.4767 579.4662 523.30444 90.88554 89.73862 187.15771 188.30463 वह
524.45105 588.1044 589.93567 526.28235 244.45161 243.15176 332.82965 334.1295 एक
161.86646 306.40765 306.00977 161.46858 38.074783 38.73938 125.26997 124.60538 मन
443.05685 479.5314 479.5206 443.04605 25.939003 25.96788 39.644066 39.61519 तक
443.58295 486.60962 486.58185 443.55518 47.970917 48.031654 67.69993 67.63919 उसी
503.18433 552.6864 552.66064 503.15857 54.04344 54.12165 70.4002 70.32199 जगह
536.7011 575.05817 583.6154 545.25836 224.82832 212.52565 239.20512 251.5078 बाहर
60.190536 107.13246 107.06996 60.128036 25.43592 25.54264 53.031075 52.924355 सब
43.676994 94.87067 94.73713 43.54346 76.53678 76.74705 109.25573 109.04546 एक
109.98987 167.38098 167.27316 109.88205 76.74202 76.96803 104.348145 104.12213 साथ
490.59924 553.02795 553.01404 490.58536 19.137115 19.17455 42.300293 42.26286 हरज
572.5133 597.115 597.99536 573.3937 7.1906176 6.585163 42.356438 42.96189 है
505.61987 523.8347 524.4575 506.24268 200.86647 200.40807 225.15724 225.61565 उसके
502.97128 521.1117 525.062 506.9216 240.29987 234.46878 246.75818 252.58926 साथ
527.51086 540.2081 540.5458 527.8485 228.56213 228.3143 245.61469 245.86252 कम
332.08405 375.6634 357.3853 313.80597 98.36844 111.195465 173.2945 160.46747 देर
442.679 495.45798 495.39346 442.61447 90.16634 90.30349 115.11964 114.98249 बहुत
