79.63025 139.89746 139.89578 79.62857 18.756084 18.759995 44.809177 44.805267 मदद
78.75893 152.93962 152.94444 78.76375 59.615047 59.599495 82.58853 82.60409 करता
166.98363 244.01274 244.00777 166.97865 89.02645 89.03742 124.02479 124.01382 बाल
311.98203 365.59177 365.38712 311.77737 47.143997 47.629112 70.2431 69.75799 कहा
550.1938 587.378 587.3746 550.19037 45.03778 45.0438 65.82601 65.81999 पढऩे
165.8193 260.9779 260.97427 165.81566 4.9438896 4.9540634 39.01724 39.007065 अन्य
110.990265 162.9812 162.97528 110.984344 93.01451 93.02684 118.00665 117.99432 माफ
308.14896 380.35873 380.0212 307.81143 8.004948 8.662853 45.70707 45.049164 अपने
16.373316 72.82411 72.824196 16.3734 13.924253 13.924137 54.012886 54.013004 देख
51.015297 108.9959 108.9876 51.006996 93.00516 93.02022 124.98958 124.97452 दिन
