4.5961857 25.047398 24.939737 4.488525 7.637615 7.7576942 26.093884 25.973804 बच
4.925461 36.76246 36.755196 4.9181976 38.55552 38.563423 67.81709 67.80919 रहती
2.0230923 46.27636 47.198097 2.9448261 329.11575 327.49356 352.63852 354.2607 अपना
235.24138 288.07306 288.10724 235.27556 99.536224 99.48389 133.97491 134.02725 और
98.043106 131.99869 131.95274 97.99717 50.95925 51.04248 69.77861 69.69538 रस
26.428337 69.11847 68.97495 26.284817 4.3560333 4.5507812 36.01097 35.816223 काम
283.60095 378.4698 378.5569 283.68805 12.430135 12.341972 106.07779 106.165955 रहे
406.00003 514.8113 514.8766 406.06528 36.014214 35.911278 104.867744 104.97068 जब
9.367745 24.605904 24.63285 9.394692 72.02543 71.99389 85.01031 85.04185 बाद
326.13635 471.62036 471.68317 326.19916 119.49205 119.34589 181.86845 182.01462 उम्मीद
326.1585 407.02112 407.0677 326.20508 225.79312 225.70584 268.84747 268.93475 रख
443.98462 580.84534 580.9109 444.05017 208.41354 208.26749 269.73065 269.8767 सकते
