53.03698 95.02026 94.95423 52.97095 94.170876 94.27424 121.08926 120.98589 तीन
261.03107 303.88342 302.2044 259.35205 313.38397 316.9018 337.35455 333.83673 एक
224.97284 330.13586 329.98755 224.82454 45.34455 45.58831 109.56458 109.32082 कौन
451.02072 483.90604 486.98624 454.10092 157.57875 154.58775 188.45381 191.44481 हुई
559.3194 597.09686 596.7502 558.9727 322.87683 323.13147 374.56622 374.31158 वह
370.14038 450.2694 450.1919 370.06287 26.46584 26.648457 60.67423 60.49161 बच
370.07355 484.20508 484.06653 369.935 67.28658 67.569176 123.527504 123.24491 रहती
568.79694 600.2083 596.7067 565.29535 293.87552 298.30624 323.1307 318.69998 तब
11.975784 52.08519 52.039886 11.930479 97.98682 98.10092 114.0251 113.910995 करा
514.2061 565.3543 565.30634 514.15814 6.5597305 6.6763725 27.711735 27.595093 जल
516.2376 559.35345 559.2789 516.163 52.224396 52.32489 84.33327 84.23277 भुन
513.8909 558.967 558.9152 513.8392 97.821945 97.933105 118.91771 118.80655 कर
