48.040154 93.023384 92.960884 47.977654 95.1435 95.25671 120.09225 119.97904 कुछ
182.71571 250.87932 250.77281 182.6092 19.634018 19.788452 66.80049 66.64606 कोई
181.66942 239.75008 239.67079 181.59013 88.027306 88.167 121.125435 120.98574 इस
261.4227 357.48972 357.41837 261.35135 88.219124 88.45585 117.4221 117.18537 टक्कर
441.8831 487.7236 489.34396 443.50345 178.46976 174.32736 192.25891 196.4013 साथ
1.9449654 41.096184 41.032295 1.8810781 91.98031 92.08953 114.98821 114.87899 रहा
383.1922 535.50867 535.24866 382.9322 5.667824 6.041359 112.06555 111.69202 उनके
341.8904 372.2971 375.18668 344.78 165.37776 159.73024 175.28804 180.93556 वह
265.18677 333.5534 341.3319 272.96527 432.99188 400.08527 416.24585 449.15247 सभी
18.890656 88.050476 87.96794 18.808123 29.866547 30.02967 65.02115 64.858025 रात
