175.14632 234.90913 232.28636 172.52354 221.93382 239.66676 248.5059 230.77296 तब
181.72559 245.34 242.82117 179.20676 240.43283 258.68512 267.464 249.21169 पल
186.43411 249.85751 246.26291 182.83951 253.67194 271.42157 284.26593 266.5163 चैन
443.75183 581.7483 600.76587 462.7694 40.229786 2.301918 71.49527 109.423134 लोग
446.27844 563.6271 575.2979 457.94925 159.44867 129.82458 176.0556 205.67969 नाव
286.41824 370.6619 341.2689 257.02524 4.840744 69.81467 107.92494 42.951023 पर
459.40005 499.20352 487.72134 447.91788 402.0151 434.67856 448.67062 416.00717 मत
155.97983 200.20538 195.55981 151.33426 36.942993 46.90383 67.529915 57.569077 गया
165.14705 209.44994 202.81126 158.50838 5.361351 15.206467 45.080376 35.23526 इस
318.13956 360.69742 368.41708 325.85922 170.19536 159.04372 188.50426 199.6559 हुए
318.3027 404.75223 411.32278 324.87326 210.41176 188.52675 214.48149 236.3665 भूतनाथ
258.4154 316.31934 307.0658 249.16188 71.42614 115.04418 127.32844 83.710396 समय
