13.052582 173.06519 172.84871 12.83611 32.95214 34.197342 62.0141 60.768898 नाइट्रोजन
184.14853 358.3783 358.18216 183.95238 35.02458 36.352 62.096058 60.768635 ऑक्साइड
369.80594 454.41855 454.2524 369.6398 34.797237 35.400562 58.701183 58.09786 और
41.6456 203.1687 202.83588 41.31278 66.02453 67.94532 95.9327 94.01191 नाइट्रोजन
212.9368 447.03992 446.73404 212.6309 68.62901 71.37468 97.454895 94.70923 डाइऑक्साइड
93.34051 136.514 138.61569 95.44219 298.39627 294.14474 315.4869 319.73843 इस
12.774326 52.045002 52.03816 12.767482 273.9503 273.96103 299.014 299.00327 सकते
440.2221 512.50574 512.31323 440.02963 79.515594 80.35275 96.97415 96.13699 कहा
468.63922 551.7417 551.68634 468.5839 8.198753 8.464268 25.7683 25.502785 उस
504.80487 588.8446 588.70953 504.6698 46.89228 47.54354 64.97068 64.31942 वक्त
