63.064873 79.154335 90.06745 73.97799 55.85665 49.574287 77.5234 83.80576 उसने
88.73796 122.74548 120.78436 86.77684 58.613846 62.206863 80.76875 77.175735 उसकी
120.16397 132.76141 142.7594 130.16196 61.988907 57.13353 83.0737 87.92908 ओर
343.5525 361.86615 356.8025 338.48883 149.4062 152.52306 182.27544 179.15858 पर
8.048422 25.036074 37.185898 20.198248 86.60962 79.53908 108.73021 115.80075 एक
35.671265 53.26419 66.592545 48.99962 79.657234 72.506294 105.29702 112.44796 ओर
338.05743 386.11963 387.7649 339.7027 39.972645 37.34427 67.42915 70.05753 और
516.0885 577.563 573.4264 511.95193 44.68106 54.91111 79.768585 69.538536 जंगल
415.00815 453.3434 446.83646 408.5012 219.15262 225.94324 262.67712 255.8865 रहा
340.8422 374.00528 374.02103 340.85794 249.01067 248.9816 266.964 266.99307 वह
5.028736 58.723396 55.642815 1.9481555 38.23797 43.915146 73.05119 67.374016 गया
65.352295 92.0031 107.561615 80.91081 89.778465 79.24664 118.617516 129.14934 लात
377.55746 418.57755 419.45847 378.4384 27.765377 25.511593 41.54488 43.798664 भगत
453.6005 489.15128 485.913 450.3622 40.939262 46.86297 66.2974 60.373695 वह
554.2613 589.3476 590.2299 555.1436 11.017259 9.087927 25.134583 27.063913 वक़्त
495.2578 549.16406 546.46094 492.55472 73.62765 82.61962 98.824425 89.83245 आकर्षित
557.16486 578.7486 576.9462 555.3625 89.500175 93.098564 103.9096 100.31121 कर
