324.15814 362.91766 362.80396 324.04443 135.63661 136.2295 143.66444 143.07155 घर
314.3209 370.49924 370.3978 314.21945 147.0516 147.81659 155.26395 154.49896 चला
1.8740187 33.491093 33.51832 1.9012442 375.07162 375.03415 397.99765 398.03513 तरह
507.56287 561.9768 561.32715 506.9132 78.33809 80.033875 100.8795 99.183716 साल
29.097906 78.911125 78.95234 29.13912 67.31011 67.24615 99.34446 99.408424 वह
536.3778 579.7472 573.6532 530.2838 354.1287 371.2217 386.6837 369.59067 गया
376.7173 522.4535 522.1415 376.40527 135.08264 136.99106 160.81824 158.90982 उसकी
263.59708 313.20755 315.61874 266.00827 29.457745 25.361809 54.5665 58.662437 अपने
3.3799 54.240845 54.266113 3.4051723 32.177505 32.136223 63.275208 63.31649 वह
81.794586 190.42206 190.45627 81.8288 21.100817 21.012661 63.16469 63.252842 आदमी
496.34857 540.6275 530.0147 485.73578 335.06012 352.5912 379.39642 361.86536 दुख
519.8719 563.2464 563.1453 519.7708 142.15897 142.80374 149.6033 148.95853 उनकी
512.45 554.91437 554.8051 512.34076 149.79463 150.36855 158.4522 157.87828 कमाई
201.6388 227.03479 228.50201 203.10602 34.57313 32.477436 50.257465 52.35316 पर
433.68408 488.29474 487.37262 432.76196 57.360924 59.06002 88.69817 86.99908 रक्त
