282.03592 328.53635 331.5745 285.07407 34.332096 30.493614 67.298355 71.13684 और
436.4573 508.19034 506.9932 435.26016 59.639732 61.87565 100.28336 98.04745 राज
3.4593964 27.226444 37.701332 13.934284 371.04788 363.41098 396.01028 403.6472 अन्य
355.11115 476.44794 476.1283 354.7915 135.16556 136.7313 161.50067 159.93494 बन्द
7.5457926 29.442795 30.572811 8.675809 5.837097 5.0620575 36.988224 37.763264 ने
54.58609 133.9177 133.9288 54.5972 14.878707 14.840584 37.94298 37.981106 आकर
8.381958 92.73309 92.75078 8.399643 59.89885 59.834152 82.89389 82.95859 सलाम
10.761234 76.46901 76.52214 10.814365 95.821625 95.7128 127.79137 127.90019 करने
219.37035 281.6173 284.13336 221.8864 31.829731 26.690327 57.16419 62.303593 अपने
527.9139 589.4847 588.0806 526.5098 61.372154 63.293083 108.297676 106.37675 रहा
310.24786 366.12 365.90942 310.0373 127.791504 128.65823 142.23224 141.36551 हुए
486.29095 528.07245 527.4251 485.64362 46.895638 48.191048 69.06919 67.77378 हाथ
506.5816 559.9958 559.8278 506.41364 138.88945 139.67049 151.16096 150.37993 पर
141.80118 240.80676 240.86282 141.85724 108.27258 108.0936 139.10515 139.28413 शायर
