276.21524 328.7095 334.827 282.33273 354.7818 343.54987 372.14087 383.3728 हवा
466.32297 570.0303 570.12964 466.42233 5.903515 5.708168 58.48856 58.683907 वह
73.99577 115.05231 114.597855 73.54132 401.35168 401.9016 435.83044 435.28052 समय
233.76993 270.36954 295.68484 259.08524 191.09697 178.06293 249.14839 262.18243 संग्रह
501.29865 596.1401 596.39545 501.55402 209.26294 208.48135 239.47516 240.25674 तरह
487.90662 556.1902 556.04285 487.75928 72.06012 72.33176 109.36665 109.09502 हुआ
59.90451 115.61163 102.24225 46.535126 389.8582 398.87033 481.51126 472.4991 दिवस
322.48975 342.0335 353.00397 333.4602 241.0796 234.6565 268.03662 274.45975 बचने
238.88786 276.5946 280.00006 242.29332 378.2556 370.18512 386.09607 394.16656 तक
149.39967 174.36086 165.6043 140.64311 419.69177 424.67438 468.5418 463.5592 और
