474.307 581.95496 582.0338 474.38586 15.984217 15.8778 95.63156 95.737976 पर
162.76013 191.986 193.32318 164.09732 337.00787 334.35602 349.09296 351.7448 पर
238.0783 272.321 298.2245 263.98178 186.54135 174.40598 247.49847 259.63385 रहा
6.6208725 66.91164 65.64111 5.3503466 141.21855 144.1486 170.29195 167.3619 तरफ
78.451584 117.619446 115.86012 76.69226 134.59584 136.49718 172.73973 170.8384 को
59.496284 92.83064 86.192314 52.857952 373.34644 378.69873 420.0426 414.6903 लोग
49.214554 71.280594 67.05376 44.987717 437.38162 440.92465 467.2496 463.70657 उस
15.472527 42.214333 40.464325 13.722517 230.66397 232.96725 253.28534 250.98206 उन
193.50304 241.04424 242.53499 194.99379 330.8755 326.55823 342.97437 347.29163 उजड़
306.28607 329.48395 342.92365 319.72577 233.84079 226.14993 266.688 274.37885 करने
13.242683 88.96881 86.81375 11.08762 87.94466 91.6026 136.21642 132.55847 आती
98.049644 115.73493 111.33839 93.6531 420.00537 423.1717 447.72827 444.56195 इस
120.47226 153.45966 153.19434 120.20694 423.15884 423.62326 442.46835 442.00394 समय
88.90295 113.21093 112.8838 88.57581 457.2589 457.69415 475.96442 475.52917 आप
129.47646 140.0118 141.86153 131.32619 285.2327 284.07285 300.87497 302.03482 और
359.3682 380.10104 391.7507 371.01785 239.14642 232.57037 269.29926 275.8753 सब
91.04773 148.23642 146.71674 89.52804 100.88022 103.645584 135.07336 132.308 उस
37.95996 53.562393 48.06212 32.459686 399.91815 402.3161 438.10406 435.70612 गई
26.660494 42.799927 47.318695 31.179262 264.88574 262.63458 295.0312 297.28235 हर
