3.086998 68.07213 64.78139 -0.20374024 55.68785 64.141266 89.438614 80.9852 अवसर
98.40839 145.38095 143.67734 96.704765 126.39838 129.73596 153.71243 150.37485 कर
106.37848 161.40627 148.68744 93.65965 5.1731796 21.036575 65.15629 49.292892 लगे
405.8496 454.1657 462.96313 414.64703 340.02567 325.20444 353.8834 368.70462 उठ
5.9449005 59.381477 55.292835 1.8562579 86.5565 93.70033 124.28377 117.13994 पता
162.76703 213.42728 201.81268 151.15244 25.577606 40.18193 80.47124 65.86691 दिन
277.4501 311.46603 311.45108 277.43515 8.360821 8.379173 36.144604 36.12625 रही
295.93155 348.49307 350.8254 298.2639 269.24512 266.076 304.7589 307.92804 पर
13.84005 44.520493 41.90795 11.227507 122.62106 126.84955 145.80524 141.57675 जब
506.8617 570.81616 570.7827 506.82828 8.378853 8.426956 52.932663 52.88456 दिन
