22.342505 72.08585 72.82663 23.08328 152.34113 151.15558 182.23734 183.42288 हम
370.1861 464.48273 464.42798 370.13135 246.20856 246.50851 263.71115 263.4112 इस
261.27222 413.96698 413.80762 261.11285 13.188469 13.82653 51.963127 51.325066 बार
433.03113 452.27155 460.6626 441.42218 141.28523 137.48509 179.96965 183.76979 हुई
14.989313 66.69919 67.42712 15.717241 193.27599 192.2007 227.20631 228.2816 यही
15.273211 66.64915 67.10416 15.72822 240.95091 240.01398 264.96442 265.90134 बाद
560.0584 580.71967 550.9268 530.26556 17.866852 30.30117 79.80585 67.37153 हुई
409.9178 434.36755 441.4978 417.04803 185.0401 180.29538 217.03775 221.78247 वह
233.37137 310.38324 303.3392 226.32733 143.17175 178.78375 194.01666 158.40466 पर
14.038885 69.005806 69.72993 14.763006 100.48893 98.96583 125.09843 126.62153 एक
555.5131 594.49677 596.9854 558.0018 14.081513 7.0932713 20.975784 27.964025 भर
396.41077 472.70367 472.47632 396.1834 42.688423 43.652878 61.63672 60.672264 पर
412.95663 433.16525 438.5663 418.3577 148.30882 144.36473 172.03859 175.98268 एक
