522.791 585.313 589.1538 526.63184 47.149536 35.65454 56.54467 68.039665 लगी
375.53342 460.2197 460.18777 375.5015 242.2992 242.44662 260.77878 260.63135 पर
407.83768 433.30905 440.6556 415.18423 177.08449 172.14299 210.0117 214.9532 पर
11.288 60.91967 61.633926 12.002256 154.63116 153.45163 183.5057 184.68524 यह
11.47821 73.39578 73.94039 12.0228195 210.52058 209.27159 236.27019 237.51918 बात
235.93637 415.68912 415.60153 235.84879 5.0060844 5.311695 56.819473 56.513863 और
529.8674 582.3625 586.13776 533.64264 23.45858 13.964169 34.837715 44.332127 और
422.75238 459.66833 459.83643 422.92047 135.40839 135.20016 165.00623 165.21445 उसके
201.76352 313.85645 313.83786 201.74495 2.9496727 3.0707836 20.264967 20.143856 अलग
220.8211 265.90485 260.00983 214.92609 323.68588 338.2123 356.5079 341.98148 और
9.825102 63.786575 64.56471 10.603239 85.56742 84.0207 111.16802 112.714745 दस
397.4406 480.3537 480.1684 397.2553 43.40703 44.47229 58.89702 57.831757 रहता
226.78815 281.51373 274.41663 219.69106 300.0399 317.87515 339.65176 321.8165 इस
