37.830444 85.346985 78.41914 30.902605 37.77333 46.3667 84.67374 76.08037 एक
137.24748 163.86583 163.80687 137.18852 83.869896 83.920525 114.9148 114.864174 भर
29.281565 65.58288 66.847466 30.546152 139.91112 137.75426 159.0382 161.19505 वह
361.82062 385.75977 375.72614 351.787 69.13856 75.73655 112.14098 105.54299 हाथ
55.425823 76.96193 77.04945 55.513348 21.882658 21.810383 47.890213 47.96249 उस
143.2921 165.64091 165.60228 143.25346 48.858482 48.891403 75.1135 75.08058 पर
29.729141 82.36793 84.089264 31.450478 102.30815 99.323685 129.6839 132.66837 इस
327.0709 340.31387 333.88663 320.64365 76.78818 80.53113 103.27141 99.52846 हजूर
344.75467 353.3962 349.3865 340.74496 77.43294 79.85762 94.14816 91.72348 डर
507.20148 550.32306 549.2214 506.0998 200.87294 203.18224 223.75511 221.44582 सर
33.424923 54.42749 51.620434 30.617865 18.912003 22.703182 38.253853 34.462673 कर
