192.87125 239.09406 240.43973 194.21692 281.64975 278.44144 297.829 301.03732 उस
186.83249 241.12717 242.95502 188.66034 320.60995 316.87747 343.46634 347.19882 कुछ
117.2104 153.81738 153.79018 117.183205 258.8685 258.9025 288.20706 288.17307 यह
6.841049 57.556442 55.122192 4.4068003 111.83618 116.33473 143.77776 139.2792 लगी
469.71088 525.0768 524.9402 469.5743 381.01926 381.4296 399.86264 399.4523 अब
4.4120674 40.096577 40.994785 5.310276 211.65918 210.19727 232.12228 233.5842 हर
4.032837 56.771843 54.999733 2.2607267 142.31047 146.93086 167.15843 162.53804 मदद
5.590168 47.58919 45.79612 3.7970958 53.66719 57.521935 77.05821 73.20347 पास
6.6057587 48.42549 46.674385 4.8546534 87.722626 91.4949 110.90773 107.13545 आए
381.48376 459.59558 459.39612 381.2843 376.7762 377.436 401.04764 400.38785 सब
