392.3383 455.14584 452.7775 389.96994 15.230125 17.177727 93.55444 91.60684 पाई
369.12607 494.82437 489.4432 363.7449 118.59781 128.20941 198.5831 188.9715 भारत
103.66985 156.40799 159.92221 107.184074 6.6808095 3.1885757 56.25869 59.750923 सबब
4.217476 36.31939 47.879845 15.777931 110.522446 102.999084 152.3271 159.85046 उसे
465.04446 503.6475 503.65897 465.05594 46.9757 46.962303 80.057045 80.07044 कर
295.57272 374.2831 370.66653 291.95615 128.63185 134.57698 182.45885 176.51372 तरह
164.4376 190.80873 192.94542 166.5743 14.904391 13.474453 52.87939 54.30933 कोई
137.41237 191.28096 192.52324 138.65465 72.07806 70.40455 110.39196 112.06547 बीच
251.40782 302.8628 302.87714 251.42216 20.473913 20.45425 58.01844 58.038105 जबकि
314.8648 354.03546 354.04602 314.87537 30.4209 30.405937 57.9989 58.013863 अन्य
497.61182 562.515 559.85876 494.9556 131.77376 136.47774 173.12746 168.42348 कर
48.185265 76.823654 78.5227 49.884304 28.728554 26.686195 50.51049 52.55285 मदद
217.17415 248.40431 249.27742 218.04726 161.34904 160.28111 185.81416 186.8821 पत्र
