457.43506 501.64325 501.70508 457.4969 416.33478 416.2423 445.79596 445.88843 रही
314.42548 349.16278 322.64056 287.90326 267.94434 282.8299 344.7226 329.83704 यह
225.69498 279.1014 278.9842 225.57776 9.903927 10.130516 37.762012 37.535423 कोई
2.815239 132.33917 149.19788 19.673943 71.285675 26.670685 75.61401 120.229004 इस
504.87402 579.645 579.7024 504.9314 418.36148 418.20505 445.63284 445.78928 आज
351.89142 381.0645 356.10486 326.93176 284.7139 297.75095 353.60324 340.5662 उसे
574.61145 597.07544 597.1039 574.6399 430.8401 430.78906 443.32904 443.38007 यह
386.5824 410.8376 392.65466 368.39948 301.35736 312.61993 351.77887 340.5163 दया
275.46252 352.8864 352.87665 275.45276 6.927864 6.963154 28.427448 28.392159 पर्यावरण
182.78882 234.80383 234.89948 182.88446 353.84515 353.57983 372.33002 372.59534 उजर
