281.33972 302.18787 313.50232 292.65417 88.09275 81.82957 119.49172 125.754906 यह
314.10858 339.08563 348.7055 323.72845 87.75995 80.562805 113.9478 121.14494 पता
163.39114 273.27295 278.64456 168.76276 150.2484 134.47969 171.91103 187.67973 बाहर
370.46667 424.3235 425.52515 371.66833 132.15105 128.71147 147.52715 150.96672 आज
370.22052 412.7771 414.0642 371.50763 165.62418 162.72806 181.6417 184.53781 तक
498.17093 541.0503 541.1721 498.29276 245.39624 245.10336 262.9349 263.22778 यह
428.99713 458.85162 471.05737 441.20288 82.71604 75.3029 124.458244 131.87138 यह
448.7363 496.67557 497.546 449.60672 159.00378 157.89087 195.38556 196.49847 बात
453.72894 506.28998 506.49738 453.93634 31.604513 31.230377 60.368294 60.74243 बदतमीज़
508.66562 528.5719 536.1605 516.2543 30.360249 25.94484 60.157154 64.57256 और
540.3153 575.88 576.0189 540.4542 40.61184 40.35868 59.87343 60.126587 उध्दत
466.58646 491.74857 499.5355 474.37338 83.77466 77.7937 110.55356 116.534515 युवक
476.83612 514.57666 514.8953 477.1548 125.36318 124.71971 143.41052 144.054 कहकर
516.787 554.4271 554.89575 517.2556 115.88249 115.24071 142.72847 143.37025 उसकी
300.62704 345.84427 348.15506 302.93784 131.39603 126.893585 150.10031 154.60275 इन
