323.22403 358.54355 360.63522 325.3157 140.89201 137.47633 159.10521 162.52089 तुम
323.35583 359.6991 361.81525 325.472 160.1445 156.84482 180.15265 183.45233 रहो
192.4305 286.61334 292.1422 197.95937 146.08107 132.56526 171.09227 184.60808 बाद
420.94382 450.99777 461.2892 431.23526 11.797722 4.429077 46.4041 53.772743 करते
464.44516 487.8339 497.40103 474.0123 10.679968 5.2206993 46.20833 51.6676 और
436.89627 484.78665 485.04117 437.1508 74.25017 73.70624 96.117035 96.660965 सम्मान
450.50272 479.8597 480.2316 450.8746 123.36936 122.86673 144.58829 145.09091 भाव
122.35121 139.80559 142.62709 125.172714 176.56224 174.78908 202.56276 204.33592 वह
372.58743 415.87424 435.7617 392.47488 20.630705 9.511383 86.93178 98.0511 बार
369.307 436.10992 438.6054 371.8025 149.52937 145.11833 182.9113 187.32234 पर
488.64432 570.0518 597.2505 515.84296 4.5024643 -12.255959 119.86691 136.62534 समाप्त
