10.809448 34.3121 34.364227 10.861576 276.82382 276.7454 292.36374 292.44217 भर
331.3977 393.47058 390.80432 328.73145 347.56506 357.87433 373.92804 363.61877 रात
38.17823 78.669426 76.2243 35.7331 197.42682 201.62512 225.20749 221.00919 रही
42.606823 68.26256 68.34071 42.684986 266.2508 266.13824 283.95563 284.06818 पत्र
453.49435 485.4189 482.84128 450.91672 71.24912 76.78855 91.64376 86.10433 उस
202.5505 297.6892 293.1549 198.0162 312.04987 327.96045 355.07373 339.16315 ऑफ
277.22638 356.06726 352.72644 273.88556 332.7744 345.92694 365.95306 352.80054 ब्लड
448.53036 492.2275 493.95322 450.25607 190.0666 186.31041 206.38585 210.14204 यह
355.96332 404.76392 403.07233 354.27173 338.09045 346.63617 356.29584 347.75012 आया
103.429565 152.41104 150.45212 101.47064 231.26524 236.25127 255.49516 250.50914 याद
