468.24484 497.79636 501.88467 472.33316 293.75443 287.98483 308.92508 314.69467 पर
3.040287 59.879036 59.83883 3.0000815 348.3671 348.43173 383.76962 383.705 बहुत
284.73328 370.95013 366.79205 280.5752 255.29025 287.69388 298.7573 266.35367 और
242.86871 346.9809 342.0822 237.97002 89.81404 106.603775 136.98036 120.19063 हट
387.65335 420.84494 416.66434 383.47275 169.74713 175.85272 198.57965 192.47406 वह
392.92242 423.82886 426.99573 396.0893 303.90762 297.89145 314.16043 320.1766 बाल
390.52988 432.9979 437.59525 395.12723 324.67267 316.29584 339.6029 347.97974 दिवस
278.9139 388.68625 383.1675 273.39517 237.58759 279.68036 294.07257 251.97978 हम
223.01147 369.77155 364.33936 217.5793 246.15744 299.61652 314.52933 261.07025 तरह
322.13342 355.57715 359.557 326.11328 323.2813 316.74762 337.11908 343.65277 उस
234.31015 298.65625 293.24258 228.8965 297.51923 309.12274 339.14362 327.5401 देर
223.66763 266.6634 264.4485 221.45273 118.55307 125.84073 138.90808 131.62042 फिर
