376.29453 432.18137 432.20193 376.3151 19.085238 19.060669 65.82083 65.8454 रस
280.21503 305.966 309.50696 283.75598 157.03676 153.93031 183.28297 186.38942 कर
34.71991 63.63829 48.47386 19.55548 153.58925 163.11873 209.13704 199.60756 और
63.45975 132.08127 133.16592 64.5444 165.96985 163.48724 193.4679 195.9505 असंभव
479.53082 525.68976 516.33417 470.17523 108.4371 114.630585 184.35635 178.16287 तब
298.2282 329.57867 329.57648 298.226 400.27902 400.28226 421.3038 421.30057 पर
155.68057 247.53894 249.42319 157.56482 147.08163 143.84924 197.3956 200.62799 मनुष्य
273.6071 313.2587 313.27658 273.62497 26.778824 26.752312 53.530533 53.557045 बात
322.83963 358.1005 358.11838 322.8575 26.745916 26.722343 53.461098 53.484673 बस
276.5841 297.24634 298.1303 277.46808 137.02318 135.81664 150.9551 152.16164 रमा
