504.16953 535.2018 535.5625 504.53024 98.12082 97.532455 116.55768 117.14604 हम
359.43878 422.9087 424.7071 361.23718 266.5667 263.28876 298.11115 301.3891 अभी
11.55125 53.688583 53.67172 11.534385 219.23392 219.26144 245.06866 245.04114 पर
72.742096 149.7602 149.73236 72.714264 219.2975 219.37755 246.15184 246.0718 सरल
490.2222 558.5857 558.6146 490.25113 328.22433 328.15366 356.147 356.21768 सरल
537.1987 584.9021 585.17175 537.4684 101.50809 100.58681 114.552155 115.473434 करना
358.5813 400.86133 401.7934 359.51337 247.61736 245.4173 263.33008 265.53012 काम
519.99036 585.97925 585.97986 519.99097 208.0448 208.04355 240.01508 240.01633 भीतर
518.8914 566.8968 566.89716 518.8918 262.01035 262.00974 291.9971 291.9977 घुस
556.4846 585.989 586.006 556.5016 337.87875 337.84775 353.97818 354.0092 बीच
