18.336655 51.482735 51.45706 18.310982 201.34807 201.3766 231.18529 231.15675 भी
72.48859 147.53055 147.50642 72.464455 211.35413 211.44104 232.28198 232.19507 उठकर
426.92236 496.91577 494.37146 424.37805 131.74872 143.93918 158.54779 146.35733 कथानक
364.1209 409.61572 411.14655 365.65173 253.6521 251.29364 280.82324 283.1817 और
234.5196 270.60773 270.61987 234.53175 226.56696 226.54584 247.28113 247.30225 वह
234.50177 271.6919 271.70105 234.51093 271.9715 271.95508 292.7013 292.7177 रथ
4.7272873 58.035927 57.987125 4.6784854 161.87639 161.94893 197.82066 197.74812 वह
401.22632 429.82855 442.99384 414.3916 186.96967 168.63202 189.16663 207.50427 कुछ
163.4665 221.42146 221.4341 163.47914 258.68738 258.66052 285.95325 285.9801 बात
44.97792 106.02612 106.00322 44.95502 233.56067 233.61105 261.3589 261.3085 जोश
