5.612442 93.68011 93.66623 5.598562 62.601784 62.662926 82.65864 82.597496 राजनीतिक
106.01059 176.18814 176.17453 105.99698 67.66138 67.71164 86.71988 86.66962 जनसमूह
5.8332977 72.9521 72.936844 5.818039 88.39814 88.446846 109.46267 109.41396 नरसंहार
4.176033 80.28265 80.85564 4.749016 190.15454 189.26416 238.24146 239.13184 वह
226.40573 298.73154 298.72415 226.39835 7.324337 7.344948 33.349564 33.328953 आज
328.78397 386.19315 386.18576 328.77658 7.353512 7.369869 33.38682 33.370464 तक
564.9775 595.0347 599.16705 569.1098 42.930904 35.97714 53.83887 60.792637 हर
57.689774 97.83801 97.83049 57.682247 17.86242 17.876167 39.858036 39.844288 इस
13.92478 69.01497 69.445984 14.355795 254.02763 253.38605 290.39606 291.03766 पिस
154.15732 195.42468 197.01367 155.7463 259.89746 257.52142 285.11908 287.49512 और
