41.66018 100.90515 100.8942 41.649227 10.866402 10.884438 46.859257 46.84122 हम
43.56676 89.61452 89.94302 43.895267 177.10033 176.55968 204.53883 205.07948 बाद
111.73476 149.77611 150.06517 112.02382 176.30809 175.86794 200.85185 201.292 वह
153.48035 190.18488 191.37952 154.67499 268.01303 265.89444 286.5914 288.71 हर
5.8282776 60.05513 60.036095 5.8092422 61.002647 61.033928 94.040306 94.009026 एक
6.19825 73.39233 73.370384 6.176307 104.20363 104.25818 131.29024 131.23569 तरफ
96.40163 145.68698 145.66106 96.37571 104.276825 104.32405 131.35948 131.31226 रख
6.4715767 79.575195 79.9012 6.7975807 215.1152 214.26385 242.25717 243.10852 समझ
500.56808 533.8468 541.0513 507.77255 88.66289 75.75868 94.33823 107.24243 कर
260.89032 293.1211 293.11523 260.88446 14.5324135 14.542854 32.546818 32.536377 यह
305.40894 366.70435 366.6985 305.40308 14.546837 14.566696 32.57785 32.55799 कहना
261.10428 307.41074 307.39877 261.09232 33.133484 33.15869 55.17009 55.144882 ठीक
