272.48538 311.2888 309.35123 270.54782 144.24052 148.36275 166.60152 162.4793 उधर
323.4223 347.88367 341.22327 316.7619 138.72778 144.42258 173.03162 167.33682 की
510.87 592.5547 556.72217 475.03748 9.045578 28.221725 180.85748 161.68134 एक
179.81378 221.99759 218.77332 176.58951 105.51526 110.070465 139.92903 135.37383 यह
232.238 278.1109 275.45862 229.58572 111.17627 116.12982 140.69144 135.73788 सच
205.04832 231.3307 228.96422 202.68184 219.78638 221.76865 253.1452 251.16293 पालते
234.09135 260.7998 260.9615 234.25304 229.31406 229.11426 250.72699 250.92679 समय
201.75587 214.91942 213.28633 200.12279 263.43988 264.43268 286.08545 285.09265 घर
220.56644 233.36633 231.45886 218.65897 263.20117 264.32025 286.1383 285.01923 पर
197.72249 218.9911 219.00398 197.73537 297.83957 297.8251 316.7325 316.74698 साफ
