191.07806 238.22629 238.22684 191.07861 249.44241 249.44104 268.95987 268.96124 आज
5.37012 22.092327 36.57146 19.849255 31.47349 24.0163 56.48472 63.941906 पर
462.49957 560.5973 536.76697 438.66925 32.54663 61.384903 142.44737 113.6091 उसकी
77.79518 104.13896 161.8317 135.48792 353.29816 329.12494 391.998 416.1712 हाथ
339.5493 480.16666 469.1342 328.5168 109.93758 139.76509 191.77608 161.94856 यह
20.542484 40.200577 53.28522 33.62713 14.432444 5.9906273 36.46028 44.902096 बज
281.85013 342.14944 341.88943 281.59012 8.359993 8.548508 91.72648 91.537964 बाघ
360.7428 470.2824 452.1588 342.6192 32.436775 64.447975 126.46548 94.45428 बनकर
45.012127 67.03923 79.76422 57.737118 8.391346 -0.6564522 30.32288 39.370678 बङा
313.32013 367.5501 363.48895 309.25897 110.94789 122.94556 141.30228 129.30461 नन
