298.5718 455.0331 448.08823 291.62692 105.20378 139.23622 171.16481 137.13237 स्वागत
46.85563 64.199585 78.570404 61.226444 15.225159 8.030716 42.67507 49.869514 झुक
472.3819 513.89417 507.04816 465.5359 37.243866 40.937912 117.870636 114.17659 और
525.41504 559.7147 553.6782 519.37854 74.87901 78.79048 131.72491 127.813446 उस
80.80627 99.88249 151.38846 132.31223 353.35236 335.90167 392.2055 409.6562 पूछ
2.4788876 19.937243 31.278433 13.820078 5.8664417 -1.8162766 23.95566 31.638378 साथ
16.662474 55.091743 56.739594 18.310324 37.161587 34.578968 59.098927 61.681545 संगठन
306.67926 347.3946 346.9391 306.22375 15.937454 16.170616 95.71669 95.48353 युग
360.294 405.73505 403.52838 358.08734 32.299805 33.882233 97.24829 95.66586 तक
336.9307 404.0446 400.1606 333.04672 148.36862 162.521 180.93958 166.7872 लक्ष्मण
23.369354 33.00818 41.875473 32.23665 3.7668674 -0.3993206 20.115904 24.282091 इस
33.29454 53.7966 54.65004 34.14798 26.3526 25.062042 38.61992 39.910477 काम
