27.03125 58.8407 64.013916 32.204468 278.93338 269.6929 287.50125 296.74173 कर
455.8476 538.4252 543.19745 460.61987 275.50922 264.0661 298.5047 309.9478 करवा
33.510506 113.48376 119.34518 39.371925 73.21876 65.76518 128.65536 136.10893 घनघोर
343.42026 442.53488 444.86368 345.74905 214.965 210.70663 264.91006 269.16843 उसे
8.364857 59.43778 67.46213 16.389202 241.43245 226.48434 253.90092 268.84903 उम्र
22.156254 92.09579 99.903854 29.964325 302.55606 282.39072 309.47147 329.6368 साल
210.19002 253.73424 254.50624 210.96202 226.9377 225.29045 245.69817 247.34541 बढ़
218.72002 272.53345 273.21918 219.40578 262.97626 260.62354 276.3084 278.66113 गया
228.47177 276.18954 276.97614 229.25836 298.71313 296.30573 311.89697 314.30438 अब
295.38156 336.75253 337.6755 296.30453 295.53256 293.4241 311.53445 313.6429 वह
87.60048 120.94197 127.216354 93.87486 263.29007 253.61813 275.24747 284.9194 पर
293.58133 317.95206 322.5239 298.15317 52.829967 50.12565 91.32594 94.030266 तुम
136.90689 261.6461 262.85236 138.11316 151.28532 147.83095 191.38948 194.84386 जब
284.65378 391.8851 393.3666 286.13528 148.37508 145.23824 195.88261 199.01945 यह
412.62436 515.9453 517.4967 414.1758 145.85437 142.7782 194.88788 197.96405 बढ़
