481.69592 558.25024 559.1096 482.5553 154.27429 152.1543 183.1853 185.3053 लोग
493.81833 548.2811 549.0287 494.5659 211.99927 209.98596 230.20764 232.22095 उस
51.911827 105.63012 109.56286 55.844566 89.00308 84.000336 126.22916 131.2319 बात
23.307251 108.703415 124.21677 38.820602 260.36734 235.67044 289.31198 314.00888 यह
8.33886 44.026993 58.628143 22.94001 70.23341 62.07457 125.94237 134.10121 बंद
336.9737 384.7782 385.6383 337.8338 251.4548 249.38449 269.24515 271.31546 पर
454.27298 486.35178 489.8489 457.7701 284.29248 279.82196 304.9159 309.3864 पर
487.5236 538.83765 543.38135 492.0673 271.751 264.6373 297.41245 304.52615 लपेट
175.57367 232.70068 236.19275 179.06573 60.171127 54.877777 92.56474 97.85809 पास
3.2046528 60.10597 70.11385 13.212536 227.48631 210.80103 244.93059 261.61588 शब्द
