416.33597 451.31345 451.31277 416.3353 574.005 574.0061 595.01196 595.01086 इस
355.966 403.2834 412.34583 365.02844 222.14214 203.28642 226.02809 244.8838 ऐसे
362.03052 407.89996 400.74188 354.87244 255.27359 273.71744 291.5195 273.07565 यह
346.98734 393.77402 387.82425 341.03757 282.99323 301.36536 316.51703 298.1449 धन
326.2825 390.17935 384.3287 320.43185 308.6674 333.15958 348.4232 323.931 काम
285.02094 376.28497 342.1435 250.87946 23.202316 116.87437 150.1382 56.46615 कोई
237.76474 337.74673 317.3232 217.34122 77.1216 176.34032 196.92094 97.702225 अगर
356.82477 522.6323 554.5681 388.76056 438.6558 387.1195 489.86655 541.40283 कह
185.25938 206.99406 207.04521 185.31053 461.96448 461.87573 474.4037 474.49243 हम
185.34705 202.6932 202.67505 185.32889 483.43933 483.46747 494.65228 494.62415 पर
