422.39246 568.6378 569.18384 422.93848 157.19408 156.20473 236.91939 237.90874 बाद
385.02612 450.21143 450.20813 385.02283 19.864716 19.873909 43.19046 43.181267 समय
385.0972 453.3547 453.3467 385.0892 49.25711 49.272934 83.729935 83.71411 सबसे
470.5796 554.1284 554.12085 470.572 50.290558 50.31021 82.75044 82.73079 अधिक
357.76874 422.25372 422.61334 358.12836 181.0153 180.43929 220.69609 221.27211 हुआ
104.60649 175.92905 175.92271 104.60017 9.696793 9.704605 67.4363 67.42849 पर
364.98813 425.967 426.04324 365.06436 242.27553 242.1063 269.58173 269.75098 तहत
434.70203 510.39612 510.5445 434.8504 242.05188 241.58002 265.37848 265.85034 अलग
518.84686 596.63934 596.78925 518.99677 241.5273 241.04236 265.09485 265.57977 अलग
220.44366 343.71436 343.7055 220.43481 8.696236 8.709373 91.79602 91.78288 रख
