146.74324 249.59398 249.57497 146.72423 17.400063 17.432793 77.1799 77.14717 और
290.42398 424.80325 424.79037 290.4111 36.672035 36.714806 77.23567 77.1929 उत्पन्न
447.65207 595.73865 595.9065 447.81992 185.1907 184.92007 276.79767 277.0683 रहा
473.77393 551.2406 551.23474 473.76807 18.863285 18.873974 61.46188 61.45119 फिर
366.5811 417.01492 417.35 366.91617 172.9443 172.37503 202.06033 202.62961 ठहर
416.0956 470.61032 470.94766 416.43295 172.18488 171.56952 201.45535 202.07071 गया
22.627304 65.391556 65.38301 22.618757 39.050026 39.062477 68.41664 68.40419 पर
90.29956 138.13297 138.1279 90.29449 39.06359 39.07318 64.38802 64.37843 आ
25.076347 76.967926 76.95727 25.065685 91.68024 91.6991 121.04373 121.02487 कर
475.56177 532.7637 533.1951 475.99323 147.88347 147.07268 177.51173 178.32253 कर
