542.1156 596.4457 595.53455 541.20447 4.6958466 5.9645004 44.98617 43.717518 ओर
542.21185 596.41095 595.5844 541.3853 61.472435 62.622368 101.58027 100.430336 और
29.365715 155.12244 175.21909 49.462364 235.45691 199.57983 270.02286 305.89993 एक
275.22586 311.5673 311.3937 275.05228 501.17114 501.5479 518.29297 517.9162 यह
442.8136 533.2253 532.39386 441.98218 5.7957344 7.90691 43.511795 41.40062 महत्व
9.672928 100.24086 114.94273 24.374802 63.83029 33.069733 76.35628 107.11684 सूरत
7.541176 116.87704 133.36581 24.02996 117.9031 82.54758 133.5386 168.89413 इसकी
14.620331 136.81807 147.27872 25.080978 194.58939 155.80728 188.76755 227.54965 भयानक
227.3696 260.6225 260.14493 226.89201 190.16579 190.6256 225.16722 224.70741 तरह
171.98145 209.20755 215.54126 178.31516 145.18372 126.95044 139.88171 158.11499 पर
113.41803 208.5603 220.99481 125.85254 315.30652 290.07294 336.95685 362.19043 हुआ
115.54567 189.21495 198.16249 124.49321 374.10046 355.4502 390.79327 409.44354 एक
242.47504 283.71356 283.62677 242.38826 516.8081 517.0315 533.0508 532.8274 तरह
205.52547 239.86272 219.45863 185.12138 414.17654 426.4907 483.38614 471.072 एक
