388.19104 443.21246 442.16888 387.14746 153.27063 156.09161 176.44562 173.62463 पास
533.9587 571.71954 565.2017 527.44086 504.79785 516.0635 537.91064 526.645 पर
533.7408 581.3713 574.3554 526.7249 560.09515 574.85736 597.4941 582.7319 अब
568.75684 594.1444 593.9197 568.5321 55.92315 56.35324 69.6209 69.19081 करते
390.454 455.98038 454.82333 389.29697 119.796036 122.52376 150.31853 147.5908 रात
511.6895 582.67413 591.148 520.1634 212.97348 177.75873 194.84006 230.05481 अगर
344.38406 437.34763 424.54233 331.57877 332.8987 431.42764 443.5096 344.98068 तरफ
537.30225 595.7291 590.66943 532.24255 535.54266 553.55707 569.96735 551.95294 चरा
291.05673 346.00394 366.4482 311.501 553.2044 465.06598 477.81134 565.94977 अंदर
472.0219 546.04083 561.6762 487.6573 132.68147 90.705154 118.27576 160.25208 हुए
265.76398 324.94135 346.8791 287.70172 520.17896 430.3974 444.85718 534.63873 सखी
