163.93292 330.5555 340.7188 174.09622 247.84299 229.47498 321.66965 340.03766 उस
8.452194 94.77034 94.58397 8.265821 8.82235 9.166122 55.96302 55.619247 शौच
349.8512 501.47357 499.2481 347.62573 236.76395 244.1409 289.88254 282.50558 आया
374.87527 446.83133 446.90103 374.94498 387.81754 387.70102 430.73483 430.85135 एक
476.4244 569.7064 569.77136 476.48935 387.60056 387.4456 426.5378 426.69278 उच्च
374.36368 470.63248 470.66464 374.39584 466.82404 466.74597 506.38116 506.45923 स्तर
373.83847 441.18246 441.18192 373.83792 530.2757 530.2764 583.2719 583.2712 की
470.3603 572.4691 572.4683 470.35953 544.9805 544.9826 584.2525 584.2504 परत
63.381233 123.96985 117.505516 56.916897 490.3731 509.88977 529.958 510.44135 रुप
158.01007 225.8797 232.47476 164.60513 368.7924 360.32333 413.17532 421.64438 दूर
9.892033 63.58646 63.113018 9.41859 58.249954 58.92273 96.708405 96.03563 बहू
204.41463 330.0857 330.4873 204.81624 53.334217 52.735886 137.0854 137.68373 मन
9.5896 103.93213 91.88797 -2.4545588 508.82434 536.9818 577.33606 549.1786 भूल
191.30685 244.26361 246.07474 193.11798 209.24895 204.45576 224.46559 229.25877 रुख
262.85272 307.26056 309.26752 264.85968 203.03508 198.99657 221.06502 225.10353 एक
378.16156 472.28522 470.232 376.10834 179.74452 183.23662 238.57835 235.08626 उसे
472.75345 577.4392 577.47375 472.788 448.80362 448.68997 480.52597 480.63962 कमलिनी
472.18048 515.0784 515.09515 472.1972 496.87415 496.84717 523.5301 523.55707 सुन
