12.360306 83.447136 76.605415 5.518583 388.39008 407.2779 433.02765 414.13983 बाग
380.29596 456.32977 488.69562 412.6618 115.36243 8.68721 31.756271 138.43149 आया
416.8609 466.68652 495.39313 445.5675 173.68985 106.32538 127.55798 194.92245 तब
-15.3381195 180.82454 202.09839 5.93573 129.23373 55.657654 112.37631 185.9524 इसलिए
-6.02396 111.06563 122.45555 5.3659706 202.61293 160.8673 192.81416 234.5598 काम
-12.380552 66.27849 83.74907 5.090027 249.34834 223.26105 275.93878 302.02606 रहे
505.76062 564.0403 552.3213 494.04163 183.18996 205.61986 236.06932 213.63942 उठी
508.04047 545.9764 545.37067 507.43475 330.3375 331.43417 352.3867 351.29 उठा
285.76718 317.9045 340.24765 308.11032 84.35237 45.125107 63.429947 102.65721 पाप
482.6763 508.39352 524.7373 499.0201 57.72361 22.554237 34.50547 69.67484 चार
495.2942 522.34375 543.3862 516.3367 82.44304 45.862076 61.42183 98.00279 दिन
152.1613 207.90547 211.83632 156.09215 134.3674 114.33957 125.28046 145.30829 समय
215.80765 246.52896 250.4946 219.77328 111.50041 100.46283 111.5005 122.538086 पर
149.23073 189.7371 196.00404 155.49767 154.36761 140.18222 158.07742 172.26282 कई
148.85657 190.15677 196.3063 155.0061 178.71103 164.47903 182.3245 196.55649 दफे
197.94547 231.23132 235.03757 201.75171 166.98674 155.4034 166.34096 177.9243 वह
367.93436 409.4733 439.19217 397.65323 68.51485 10.219322 31.395767 89.69129 करने
55.407707 118.318245 125.595985 62.685448 280.04416 259.10068 280.96176 301.90524 वह
