161.21504 221.80983 218.38365 157.78886 221.8879 230.56874 254.48442 245.80357 एक
487.59338 517.11273 517.1162 487.59686 277.7669 277.76178 297.998 298.0031 घर
535.19855 562.69244 562.696 535.2021 277.75864 277.75388 297.9904 297.99515 पर
487.69067 533.4816 533.48486 487.6939 315.81522 315.8079 336.054 336.0613 साफ
167.48367 297.40338 297.41147 167.49176 54.295654 54.28087 125.40317 125.41795 बचत
484.09186 527.96356 525.10913 481.23743 200.24904 206.25798 227.09853 221.08958 अब
549.3867 597.5686 593.51904 545.33716 209.21796 215.81348 245.39679 238.80127 कुछ
405.63458 467.6646 456.523 394.49298 68.28552 95.1109 120.8743 94.04892 उठा
382.8962 439.0588 427.92197 371.75937 117.3855 141.673 167.42587 143.13837 कर
139.49506 202.50677 202.5123 139.50058 298.87042 298.86 332.2575 332.26794 सेवन
223.57101 282.53918 282.5447 223.57654 298.85645 298.84668 332.24518 332.25494 करने
131.21907 169.0901 169.08687 131.21584 76.89054 76.895454 101.741844 101.73693 गयी
538.0023 584.8268 584.83057 538.0061 314.59253 314.58502 337.8689 337.8764 तब
335.32166 381.56018 377.7965 331.55798 168.86621 175.20154 202.67065 196.33533 यही
