196.5728 274.15662 274.6654 197.08156 36.87089 36.030807 83.01637 83.85646 इस
305.90036 427.8586 428.30246 306.3442 35.68708 34.36651 75.35435 76.67492 समय
29.160107 94.60495 94.85394 29.4091 9.684086 8.975521 31.972767 32.68133 समय
119.27115 155.09326 155.34225 119.52014 8.70846 8.320616 31.31779 31.705633 पर
28.969315 73.832664 74.233185 29.369835 51.08438 50.59857 87.5863 88.07211 कई
28.969635 75.768394 76.13643 29.33767 99.47279 98.96594 132.94768 133.45453 दफे
100.409515 139.19658 139.45638 100.66931 109.69498 109.27489 133.2613 133.6814 वह
28.983822 72.75694 73.07083 29.297718 160.84317 160.36899 189.34595 189.82013 इस
99.57619 155.14198 155.40178 99.83598 160.07852 159.47656 183.45764 184.0596 शहर
467.53125 517.1801 517.4183 467.7694 31.537157 30.999557 52.99405 53.531647 बात
467.45782 531.91266 532.1508 467.69598 75.52997 74.83194 96.82219 97.52022 सबब
546.9783 583.9175 584.2639 547.3247 64.67138 64.271355 96.257774 96.6578 कि
467.38437 512.0873 512.32544 467.62253 119.51429 119.03009 141.01611 141.5003 उस
