159.95068 294.11813 294.12558 159.95813 295.4269 295.40445 339.936 339.95847 अनुसार
389.46832 449.16547 433.46948 373.77234 85.76016 111.57637 147.87164 122.055435 पर
157.54507 209.1427 209.14285 157.54523 79.838066 79.83784 114.82365 114.823875 खेद
232.76003 287.5584 287.5586 232.76021 79.864784 79.864525 114.823235 114.823494 और
386.02255 411.3796 413.12204 387.76498 254.64597 250.5828 261.45682 265.52 भाग
536.60114 572.2303 572.23444 536.6053 260.15695 260.15054 283.41776 283.42416 वह
536.72656 581.5054 581.50867 536.72986 303.86447 303.85715 324.10074 324.10806 एक
157.03426 247.8679 247.85521 157.02156 44.10488 44.138847 78.06427 78.030304 पच्चीस
178.08011 220.67075 217.55905 174.96841 226.52097 232.6196 254.35046 248.25183 पर
449.11505 500.9842 500.98755 449.1184 280.40396 280.395 299.6196 299.62857 असर
445.8435 483.49353 483.49658 445.84656 316.02432 316.01834 335.25198 335.25797 कर
495.03433 531.68604 531.6898 495.03812 316.01654 316.01068 339.29425 339.3001 रहा
453.51984 538.96545 526.8224 441.37674 107.91286 144.84724 172.93962 136.00523 अपना
