1.5526304 25.034237 35.621136 12.139529 35.1853 12.857899 23.99208 46.31948 कहा
11.084702 102.91396 95.84632 4.017061 377.32233 388.74402 445.56708 434.1454 हम
196.05423 403.2438 411.80722 204.61765 153.54968 137.95612 251.73651 267.33008 समूह
194.26064 244.14949 246.41585 196.527 301.29306 296.64304 320.95816 325.6082 हुई
193.44745 269.09915 270.602 194.95029 329.02036 322.9409 341.64188 347.72134 लगी
88.298615 138.14233 135.11646 85.27274 411.41675 417.66937 441.79065 435.53802 तब
111.62909 188.89557 194.1817 116.91522 166.67192 160.80144 230.37685 236.24733 और
244.13893 285.08038 286.12244 245.18098 304.62143 300.6741 311.4824 315.42972 पर
453.5182 486.64264 492.781 459.65656 196.51546 186.93141 208.14696 217.731 कह
-0.5851345 41.148773 62.97483 21.240923 65.61272 26.42694 49.67228 88.858055 धरती
