68.02582 95.23715 126.108 98.89667 114.0897 95.6756 141.29483 159.70894 और
225.31055 298.13672 301.6516 228.82544 166.78549 161.168 206.73538 212.35287 उसी
322.64795 413.17816 415.52527 324.99506 174.4654 167.50824 198.0503 205.00745 समय
229.0009 292.5772 295.04333 231.46703 243.28622 238.47458 271.05954 275.8712 एक
314.7008 371.49573 377.27124 320.47632 221.22017 215.61685 274.1574 279.7607 दफे
36.082344 96.45002 93.51496 33.147285 377.9687 385.74835 408.52344 400.74377 शिखर
38.9337 67.536156 65.46476 36.862305 410.83557 414.43103 430.90924 427.31378 पर
71.47254 101.61553 99.43374 69.29075 414.99197 418.77756 436.1503 432.36472 वह
3.282424 27.455673 56.408302 32.235054 165.24174 147.18745 185.95268 204.00697 बंद
43.073734 70.09925 90.111725 63.086205 225.88258 198.04921 217.48082 245.3142 कर
9.118217 50.020794 44.843693 3.9411156 305.50565 330.03268 338.6663 314.13925 एक
10.42775 50.328766 44.553757 4.6527395 320.3468 343.9735 353.72644 330.09973 और
36.015198 64.576584 92.11363 63.55225 158.44035 137.86769 176.09785 196.67052 यह
140.53761 184.9634 187.36717 142.94139 159.25781 155.84564 187.1423 190.55447 पर
143.46207 225.14966 227.57468 145.88708 205.45805 199.25688 231.20137 237.40254 तनाव
-3.2473965 42.770096 66.56246 20.544971 60.44252 17.194519 42.51049 85.75849 उत्तर
