514.4548 538.81146 538.80084 514.44415 9.2574005 9.27809 21.726265 21.705576 आप
547.82104 580.26904 580.25415 547.80615 4.2603035 4.2878647 21.761478 21.733917 अतीत
202.24748 242.21272 243.76878 203.80354 300.45593 296.5301 312.3709 316.29675 दूर
144.01395 254.73346 259.83417 149.11465 164.13052 155.71298 222.80453 231.22208 सात
6.003399 53.54589 46.536785 -1.0057065 304.65198 333.1349 344.83423 316.35132 पद
447.59763 483.6841 491.65915 455.57266 192.2525 181.8577 209.54364 219.93845 रहे
489.03912 536.506 536.2619 488.79504 424.04147 424.6627 443.3126 442.69138 और
214.66844 294.6631 296.74432 216.74965 318.28378 311.75424 337.25156 343.7811 और
306.85614 353.2823 356.38806 309.9619 127.92645 124.31676 164.2615 167.8712 कई
311.67038 359.639 362.4767 314.5081 176.57883 172.89362 209.83084 213.51605 दफे
372.8376 415.4203 417.47705 374.89435 183.35138 180.08917 206.93686 210.19907 वह
317.8636 360.6753 363.1457 320.33398 239.16745 235.92944 268.59186 271.82986 इस
377.88617 430.08453 432.1601 379.96173 234.62772 230.67978 258.12222 262.07016 शहर
