161.35127 235.47029 231.90788 157.78886 220.80594 231.36856 256.3662 245.80359 समय
192.46729 309.36633 309.37268 192.47363 302.50443 302.48508 340.94656 340.9659 आता
184.08557 226.50284 226.4928 184.07553 51.591415 51.60649 79.862564 79.84749 आ
248.16962 290.54956 290.53943 248.15948 51.63282 51.64689 82.14141 82.12734 गए
185.65155 249.18542 249.18121 185.64734 98.58539 98.5957 124.508026 124.49771 अतः
362.6763 396.3975 399.41647 365.69528 246.24588 240.82233 259.59286 265.01642 यह
137.95868 207.46039 214.19232 144.69061 191.80988 172.97842 197.82419 216.65564 यह
68.50083 179.24054 179.24979 68.51006 271.16376 271.14667 330.84467 330.86176 कहा
251.64047 309.3293 309.329 251.64017 91.60485 91.60566 113.02192 113.02111 चाय
440.34464 595.9927 596.00305 440.355 275.14487 275.11765 334.82645 334.85367 सोचकर
