12.09343 71.39471 71.39435 12.093068 9.071129 9.071892 37.542397 37.541634 तक
29.186401 57.041748 51.338387 23.48304 76.20362 81.36787 112.131096 106.96685 जब
113.935196 182.71494 182.58434 113.804596 214.11731 214.78207 228.29431 227.62955 सरल
421.3448 442.51056 449.09235 427.92657 311.26553 306.6912 337.14554 341.71988 इस
126.85362 161.11057 161.07451 126.81757 246.86493 246.92944 266.05585 265.99133 पर
263.28027 296.0998 285.16058 252.34105 329.67194 336.50177 389.06836 382.23853 बैर
80.090805 119.226105 119.20595 80.07065 4.8860645 4.92058 27.784693 27.750177 मरा
8.351543 23.526459 19.582146 4.4072313 48.858887 51.64501 73.128136 70.34201 मत
28.223095 51.51687 48.738186 25.44441 52.2694 55.370323 76.24345 73.142525 चला
356.281 391.91772 398.81116 363.17444 321.88696 315.43054 353.4796 359.93604 तक
156.96922 180.8434 180.83247 156.9583 255.93298 255.95294 269.0232 269.00323 परन्तु
