547.29364 596.707 596.659 547.24567 329.99112 330.05594 366.60703 366.5422 तुम
114.29292 145.76253 148.57399 117.104385 187.98715 184.05579 206.5607 210.49207 पर
312.73547 327.41174 323.40875 308.73248 59.108627 61.78868 83.70943 81.02937 न
334.66946 367.11288 367.45816 335.01474 61.655884 61.06224 79.93347 80.527115 कर
120.14165 189.16255 191.62114 122.600235 227.0591 222.11111 256.40656 261.35455 आज
209.04675 267.51135 269.04996 210.58536 215.48077 212.35358 241.1188 244.246 पर
325.356 365.88345 366.20914 325.68167 84.291664 83.51092 100.417 101.19775 अन्त
153.09502 188.2935 188.36678 153.16829 389.9178 389.82568 417.81665 417.90875 बैठ
68.14445 103.6782 106.35598 70.82223 197.91046 193.47714 214.93994 219.37326 रहा
363.98703 402.81265 403.31564 364.49002 88.51223 87.75596 113.57908 114.33535 चीज
472.36606 513.32855 511.89432 470.93182 261.38757 263.66016 289.5125 287.23993 इस
