481.15833 567.5155 594.20996 507.85278 5.3544126 -8.680405 155.57225 169.60707 अपभ्रंश
316.7097 348.17056 347.91995 316.45908 197.3315 197.75014 216.5848 216.16615 पर
379.6185 455.59573 458.57986 382.60263 321.15106 307.4286 323.95068 337.67316 सहर
90.36976 119.55074 128.6362 99.45521 19.607035 13.374687 55.914436 62.146782 उम्र
133.04025 203.24469 203.29288 133.08844 18.543629 18.444874 52.706814 52.80557 लगभग
103.68298 154.1885 154.29944 103.793915 83.389595 83.22875 118.06425 118.22509 साल
13.886032 28.66584 37.999416 23.219608 47.365868 44.045876 85.59666 88.91665 के
43.188164 85.735115 85.79742 43.250465 59.770897 59.672142 86.515434 86.61419 ऊपर
28.24098 65.59428 65.68642 28.33312 108.431145 108.29646 133.85147 133.98615 आध
36.070946 57.540657 67.867 46.397285 145.3589 140.55388 186.69377 191.4988 इंच
