138.27629 169.76564 186.35793 154.86858 18.332754 11.787361 91.61132 98.156715 गई
194.08904 267.02942 267.13477 194.19438 38.032097 37.866463 84.2524 84.41804 सहसा
272.86343 333.46243 347.6987 287.0997 18.269684 6.8013763 82.02628 93.49459 उसके
358.0411 391.68393 400.88065 367.23782 37.86711 31.704208 81.90849 88.071396 मन
304.91547 350.23444 349.97034 304.65137 188.99994 189.4235 217.68051 217.25696 इस
386.27478 451.67438 454.64215 389.24255 321.5455 309.7736 326.26108 338.033 कर
4.385086 114.43511 114.5532 4.503174 12.954323 12.73893 73.07234 73.287735 अभियोग
28.1406 84.565094 84.72443 28.299932 124.80317 124.55769 161.18243 161.4279 चला
472.80255 517.47375 526.51 481.8388 28.48932 20.952019 74.50705 82.04435 उस
537.38934 576.48505 585.1236 546.0279 28.440758 22.104439 75.40534 81.74166 पर
486.01715 554.6785 554.8586 486.1972 104.465225 104.18657 148.53691 148.81557 लगा
