443.3542 485.71954 482.68384 440.31848 273.9828 279.5896 302.5277 296.9209 रहा
45.60974 90.1366 90.134674 45.60782 18.561024 18.565182 39.17686 39.172703 गया
117.507095 203.2806 203.27766 117.504166 7.7201004 7.728096 39.187397 39.1794 लौटकर
45.52591 80.29234 80.29013 45.523693 63.694077 63.697815 84.31679 84.31305 घर
45.44204 97.5828 97.5803 45.439537 108.843094 108.84941 129.47568 129.46936 चला
347.3897 385.39307 385.3902 347.38684 10.5592575 10.56282 40.940414 40.93685 और
401.72104 450.5674 450.55875 401.71237 10.564194 10.577698 42.040497 42.026993 कोई
344.97772 394.92224 394.9201 344.9756 54.17434 54.179558 74.79925 74.79403 काम
85.51765 95.46453 95.40937 85.46249 209.65819 209.70137 222.4105 222.36732 वह
163.42502 319.81052 319.80185 163.41635 42.87259 42.89096 116.69121 116.67284 सबसे
76.53102 89.08179 88.51059 75.95982 196.83643 197.5252 207.93335 207.24457 बार
