420.06067 468.08594 474.14056 426.1153 332.45084 304.16312 314.44235 342.73007 सब
228.31036 351.35034 351.30334 228.26338 8.174942 8.279945 63.331444 63.22644 सड़क
383.27087 456.18988 456.1515 383.23248 8.307171 8.369392 53.357918 53.295696 पर
490.22687 563.0438 563.00555 490.18857 8.398441 8.460575 53.41063 53.348495 आ
118.430374 200.93364 185.06721 102.56395 46.553185 78.27596 119.54069 87.81791 देकर
207.8416 236.19328 235.50783 207.15614 92.49104 93.04318 128.24023 127.688095 उसी
516.18097 563.0219 563.01605 516.1751 71.931274 71.94745 88.917145 88.90097 बात
517.1764 569.9839 569.98193 517.17444 100.678474 100.68453 117.6495 117.64344 आप
20.81488 74.49749 66.34133 12.658722 26.970467 47.60084 68.824104 48.19373 सलाम
417.87296 481.79105 482.52457 418.60648 104.84558 102.23782 120.21643 122.82419 लाल
250.05154 355.0963 355.06906 250.02428 64.03586 64.07864 131.09082 131.04803 जब
