36.562454 73.4886 61.89125 24.965101 21.740356 35.93583 66.1036 51.908127 को
89.851074 154.57837 145.99413 81.26684 49.91346 74.7909 97.12577 72.24833 अलग
419.82983 471.4889 472.44165 420.7826 88.913635 86.70685 109.00951 111.21629 गए
218.37518 322.41882 322.39575 218.3521 21.983173 22.060482 53.091442 53.014133 नवयुवक
341.66003 403.60352 403.58643 341.64294 22.07476 22.120789 45.12197 45.075943 जगह
422.86087 440.81546 440.7515 422.7969 22.096306 22.148438 44.174156 44.122025 न
322.05826 364.04807 364.0414 322.0516 77.063385 77.07611 99.06941 99.05669 उस
123.124405 185.58685 177.86577 115.40333 100.882706 124.86296 144.97441 120.994156 मतलब
489.1443 542.41864 535.4529 482.17853 207.8112 229.69365 246.65224 224.76979 दस
281.00598 330.04218 330.04663 281.01044 99.060074 99.05342 132.03706 132.04372 गये
