377.26904 422.17535 435.117 390.2107 225.94647 208.15363 240.81635 258.6092 बार
249.92534 292.01843 293.8629 251.76982 320.05637 315.69028 333.4728 337.8389 बात
147.34329 176.2349 178.11575 149.22415 305.49524 300.00348 309.89838 315.39014 बात
564.82043 591.4917 592.6113 565.94006 336.21307 334.28625 349.78424 351.71106 वह
564.74963 597.6658 599.16516 566.249 366.67673 364.28464 384.9163 387.30838 धुन
458.37396 500.398 514.40027 472.37622 175.82654 159.19284 194.56873 211.20242 पर
246.74359 285.23218 287.61127 249.12268 294.6014 290.61417 313.5795 317.56674 तक
559.9992 593.51117 594.57855 561.0666 395.20618 392.75757 407.36658 409.8152 उठ
431.69617 472.68164 485.677 444.69153 237.20181 220.93198 253.6687 269.93854 पर
134.19658 156.7455 156.78978 134.24086 348.996 348.9377 366.0693 366.1276 पर
296.2606 348.9954 348.98618 296.25137 400.79285 400.81488 422.94922 422.9272 बात
373.78616 414.78995 414.7792 373.77542 400.7626 400.78152 424.03775 424.01883 वह
142.90909 172.84659 175.01105 145.07355 276.29193 270.76453 282.48767 288.01508 रह
