220.97725 251.57011 255.11235 224.51949 170.85413 164.86789 182.97055 188.95679 पर
361.67303 407.27246 402.93 357.33057 381.62674 389.43747 414.78885 406.97812 हार
371.96667 406.16052 406.19427 372.00043 13.361303 13.282038 27.854479 27.933744 हाथ
417.3221 450.40958 450.4385 417.35104 13.256162 13.179461 25.657352 25.734053 रख
371.99002 401.01523 401.0507 372.02548 36.67794 36.595497 49.08793 49.170372 सर
372.00656 405.1857 405.2347 372.05557 59.998108 59.886536 74.46327 74.574844 एक
417.45895 449.5392 449.5966 417.51633 54.64486 54.540718 72.22262 72.32676 ओर
325.3038 381.86533 379.43973 322.8782 437.1548 444.26447 463.56165 456.45197 उदास
434.94205 485.5983 485.68173 435.02548 98.05188 97.83804 117.597946 117.81178 अब
325.29388 357.68665 353.00513 320.61237 399.4052 404.95312 432.28735 426.73944 देर
