231.50192 301.25357 303.73984 233.98819 533.9998 527.91693 556.42694 562.5098 जान
414.50867 451.75757 451.82465 414.57574 34.893166 34.78875 58.71038 58.814796 और
414.53076 451.79816 451.88037 414.61298 63.183693 63.05558 86.98148 87.1096 उसी
414.56772 453.9153 454.00345 414.65585 98.76212 98.59548 119.40505 119.57169 तरह
382.09906 410.49176 408.23322 379.8405 384.07175 388.93143 402.12698 397.2673 बन
382.55905 443.9587 441.8472 380.44754 486.96527 492.5984 515.61365 509.98053 समझ
355.12744 411.12573 411.21393 355.21564 35.89273 35.73471 66.97926 67.13728 यह
334.39957 394.132 390.66214 330.92972 400.96466 411.19507 431.4546 421.22418 स्वभाव
438.83807 486.45496 486.6126 438.99573 135.05882 134.81828 166.02379 166.26433 इस
438.86893 491.69284 491.89316 439.06924 186.65665 186.32864 218.58472 218.91272 एक
329.69485 378.80026 376.10593 327.00052 436.61807 442.7892 464.22885 458.0577 जरा
