313.05423 389.14487 388.97916 312.88852 33.58551 33.845337 82.382416 82.12259 एक
319.0031 371.52234 371.00317 318.48395 351.8527 353.2972 372.173 370.7285 कर
318.92953 364.44827 363.76144 318.2427 392.1538 393.58234 415.4682 414.03967 हम
354.39856 441.65668 441.5161 354.258 125.54755 125.92987 158.0102 157.62787 आया
351.6333 420.69708 420.53754 351.47375 181.4853 181.82866 213.92073 213.57738 गया
353.08255 403.9556 403.77707 352.90402 237.47647 237.75937 269.86456 269.58167 पर
354.53275 435.21353 435.00522 354.32443 293.50247 294.0259 326.1332 325.60977 ताक
6.1480865 70.70145 56.148422 -8.404936 464.8714 485.56628 530.9614 510.26654 इस
323.00073 379.1093 378.12726 322.01868 421.47885 423.3973 452.1199 450.20145 उठ
165.00887 211.26387 212.83073 166.57573 563.1269 558.2663 573.17706 578.03766 नए
