247.0318 366.72296 363.79718 244.106 329.14355 336.83154 382.38232 374.69434 आठ
442.1585 591.49426 591.4288 442.09305 38.9598 39.142906 92.53489 92.35178 कर्नल
18.182884 38.787876 38.73417 18.129177 14.1310005 14.208431 28.500652 28.423222 पर
51.335335 75.66312 75.551384 51.223606 9.175644 9.317337 28.499432 28.357738 बने
32.882286 132.7981 101.53991 1.6240978 70.155334 119.86661 182.69315 132.98187 चीज
178.37221 242.52303 240.3366 176.18578 326.73523 330.8487 364.94708 360.83362 ईश्वर
499.51093 596.703 596.57294 499.3809 130.56747 130.8729 172.26163 171.9562 हृदय
329.1612 385.136 385.12158 329.1468 10.675869 10.709663 34.583675 34.54988 तरह
90.89732 172.27405 153.31511 71.93839 33.473877 73.94183 112.06622 71.59827 रहता
429.01144 458.72885 458.7112 428.9938 5.0646553 5.090328 25.484087 25.458414 यह
26.417297 100.580185 77.00694 2.844058 160.73546 197.63576 245.01369 208.11339 गए
