120.17199 193.12872 197.21817 124.26144 340.66507 333.11484 372.6304 380.18063 आई
91.21495 216.81947 216.86086 91.25633 11.97403 11.907173 89.65887 89.72572 सभी
379.91327 418.13177 418.80652 380.588 267.42392 266.13217 286.0956 287.38736 उन
32.33705 70.71223 70.71502 32.339844 93.87766 93.87249 114.58277 114.587944 बाद
326.46402 379.2427 379.88193 327.10324 269.22516 267.4416 286.3565 288.14008 समझ
138.07764 187.94589 187.57678 137.70853 272.50183 273.4132 293.6104 292.69904 जगह
201.64961 216.38475 216.91164 202.1765 273.67465 273.2836 293.1387 293.52975 न
118.03011 156.33948 158.50754 120.19817 313.23157 309.22943 329.9828 333.98492 रह
167.99413 206.45119 208.62312 170.16606 308.01184 303.99426 324.78442 328.802 रह
95.55036 219.04196 219.05136 95.55976 100.08486 100.071976 190.18484 190.19774 हम
448.55908 493.69965 495.78308 450.64252 361.60916 357.2535 378.84543 383.20108 यह
