554.8296 597.08655 597.06006 554.8031 162.01797 162.07657 181.19986 181.14127 कम
554.8812 590.0089 589.99963 554.87195 205.43396 205.45114 224.47342 224.45624 यह
235.86871 278.09903 276.57837 234.34805 271.28052 273.93433 298.13293 295.47913 हम
179.08066 221.09818 221.09616 179.07864 23.074055 23.077312 49.111507 49.10825 वह
245.1502 298.17676 298.1748 245.14825 22.077774 22.081894 47.114807 47.110687 थक
179.07474 225.08679 225.08514 179.07309 66.32829 66.33159 89.35515 89.35185 कर
179.0703 224.07384 224.07155 179.06801 109.56949 109.57243 144.59628 144.59334 चूर
157.88356 201.01646 200.93211 157.79921 211.51147 211.65244 237.46542 237.32446 पर
56.37844 120.39643 120.40658 56.388588 25.479683 25.461151 60.49436 60.512894 यह
56.398605 135.41112 135.40904 56.396526 95.148926 95.15393 128.18051 128.1755 बात
131.01631 181.6166 181.54985 130.94957 240.4581 240.62387 260.9996 260.83383 उच्च
464.03485 545.1019 545.09845 464.03134 49.930244 49.936226 97.984795 97.97881 करते
