17.328861 59.214516 57.886868 16.001215 228.23158 230.85786 252.03197 249.40569 दस
76.225464 132.35596 131.03505 74.904564 232.03265 235.55214 256.61847 253.09898 बारह
83.432655 137.1778 141.78009 88.034966 351.9647 343.0723 370.88846 379.78085 कहा
13.402103 40.947243 40.87483 13.329691 7.1108513 7.273449 19.540455 19.377857 पास
42.03801 67.81229 67.73964 41.965363 7.279892 7.4320374 19.73941 19.587265 रख
19.582981 74.530014 77.2222 22.275158 368.48746 359.38705 375.64212 384.74252 काम
248.23474 310.9489 310.8493 248.13512 23.991241 24.185707 56.315468 56.121002 आज
324.4647 391.5472 391.44144 324.35892 24.227608 24.435623 58.54487 58.336853 रतन
8.337324 50.574486 58.289803 16.052643 316.16736 304.5163 332.48566 344.13672 कुछ
381.07028 422.7374 444.37723 402.7101 72.250656 58.74083 125.48262 138.99245 तेल
