248.49742 300.07843 309.71698 258.136 124.55613 77.25511 87.76583 135.06685 तब
554.94055 595.0532 595.3517 555.239 219.44753 219.0053 246.07411 246.51634 वह
474.6825 514.0095 514.33 475.003 263.8711 263.20343 282.08185 282.7495 कह
76.55173 171.3346 171.44348 76.660614 90.51387 90.33858 149.21516 149.39046 और
141.1552 180.5608 178.50615 139.10054 211.60448 214.82408 239.97148 236.75188 अंग
458.20914 532.1522 532.1636 458.2205 25.459723 25.434166 58.227364 58.252922 समझ
560.6213 597.3554 585.1036 548.36945 0.85388184 8.929291 64.661575 56.586166 गये
47.15145 175.5657 175.69601 47.281776 14.873592 14.537476 64.32889 64.66501 असर
219.05763 260.95233 261.04553 219.1508 14.393956 14.313992 63.131832 63.211796 न
181.43015 198.73529 197.59647 180.29132 215.88159 217.27832 231.3883 229.99158 रही
180.42535 223.29913 223.34247 180.46869 51.111183 51.024124 72.35856 72.44562 बाद
180.4829 227.43419 227.48894 180.53764 77.92886 77.8416 107.302734 107.39 ऐसी
