55.928787 135.04718 134.99956 55.88116 29.94233 30.0177 80.014404 79.93903 पर
302.56348 330.9237 330.90265 302.54242 7.226841 7.2525215 30.527832 30.502151 एक
305.68796 332.46817 332.45535 305.67514 44.428764 44.445946 64.433846 64.416664 पल
338.6908 379.46753 379.4547 338.67798 44.45507 44.48124 64.464005 64.437836 लगता
125.88049 162.10767 158.39917 122.17199 450.42966 458.48947 475.15836 467.09854 कर
24.903328 80.005196 79.96644 24.86457 109.91109 109.95378 159.95885 159.91615 दूर
345.7088 392.88013 397.7572 350.58588 284.79358 281.0907 343.22083 346.9237 देश
305.94357 342.9476 341.59116 304.58713 500.39545 503.3772 520.21106 517.2293 इस
11.0717125 54.13798 54.123783 11.057514 172.5076 172.53976 191.54153 191.50937 गया
12.176033 60.246155 60.234337 12.164215 210.11586 210.14577 229.15019 229.12029 आज
11.077538 91.181755 91.17051 11.066291 247.72443 247.76733 268.77325 268.73035 इजलास
62.08284 91.41408 91.61958 62.288345 545.8326 545.51495 564.4943 564.81195 वह
