222.79614 269.86276 278.10406 231.03745 345.99628 331.35315 357.84265 372.48578 इसे
16.606384 65.20438 72.56712 23.969131 207.55327 191.7198 214.31844 230.1519 बाद
213.28717 359.51276 354.6894 208.46382 181.70505 200.56995 237.95691 219.09201 जब
298.38654 313.86462 318.21527 302.73718 347.88678 345.66406 375.9602 378.18292 रहे
81.58267 186.37445 186.02014 81.22837 15.3224945 16.319183 53.571487 52.5748 असर
62.760452 146.81538 145.68999 61.63505 69.13527 70.96817 122.57834 120.74544 देख
2.4030495 55.391655 65.179825 12.191217 176.5339 159.28522 189.35483 206.60352 जोर
248.69305 369.8993 366.21674 245.01051 227.21848 240.55203 274.02768 260.69412 यह
296.84854 410.46024 410.19296 296.58127 41.19226 42.009476 79.16696 78.34975 नेशनल
20.42142 68.05261 76.13727 28.506075 236.0746 220.54465 245.34074 260.8707 कर
