453.25037 476.63367 477.52356 454.14026 292.43365 290.93164 304.78516 306.28717 यह
486.6052 511.50638 512.53015 487.62894 290.291 288.6915 304.6288 306.2283 इस
69.37481 114.747955 103.05418 57.681034 6.620514 13.333649 92.37036 85.65723 इसी
57.605957 105.35091 94.55838 46.813435 86.16458 93.22862 166.17384 159.1098 खेल
278.11328 371.2025 375.09753 282.0083 227.68701 208.88925 228.17795 246.97571 तक
524.02386 564.6429 551.06854 510.44952 43.03711 51.323166 117.86565 109.57959 वह
257.8055 341.44058 345.48557 261.8505 202.11569 185.15515 205.1015 222.06204 बन
112.942825 141.86606 141.84583 112.92259 15.167145 15.190895 39.821312 39.79756 उधर
150.94022 165.60858 160.0553 145.38693 4.6340256 6.948807 42.139 39.82422 की
171.60176 186.72694 183.04167 167.91649 15.861954 18.290024 41.246704 38.818634 हर
194.9893 213.90755 209.04283 190.12459 13.146694 16.236378 46.02315 42.933468 एक
106.73569 134.81543 134.77039 106.69064 60.378174 60.432312 83.78517 83.73103 साफ
332.09836 379.57767 382.9487 335.4694 196.72104 187.10138 203.7395 213.35916 हर
