215.68445 340.0661 315.77277 191.39111 82.60399 144.52965 193.32433 131.39867 कुछ
275.05746 352.15335 356.7305 279.6346 207.58699 191.97935 214.58873 230.19637 रहा
472.28168 548.33777 548.1968 472.14066 37.29236 37.466446 99.085236 98.91115 तरफ
564.45795 591.4786 573.5999 546.5793 13.194214 18.81894 104.70626 99.081535 से
455.29382 499.52753 500.92554 456.69183 293.49136 290.6603 312.5034 315.33444 पद
121.122986 220.56464 201.63367 102.19202 126.090454 174.81912 213.45197 164.7233 पर
271.54688 331.89178 335.2414 274.89648 239.3959 227.22379 243.82983 256.00195 शरीर
416.92554 453.87573 464.33557 427.38538 163.09961 133.19205 146.11499 176.02255 इस
350.07077 424.4813 424.38815 349.97763 11.811478 11.929459 70.65451 70.53653 कहा
136.80501 201.75563 189.25511 124.30449 208.75815 240.19765 266.02234 234.58284 कहो
417.79044 459.2073 468.44785 427.03098 207.3019 173.97871 185.46367 218.78685 कर
12.379311 55.5427 55.49346 12.3300705 23.528824 23.58667 60.326035 60.26819 उस
1.264225 44.832047 44.711994 1.1441742 103.02008 103.16519 139.20998 139.06487 वक्त
