549.11316 578.17126 578.0526 548.9945 65.43089 65.62172 83.6808 83.489975 लिए
549.09326 581.19385 581.0442 548.9436 87.82599 88.12514 104.18562 103.886475 सभी
550.1644 594.35 594.1858 550.00024 114.23903 114.79413 127.86598 127.31088 आधार
550.14905 578.38086 578.1006 549.8688 131.64395 132.05896 151.12851 150.7135 और
33.73855 92.00513 92.00001 33.733425 70.117294 70.13298 89.1508 89.13512 मानव
33.758545 94.03368 94.02999 33.754852 99.346115 99.353775 128.37872 128.37106 जीवन
554.09454 595.1337 595.11884 554.07965 11.025112 11.054192 32.158966 32.129887 पान
104.97092 182.28284 182.27936 104.96744 103.96361 103.972015 135.99313 135.98473 पास
549.10046 595.1681 595.09973 549.0321 35.043823 35.17437 59.29886 59.168312 तब
313.72406 374.89935 374.89325 313.71796 44.581947 44.598976 66.60842 66.59139 लगती
313.7188 345.81482 345.81616 313.72015 77.19519 77.19275 95.198074 95.200516 वह
313.72018 340.80417 340.8008 313.71683 95.800674 95.80481 117.80936 117.80522 भी
355.29385 412.44455 412.44223 355.29153 102.81024 102.819 117.82034 117.811584 अटक
