281.99316 336.0641 330.48773 276.4168 357.18686 369.18204 394.31863 382.32346 कहा
443.30597 595.33496 595.3138 443.28482 94.49765 94.55267 153.01407 152.95905 एक
25.161644 82.37376 82.376976 25.164864 5.779922 5.7739906 36.818283 36.824215 इस
25.60897 97.7174 97.719154 25.610725 66.62931 66.62495 95.594765 95.59913 काम
15.827255 74.91673 74.85181 15.762329 419.43338 419.58212 445.37778 445.22903 करने
4.1017113 54.24235 58.747005 8.606365 322.12238 311.93262 334.09863 344.2884 खाकर
8.279678 50.89405 48.950233 6.3358607 101.99903 105.82429 127.47892 123.65366 कर
418.99612 525.1405 525.1461 419.00174 10.950758 10.940147 66.99486 67.00547 कहते
75.55831 121.365425 121.29685 75.48974 418.69208 418.80164 447.4677 447.35815 और
520.72925 595.3142 595.3185 520.7335 154.34569 154.33894 201.89098 201.89772 पर
53.061874 103.138596 100.442795 50.366074 116.40999 120.915054 150.8806 146.37553 सूख
330.9714 411.04196 411.04483 330.97427 4.9463773 4.94014 41.997684 42.00392 केवल
