461.99646 521.0962 521.0985 461.99878 24.972723 24.96891 60.999214 61.00303 सुख
13.986408 56.67232 54.06648 11.380565 120.16785 124.01398 152.93463 149.0885 वह
30.73616 101.21199 101.12932 30.653488 412.56412 412.73703 446.43167 446.25876 समूह
6.700383 36.293995 45.738735 16.145123 310.5893 303.09106 340.36707 347.8653 ओर
46.884457 119.1389 119.14317 46.88873 18.000034 17.993176 63.02244 63.0293 उस
59.47969 107.49872 104.52521 56.506184 114.90819 119.22624 152.2932 147.97514 उसे
3.8399162 34.942314 34.88959 3.7871945 402.52945 402.66733 414.56235 414.42447 गया
42.607407 70.601395 74.61679 46.622803 325.2585 319.5682 339.32224 345.01254 सब
316.62808 380.67422 380.6747 316.62857 11.161404 11.160023 35.193478 35.19486 आग
403.3789 459.4391 459.44147 403.3813 11.152744 11.147152 35.18601 35.1916 लग
282.23422 332.23587 326.41843 276.41678 357.13153 368.6781 393.87 382.32343 आप
