27.426575 100.36241 126.79573 53.85989 140.95366 103.86104 155.8373 192.92992 और
438.01538 522.50146 557.00836 472.52228 100.92826 55.972046 120.82072 165.77693 ढंग
11.618645 53.651222 57.25196 15.219383 284.79504 277.62817 298.74585 305.91272 गम
70.166855 133.40685 137.01433 73.77434 274.77136 263.9884 285.1457 295.92865 गलत
468.58325 520.5666 520.5491 468.56573 6.8493786 6.8966694 26.163446 26.116156 आए
46.803772 135.5729 135.59448 46.825348 7.762871 7.7114067 44.92488 44.976345 तक
194.72168 263.42966 288.15585 219.44788 65.37133 30.425697 79.04087 113.9865 रहा
439.47702 479.23886 479.22226 439.46042 29.134068 29.17017 47.448673 47.41257 कहा
491.9452 522.567 522.5506 491.92874 29.181713 29.20924 47.48762 47.460094 वह
535.1634 580.5373 593.7692 548.3953 75.45616 51.323273 76.201584 100.33447 कुछ
352.4383 396.2895 396.26526 352.41406 6.7425385 6.782875 33.155624 33.115288 और
