8.307922 165.5809 165.70012 8.427139 21.2063 21.002777 113.12401 113.32753 पहली
518.2517 577.80835 577.8136 518.25696 60.923264 60.91265 90.69214 90.70275 भरा
512.1193 583.7725 583.7834 512.1302 114.90899 114.88689 150.25107 150.27318 हुआ
519.2919 589.09045 589.09973 519.30115 165.16283 165.13976 193.06233 193.0854 थाल
287.3809 339.66574 347.84885 295.564 73.027435 46.694687 62.942596 89.275345 हाथ
73.60905 104.925865 102.98196 71.66514 235.9357 238.91617 259.34152 256.36105 यह
168.46896 251.59198 251.6518 168.52878 7.847956 7.760193 64.39989 64.48765 माई
300.2706 347.0364 350.8469 304.0811 202.21307 193.13815 212.77475 221.84967 कर
15.041363 85.01219 85.08754 15.116711 126.44114 126.25455 154.50995 154.69653 उनके
15.071865 94.10623 94.188324 15.153957 160.7471 160.49948 186.69998 186.9476 जीवन
