181.16356 230.14 233.12044 184.144 112.272285 106.76572 133.27432 138.7809 लोग
476.76282 543.47754 543.43933 476.72464 8.52087 8.575264 55.3714 55.317005 और
473.3803 586.8593 586.8311 473.3521 74.23063 74.302055 119.098564 119.02714 दोपहर
292.839 310.46564 312.63525 295.0086 145.69218 144.24779 170.72444 172.16884 पर
424.3426 454.88086 453.8822 423.34393 353.4198 354.9809 374.51746 372.95636 वह
6.9999733 63.88487 63.870785 6.985891 36.65598 36.69425 57.62643 57.58816 समय
6.9709206 63.85344 63.84051 6.9579926 78.123825 78.15895 99.09206 99.05693 समय
83.35499 113.28545 113.27253 83.342064 78.171005 78.1895 99.11809 99.099594 पर
6.945717 46.867664 46.848694 6.9267473 109.622665 109.64377 145.5249 145.5038 कई
6.923664 47.835747 47.81363 6.901545 150.08832 150.11584 182.99823 182.9707 दफे
6.8782845 44.804264 44.797626 6.871647 202.50694 202.51704 227.42662 227.41652 इस
64.29654 115.17653 115.170425 64.290436 202.52225 202.5358 225.44687 225.43332 शहर
236.39186 263.9444 265.7787 238.22615 118.45122 115.35028 131.64835 134.74928 पर
