206.20024 249.39305 249.87877 206.68596 176.2423 174.90425 190.58345 191.9215 गया
88.10486 188.84595 188.82455 88.08347 12.192238 12.272278 39.184242 39.104202 सकता
89.16211 190.8974 190.87177 89.13647 57.045685 57.11458 94.986176 94.91728 अन्तिम
424.33548 472.57254 471.51804 423.28098 352.38373 354.8576 375.419 372.94513 आठ
190.66907 246.78055 249.98932 193.87784 105.0036 98.69798 127.25165 133.55727 हाथ
493.72656 582.31714 582.29224 493.7017 29.443432 29.510433 62.36433 62.29733 साल
476.5176 500.6378 500.00516 475.88498 355.05997 356.29465 368.6542 367.41953 वक्त
275.70352 369.37833 369.33908 275.66428 12.142876 12.218239 61.032722 60.95736 पहले
405.49814 462.27316 462.24734 405.47232 27.185799 27.229073 61.087166 61.04389 यह
424.8598 451.24774 445.15167 418.76373 143.75433 158.2272 169.34195 154.86908 कगार
