424.27216 442.56647 434.09412 415.7998 79.81184 95.56457 105.40385 89.651115 उस
9.653534 74.606995 74.479126 9.525661 61.579605 61.822998 95.94856 95.70517 छत
93.379425 142.27815 142.14671 93.247986 61.91694 62.10546 96.20016 96.011635 पर
9.48967 65.4385 65.2693 9.320476 110.15437 110.343124 160.4952 160.30644 गई
84.158295 143.03317 142.91588 84.04101 120.444214 120.64685 154.72672 154.52408 तब
304.68033 335.02005 335.02267 304.68295 23.387835 23.383797 43.244774 43.24881 एक
344.5134 382.1779 382.1805 344.51602 23.382002 23.376984 43.23848 43.2435 साथ
304.64716 334.98773 334.98846 304.6479 57.67427 57.67311 77.53606 77.53722 एक
344.47745 390.517 390.5175 344.47794 57.67055 57.66971 84.85411 84.85495 समूह
9.385773 67.37338 67.20978 9.222165 19.404137 19.634575 60.804413 60.573975 और
88.89226 189.65787 189.54622 88.78062 32.79622 33.196648 61.290565 60.890137 जरुरत
538.3339 587.54803 587.5516 538.33746 17.279762 17.273521 45.512566 45.518806 हुआ
541.7759 594.13367 594.13574 541.77795 58.070545 58.065712 81.080215 81.085045 नजर
12.809868 110.688515 110.488144 12.609496 235.68964 235.9256 319.0393 318.80334 पूछ
490.7791 532.6606 532.66144 490.77997 80.04048 80.039154 106.191605 106.19293 वह
