307.0 347.0 347.0 307.0 319.0 319.0 340.0 340.0 इस
429.6466 467.97308 459.69965 421.37317 182.17857 198.2148 217.9882 201.95198 वह
424.13928 497.40894 497.51654 424.2469 9.725001 9.564522 58.68437 58.84485 फिर
425.29282 529.53784 529.5731 425.3281 86.58693 86.47893 120.53819 120.646194 स्वस्थ
11.447418 175.01372 174.9308 11.364496 34.83992 34.979034 132.48697 132.34785 आपको
435.97968 533.404 530.1851 432.7608 243.44803 251.83475 289.22702 280.8403 इस
116.79097 196.18372 196.16258 116.769844 162.6553 162.68472 219.72949 219.70007 मधु
23.622322 58.17192 58.036987 23.487389 263.69012 263.83875 295.2022 295.0536 रहे
19.739643 50.046417 50.0155 19.708725 13.764954 13.806725 36.23887 36.197098 कोई
21.006878 59.122387 59.106846 20.991337 45.394062 45.442104 57.77532 57.727276 अन्तर
