386.2788 460.03406 461.3437 387.58844 439.2477 436.0978 466.7631 469.913 दक्षिण
387.76562 469.3813 470.54987 388.9342 489.7151 486.58887 517.09644 520.22266 अनुभव
105.620804 201.18826 200.77135 105.20388 4.5797997 5.4485207 51.31333 50.44461 करते
214.41116 267.60483 274.7843 221.59064 348.5402 332.0436 355.194 371.69058 पर
9.968985 47.788544 54.429848 16.610289 174.07108 161.76016 182.1625 194.47342 मन
22.79291 60.866783 70.34428 32.2704 217.43626 205.02794 234.10884 246.51717 चुप
248.30986 305.17712 307.43555 250.56828 110.61506 104.662964 126.24018 132.19228 वह
399.13385 461.76428 463.55505 400.92462 289.55765 286.0754 318.28378 321.76602 बहुत
399.9218 452.4527 453.60205 401.07117 338.54037 335.7977 357.81094 360.55362 कम
48.050278 170.0523 169.17116 47.169136 59.424614 61.75689 107.84992 105.51765 तिकड़म
380.67358 470.4978 473.276 383.45178 367.52106 363.34888 423.16138 427.33356 सिर
293.45044 326.0882 338.9519 306.31415 358.1974 335.98187 354.88055 377.09607 कोई
