561.73444 581.1158 593.62335 574.242 326.94284 320.66287 359.26395 365.5439 यह
16.298523 144.24854 144.26736 16.317347 10.869247 10.832108 75.687065 75.724205 अर्थात
186.99446 291.98163 291.9922 187.00502 33.76722 33.740776 75.65482 75.68127 अगर
15.190613 105.17832 105.19022 15.202515 95.07958 95.06108 152.94333 152.96182 सभी
339.1469 381.14325 381.1468 339.15045 16.563372 16.557644 42.503967 42.509693 वह
339.1522 389.14548 389.15305 339.15976 59.674873 59.66181 88.60432 88.61738 एक
408.44705 449.44717 449.45248 408.45236 51.672573 51.665924 84.59804 84.60469 की
468.74973 543.7573 543.76294 468.75534 59.64102 59.62471 85.57297 85.58928 जगह
563.0604 617.0714 617.08093 563.06995 59.621365 59.60228 86.54732 86.56641 दस
339.15546 400.15363 400.15704 339.15887 92.80917 92.80315 127.72864 127.734665 खर्च
106.5436 236.51266 236.52359 106.55453 80.09221 80.05983 123.968735 124.001114 समय
106.53201 265.50803 265.52182 106.54581 135.7773 135.743 199.61821 199.65251 नकली
