270.00378 313.14014 312.9818 269.84546 221.65665 221.87805 252.7214 252.5 इसी
30.310215 73.04767 73.047745 30.310291 207.48433 207.4842 234.15108 234.1512 पर
263.81668 342.88174 342.89584 263.83078 91.949936 91.92929 145.93573 145.95638 और
357.02194 398.98203 400.5956 358.63553 195.07227 191.93298 213.50009 216.63937 तरह
197.99634 264.17276 263.99332 197.8169 217.3045 217.64551 252.46994 252.12894 तरह
32.961456 258.60342 258.59213 32.950176 4.330925 4.384197 52.235367 52.182095 फटकार
32.731293 187.8562 187.84528 32.72037 66.359604 66.38455 134.35808 134.33313 बताई
310.99612 372.06143 371.9644 310.89908 233.80911 234.12259 253.0242 252.71072 उनका
556.36383 597.38007 596.7847 555.7685 342.3421 343.2605 369.8512 368.9328 सूख
212.15353 256.85135 256.05417 211.35635 180.61208 181.93224 208.92232 207.60216 पर
350.31378 402.31757 402.31635 350.31256 56.641624 56.643593 89.558235 89.55627 और
348.3761 421.377 421.38397 348.38306 108.13174 108.11536 139.11227 139.12865 उसके
