62.82811 235.60948 235.60014 62.818768 7.9299164 7.957367 66.791336 66.763885 समझेगा
268.88382 336.80893 336.80136 268.87625 20.961578 20.97416 61.82213 61.809547 यह
62.678246 224.7362 224.74518 62.687218 80.54964 80.520584 130.54701 130.57607 सोचकर
258.08606 374.04285 374.05182 258.09503 80.56636 80.54555 130.52019 130.541 विनय
221.00006 264.11792 263.99524 220.87737 222.39949 222.62099 246.50139 246.27989 हाय
161.76581 206.42688 205.76938 161.1083 175.6023 176.9198 199.20813 197.89062 उठ
326.54202 379.53043 379.52963 326.54123 61.022644 61.02397 91.95285 91.95152 रहा
272.0043 312.0845 311.9924 271.9122 220.67174 220.87779 238.78908 238.58302 बना
243.90979 293.3402 292.46564 243.0352 180.37521 181.84903 211.18204 209.70822 लिए
544.2965 593.16235 592.6123 543.74646 340.94745 342.04944 366.43787 365.33588 उससे
