367.2522 417.8697 419.36 368.7425 189.60579 186.74135 213.0761 215.94054 कर
82.55187 121.61709 121.62908 82.563866 301.73105 301.70554 320.06448 320.09 कह
83.073975 121.03015 121.05348 83.097305 331.48026 331.4385 352.65237 352.69412 गये
293.87067 443.10437 443.07397 293.84027 4.1423416 4.18499 110.49095 110.4483 वह
50.95424 96.1841 93.83183 48.60198 176.53444 180.28227 208.66997 204.92213 उन
482.2036 532.3947 531.48334 481.29224 167.59367 169.53178 193.13322 191.19511 कम
550.28204 594.5053 593.5645 549.34125 170.25412 171.94833 196.50446 194.81024 उम्र
473.46637 573.6386 573.61176 473.4395 9.24958 9.308525 54.952354 54.89341 हाथ
473.38522 561.61926 561.624 473.38998 96.53199 96.52217 139.11633 139.12616 कट
33.66176 96.763374 94.7498 31.648186 116.01085 121.26311 145.45457 140.20232 अगर
120.59694 181.53442 179.52196 118.58448 123.2469 128.31902 152.49718 147.42506 रत्ना
434.73233 476.11478 475.08823 433.70578 159.44397 161.04318 187.60712 186.0079 जिस
433.12958 457.75946 457.00555 432.37567 201.7483 202.69225 222.3639 221.41997 पर
61.174484 122.31639 122.34567 61.203766 357.92227 357.83377 378.05472 378.14322 लगा
278.0521 336.7784 336.7958 278.0695 96.55373 96.525955 133.24954 133.27731 कर
29.857773 66.68323 64.67523 27.849775 150.43173 153.48883 177.67706 174.61996 यह
469.2414 519.43225 518.1155 467.92462 195.2602 197.18066 231.59515 229.67468 और
