30.810675 88.20653 88.22551 30.829657 365.9212 365.8847 395.71436 395.75085 पहले
281.3407 330.6942 334.60742 285.2539 317.34656 309.6964 334.94177 342.59192 गम
553.1956 589.0789 586.64813 550.76483 49.1463 52.656425 77.506096 73.99597 कर
549.87177 586.44696 583.72186 547.14667 95.83566 99.312 127.98334 124.507 रहा
9.201683 50.10708 47.874153 6.9687595 42.67787 46.867905 68.66693 64.4769 बात
363.51193 435.58157 435.37772 363.30807 9.827858 10.091454 65.82362 65.56003 ऐसा
506.75366 552.704 549.5365 503.58618 34.107834 38.6101 70.93713 66.43487 कर
67.44758 109.23298 107.4403 65.6549 44.043533 48.335655 65.78807 61.49595 सतीश
114.38835 149.15141 147.36003 112.59697 47.78689 51.35891 68.79262 65.2206 उनसे
67.727615 112.19458 110.87137 66.4044 70.26268 74.79959 87.76854 83.23163 सटकर
96.36508 142.65976 139.70758 93.41291 123.44891 128.07343 157.62671 153.0022 नए
