67.0943 106.75781 106.81258 67.14906 413.19696 413.10602 436.99475 437.0857 मेल
2.9214783 169.10728 179.93044 13.744629 231.7539 211.27057 299.08105 319.5644 आरम्भ
350.73007 467.3434 468.06265 351.4493 102.89304 101.999054 195.81595 196.70993 इस
500.88345 588.0581 588.6001 501.42545 102.34025 101.73056 179.22214 179.83182 पर
106.30318 148.288 148.32793 106.34311 412.11377 412.0149 428.96906 429.06793 वक्त
14.348555 56.917007 59.873596 17.305143 27.972694 23.424728 51.09806 55.646027 रहने
71.10441 100.74113 102.683784 73.047066 30.535702 27.348507 45.412685 48.59988 पर
17.392515 74.80259 76.92049 19.510412 67.277855 60.959618 80.20368 86.52192 आहट
15.338459 50.588985 52.662914 17.412388 98.7251 94.75632 113.176865 117.145645 तब
64.94613 152.45264 155.36865 67.86213 85.34247 75.54591 101.59271 111.38927 कमलिनी
0.4007759 67.0112 71.86711 5.256687 131.91945 124.24986 166.42357 174.09315 बढ़
1.3319778 83.198074 87.13191 5.2658157 191.58788 181.76518 214.55125 224.37395 गया
459.81943 576.17175 576.45764 460.10532 13.601912 13.20195 96.37198 96.77194 उसका
538.41125 597.0248 599.0303 540.41675 271.9207 268.26462 300.4155 304.07156 कहा
