263.13174 349.05826 346.8232 260.8967 203.366 213.84 232.17563 221.70163 तब
274.49268 357.1067 354.93884 272.32483 242.34375 250.95502 271.753 263.14172 वह
222.07942 259.3056 264.33417 227.10799 349.9791 338.47147 354.73843 366.24606 उसे
408.55325 465.36954 466.89407 410.0778 420.25223 417.75626 452.46 454.95596 दिन
411.09943 467.62152 468.99188 412.4698 468.73926 466.49506 501.00806 503.25226 और
4.9989815 52.675755 62.818134 15.141361 177.58794 162.06761 193.22392 208.74425 देख
19.80889 55.8387 66.37829 30.348478 226.98166 215.237 247.56998 259.31464 रहे
91.90735 232.1177 231.3623 91.15195 6.205925 7.9220963 69.63867 67.9225 भीतर
291.0407 327.91278 340.81287 303.9408 361.21628 336.09164 355.0234 380.14804 पर
396.88354 474.70758 477.1612 399.33716 280.70737 276.4022 320.75534 325.06052 सब
