299.06845 361.59665 365.0826 302.5544 35.5446 31.178604 81.10361 85.469604 बहुत
399.2112 502.4224 495.52243 392.31125 285.52487 305.55997 341.10538 321.07028 हलाल
-2.592846 78.83678 86.51817 5.088543 57.63653 36.96499 67.22363 87.89517 उतर
100.7513 189.33711 197.39323 108.80742 30.885132 8.410324 40.163986 62.638794 आए
219.73964 257.73352 259.58594 221.59206 42.505833 39.779366 65.59314 68.3196 सहन
271.0081 296.29868 297.96597 272.67538 38.82678 37.011913 60.246487 62.06135 कर
412.4844 467.3527 462.71072 407.84244 248.76312 259.7439 282.93866 271.9579 जला
25.131226 66.017265 64.74749 23.861448 419.39365 422.00058 441.9155 439.30856 बाघ
18.711422 139.44835 149.5123 28.775372 246.45914 219.41159 264.3358 291.38333 मगर
499.02808 549.1234 545.2339 495.13852 227.34955 237.6268 256.586 246.30875 चन्दर
500.53705 549.6349 544.5981 495.50024 258.78195 268.6401 293.7255 283.86734 अपने
33.022797 59.130135 58.03244 31.925102 385.3347 387.18222 402.69388 400.84634 पर
-8.658741 99.22534 112.35211 4.468029 131.45818 105.58409 160.31721 186.1913 कभी
