54.37885 149.51141 189.55466 94.42209 117.547775 92.18729 242.39803 267.7585 लिए
4.639393 61.84973 43.401756 -13.808581 174.16325 219.11241 242.5926 197.64345 हम
396.88965 434.393 449.1388 411.63544 265.25806 225.89886 239.94937 279.30856 और
19.823883 85.24056 73.68632 8.269635 315.38232 332.19067 377.1588 360.35046 कुछ
540.39874 595.4716 595.72076 540.6479 364.39368 363.67468 382.75433 383.47333 धड़कन
11.01904 38.632473 54.371586 26.758152 13.688255 5.2952805 57.077988 65.47096 तीन
33.150276 76.697205 77.05146 33.50453 83.53791 83.034325 113.668236 114.17182 बरस
78.870895 105.692 116.38631 89.5652 83.15443 75.54063 113.21339 120.82719 तक
118.685 181.81625 182.16736 119.0361 82.820496 82.090454 112.4527 113.18274 लगातार
182.58311 215.9706 227.26176 193.87428 71.54673 63.726295 111.93122 119.751656 उनके
13.580513 27.509796 27.281437 13.352153 225.09671 225.19241 258.43338 258.33768 रहे
11.07029 45.838497 40.677715 5.9095087 280.66687 289.8053 309.44012 300.3017 पर
375.5538 402.0817 384.76395 358.23605 84.50731 126.611404 137.52254 95.41844 मर
395.95468 423.9808 433.92642 405.9003 244.09146 214.4278 223.8244 253.48807 इंजन
