91.80336 113.87094 121.09912 99.03154 129.74768 119.576645 135.25928 145.43031 पर
299.51752 370.86804 369.37463 298.0241 292.31195 296.5746 321.57245 317.3098 डाउन
80.77251 130.79486 136.10078 86.07843 239.7165 228.96774 253.66026 264.40903 पर
64.14374 160.52737 160.5017 64.11805 10.126995 10.203625 42.50782 42.43119 सुनकर
179.25491 220.6372 220.61017 179.22787 9.337849 9.380615 35.529675 35.486908 थर
209.85753 266.58423 270.36084 213.63417 248.14217 236.33295 254.47438 266.2836 अरहर
397.99762 481.13007 481.1194 397.98694 6.9785233 6.9930725 68.003944 67.989395 लिए
10.907612 60.912357 60.904675 10.899929 33.493103 33.51039 55.744324 55.727036 भरा
10.081184 71.19336 71.23578 10.123604 79.75993 79.671326 108.92653 109.01514 हुआ
11.482683 69.446106 69.50943 11.546007 123.930534 123.77208 146.93796 147.09642 थाल
