3.2385712 74.50391 75.96566 4.700325 169.04308 166.43245 206.33583 208.94646 पर
296.8723 396.54816 395.0595 295.38367 155.56314 158.55203 208.19669 205.2078 तक
108.04518 174.10176 174.79008 108.733505 187.34691 184.91878 203.6443 206.07243 आने
211.58517 380.92224 380.85233 211.51526 5.3248367 5.528206 63.742058 63.53869 लौट
242.06287 279.5307 278.581 241.11314 171.38983 172.54227 203.41876 202.26633 इसे
7.1762924 46.770054 47.637024 8.0432625 210.75525 209.18027 230.97534 232.55032 इस
372.14307 458.68768 458.6538 372.1092 6.1037216 6.2195854 31.536629 31.420765 एक
468.84277 562.73914 562.7095 468.81314 6.233177 6.358883 28.481445 28.35574 बात
234.99329 317.75824 317.222 234.45703 130.0957 132.491 151.01996 148.62466 सरकार
335.15063 369.4391 368.9016 334.61316 132.99432 133.98666 152.55786 151.56552 पर
