181.51242 220.33978 223.08524 184.25787 63.738697 59.34829 83.62814 88.01855 हरम
228.164 251.46994 260.9906 237.68466 48.113045 42.147438 79.34197 85.30758 की
333.59164 421.07858 410.79263 323.3057 32.958366 49.169907 104.67902 88.46748 इस
40.045513 67.75218 46.34701 18.640347 10.469131 23.172771 69.85747 57.153828 सुन
261.1275 318.55438 322.73834 265.31146 52.0024 45.473526 82.27496 88.80383 पतली
339.68637 442.07285 441.94357 339.5571 342.02835 342.31668 388.21933 387.931 उस
447.26218 511.9266 511.96707 447.30264 181.99696 181.90416 210.10088 210.19368 उसने
92.86077 130.35522 145.11557 107.62112 61.53968 50.59954 101.18676 112.1269 और
214.78914 247.06566 255.81279 223.53627 162.84184 148.82442 168.96559 182.98302 कर
403.22678 431.61868 428.71127 400.31937 85.042 90.308266 105.98278 100.716515 हम
23.688461 69.23453 68.454796 22.90873 277.01962 278.83987 298.35 296.52975 गीत
10.650581 53.49787 52.855026 10.007736 308.4378 310.34644 324.77777 322.86914 गाए
