366.1214 402.27887 397.4588 361.30133 47.39129 54.164314 79.89596 73.12293 पर
486.88272 565.32434 565.39014 486.94852 160.6917 160.5898 211.25374 211.35564 रही
213.00935 246.54457 256.27448 222.73924 160.92511 146.36105 168.76508 183.32913 वह
180.09184 290.1994 296.0218 185.91426 42.67144 30.179268 81.49883 93.991005 करना
260.81488 315.25708 315.03375 260.59155 354.4188 354.97214 376.94333 376.38998 दफा
455.78192 504.0337 500.8249 452.57312 77.59256 83.46651 109.82555 103.9516 और
101.00957 180.81853 186.37276 106.5638 55.358852 46.297913 95.219666 104.28061 चितवन
252.9396 297.0952 296.9554 252.79982 339.46152 339.94095 352.81436 352.33493 बदलता
339.68735 372.36996 368.90286 336.22025 72.75448 78.80886 97.5248 91.47042 तब
384.36722 437.0126 433.55948 380.9141 81.109116 90.86156 109.50227 99.74983 करुण
463.26242 506.10336 503.9777 461.13675 57.98574 63.110985 80.878944 75.7537 भर
283.2616 312.83142 321.43396 291.86414 50.833073 43.786522 79.88577 86.93232 गयी
