351.76556 400.2525 396.19586 347.70892 57.002304 66.049225 87.79085 78.74393 आठ
454.32962 519.47864 519.505 454.35593 185.61815 185.55995 214.98128 215.03947 कर
155.05919 225.68556 225.65538 155.029 364.55798 364.62854 394.8322 394.76166 उठा
350.2531 408.3341 408.21228 350.1313 341.07898 341.35614 366.8844 366.60724 चल
253.80331 317.36862 317.0568 253.49149 350.36963 351.00964 381.9795 381.33948 तक
102.36377 143.06392 146.55412 105.85397 82.75216 78.10897 108.70249 113.34568 कहा
2.6942215 64.22124 63.904953 2.377934 21.545723 22.078476 58.606216 58.073463 गया
454.7669 515.6985 515.81305 454.88147 157.49345 157.22389 183.11632 183.38588 अपनी
154.03566 176.67873 189.93846 167.2954 51.079155 44.787666 92.50947 98.80096 के
199.50067 259.27576 262.7457 202.97061 60.430122 53.65217 84.25381 91.03176 समय
272.82523 311.3903 314.84457 276.2795 52.255676 47.882736 78.34624 82.71918 जब
172.05226 243.0306 242.90623 171.9279 338.1091 338.46732 363.10757 362.74936 वह
131.52895 150.62337 158.7834 139.68898 54.622227 49.165558 77.71976 83.17642 बढ़
