9.921715 63.173058 61.263268 8.011923 265.68976 271.12885 289.82672 284.38763 यह
78.2018 139.08267 137.12627 76.2454 272.66385 278.88223 298.0363 291.8179 कह
513.0848 524.724 509.92883 498.28958 123.870926 130.72954 155.83733 148.97871 भर
221.3747 351.4159 359.85822 229.81702 115.46228 87.92816 127.80054 155.33466 यह
19.474728 58.160686 58.318806 19.632847 8.823866 8.605724 36.646667 36.86481 कर्म
73.56577 122.18427 122.34185 73.72335 8.613503 8.339363 36.28566 36.5598 करने
485.21356 502.18878 502.21143 485.2362 147.1071 147.0642 156.02419 156.0671 दान
67.48102 172.50238 171.4932 66.47183 317.33395 319.60916 366.19254 363.91733 दरबार
107.31232 154.37177 152.84293 105.783485 228.29875 232.39653 249.95381 245.85603 और
165.51762 211.31725 210.27473 164.47511 239.51044 243.58643 255.3006 251.22461 उस
401.23035 479.97583 479.25488 400.5094 330.2144 331.9695 364.31448 362.55936 तशरीफ़
124.365295 174.30307 174.42361 124.48584 6.80454 6.615383 38.44205 38.631207 आए
