446.97202 483.99136 483.39548 446.37613 105.82019 107.07761 124.62189 123.36447 अपनी
70.90127 126.29708 126.79121 71.39539 30.697773 29.860626 62.55769 63.394836 बाद
318.37582 365.72433 365.7288 318.38028 29.048313 29.03989 54.017773 54.026196 कर
350.31262 396.11188 398.92633 353.12708 174.058 167.92561 188.94518 195.07756 गई
323.36768 358.7987 358.78998 323.35895 76.281456 76.295235 98.68006 98.66628 घर
141.14609 232.04388 232.56754 141.66974 16.749401 15.340748 49.13146 50.54011 इनका
437.0802 477.3661 477.3709 437.08502 29.443155 29.435673 55.395584 55.403065 पर
501.83926 550.2191 550.2279 501.84805 19.46119 19.450844 60.37185 60.382195 ऐसे
30.63145 69.39461 69.71278 30.949627 24.390018 23.796192 44.565685 45.15951 कुछ
246.05501 313.52924 313.53436 246.06013 34.04821 34.034317 59.02343 59.037323 समय
321.8074 342.9172 344.53134 323.42154 170.81682 167.1946 176.60164 180.22386 वह
75.650185 108.08332 108.94051 76.50738 168.10092 166.67896 186.23032 187.65228 भर
