2.8661995 74.6886 74.75705 2.9346504 14.013267 13.811089 38.128685 38.330864 आरती॥
84.6382 135.64209 135.693 84.6891 20.015999 19.872429 37.95716 38.10073 चरण
462.18878 528.1862 534.0769 468.07947 14.275896 3.0895958 37.843582 49.02988 हर
495.52972 523.65576 521.3693 493.2433 110.65581 112.51543 147.09645 145.23683 पर
492.5287 534.29895 530.99115 489.22092 156.04514 158.80688 208.8356 206.07385 ऐसा
168.93536 308.22235 308.0833 168.79633 25.418556 26.07949 55.382835 54.7219 शायद
291.0223 394.53293 394.4083 290.89767 27.638763 28.158813 52.969505 52.449455 जब
6.514385 49.45783 49.778545 6.835102 83.33219 82.899895 114.75913 115.19143 वर्ष
92.72502 154.65034 155.35103 93.425705 130.51186 128.76216 153.56117 155.31087 रात
102.3398 162.89745 163.15385 102.59621 41.85274 41.442276 79.27109 79.68156 वह
492.5713 529.2189 526.1869 489.53934 213.01581 215.47122 260.72366 258.26825 यह
