170.34343 191.38084 191.38142 170.34401 4.417582 4.4168377 20.71423 20.714973 लग
174.10332 196.67982 196.69887 174.12236 30.440033 30.41338 46.536728 46.56338 गया
47.28424 102.5036 87.3468 32.12744 178.50716 204.47813 236.70445 210.73347 इस
479.7966 555.2378 563.10486 487.66367 42.953724 24.035095 55.406338 74.32497 रखते
226.80302 262.83002 262.87335 226.84636 28.135979 28.078995 55.481194 55.538177 सुधर
528.00507 591.66693 592.4399 528.778 180.7776 178.88377 204.86562 206.75945 ऐसा
348.1581 417.59793 424.59177 355.15195 74.948654 57.524124 85.395905 102.820435 जान
190.39107 212.14293 212.14589 190.39403 5.39215 5.3886185 23.573017 23.57655 घट
220.25905 243.21391 243.21886 220.26399 5.4113755 5.4057064 25.469841 25.47551 रहा
433.83337 474.51123 480.1723 439.49445 112.70759 95.81689 109.45042 126.34112 उन
