500.23096 533.8812 533.8733 500.22302 49.741615 49.751564 76.593285 76.583336 आज
296.5173 332.89804 331.6602 295.27945 70.22683 71.12878 121.059456 120.15751 रही
294.10797 356.80383 356.7268 294.03094 140.71065 140.8726 170.6776 170.51564 उसका
367.60538 429.97684 429.88235 367.5109 140.83763 141.00374 176.47603 176.30992 साहस
292.68518 332.85968 332.73846 292.56396 194.39003 194.528 229.82689 229.68892 हाथ
447.85614 501.74487 499.05054 445.1618 10.389786 12.923035 70.23859 67.70534 घाव
401.97174 481.81665 481.62982 401.7849 182.20163 182.48196 235.69217 235.41183 बनाए
495.63367 579.12744 578.97925 495.48547 182.46744 182.74939 226.63626 226.35431 रखना
395.87524 464.30768 464.02112 395.58868 265.11533 265.4435 325.19064 324.86246 बहुत
394.2397 516.7269 516.504 394.01675 342.7368 343.42532 383.0839 382.39536 आवश्यक
537.14185 559.4031 550.33325 528.072 318.5541 321.4185 391.90744 389.04306 है
189.6753 292.60486 292.57114 189.64156 13.442818 13.476372 116.93481 116.90125 कर
