11.617256 176.37204 176.5148 11.760017 66.20751 65.97783 168.37479 168.60448 बङा
28.35785 380.0118 380.01202 28.358063 244.45221 244.45166 384.76373 384.76428 आन्दोलन
438.49133 556.50946 556.4138 438.3957 291.24924 291.37473 381.322 381.1965 बन
175.15613 245.68384 245.73929 175.21158 104.88612 104.80922 155.65092 155.72783 यह
277.99213 360.89948 360.93512 278.02777 104.74045 104.68359 156.61508 156.67194 एक
391.7704 490.94867 490.984 391.80573 104.61059 104.54175 155.48068 155.54953 तरह
520.18884 590.94116 590.9756 520.22327 104.48354 104.43269 152.2695 152.32036 का
178.49678 357.90344 357.9406 178.53395 174.36658 174.26819 242.07257 242.17096 आंदोलन
387.66718 463.0252 463.02753 387.6695 192.74487 192.741 238.09705 238.10092 बन
81.37221 174.1874 174.2324 81.41722 180.59232 180.5459 270.5437 270.59012 यही
