111.53346 212.80865 210.88417 109.60897 62.263138 64.98338 136.63242 133.91217 जल
135.3669 210.03966 227.39818 152.72542 198.70633 186.43411 292.0555 304.32773 भुन
163.0042 236.81145 236.49086 162.68361 330.0084 330.39816 391.1082 390.7184 कर
541.3899 570.99536 589.39526 559.7898 19.552322 8.553467 58.08027 69.079124 हुए
356.23215 409.3981 398.27158 345.10562 111.801254 142.19844 161.65926 131.26207 तुम
358.1974 428.28326 418.45276 348.36688 137.89183 177.39989 194.83888 155.33083 जाओ
433.7507 485.01242 475.41946 424.15775 180.48193 209.37866 226.39621 197.49948 और
238.57303 368.37003 367.2239 237.42691 220.96649 222.27557 335.9156 334.6065 कहा
361.71783 413.28015 412.33533 360.773 9.272984 11.512207 33.26849 31.029266 कर
480.0738 618.3131 583.51605 445.27673 154.9776 235.29355 295.18607 214.87012 और
15.885651 102.813965 102.23161 15.303303 268.00723 268.96902 321.60123 320.63943 बदतमीज़
35.536797 89.11272 88.8814 35.305485 344.3405 344.6471 385.07153 384.76495 युवक
50.779495 112.006454 111.956314 50.72936 403.5495 403.65515 432.71704 432.6114 कहकर
113.24657 173.78539 173.71461 113.1758 391.67792 391.78235 432.82355 432.71912 उसकी
179.07713 232.04967 232.00008 179.02754 404.08292 404.1743 432.92404 432.83267 अवज्ञा
238.62398 265.14764 270.22058 243.69691 404.33044 400.22394 432.98993 437.09644 कर
433.0302 476.1844 468.21167 425.0575 155.70988 180.38289 194.3275 169.6545 और
