378.57483 518.92566 494.56207 354.21124 110.7704 191.6422 233.92455 153.05275 आती
537.86237 566.63226 584.07855 555.30865 18.16211 7.443016 54.26851 64.9876 दूध
266.94342 319.99554 319.37402 266.3219 239.41385 240.1882 282.76987 281.9955 स्पष्ट
504.70264 551.49915 545.05164 498.25513 181.95189 208.9402 220.1198 193.13148 गया
505.0191 556.05743 549.7535 498.71515 211.1737 240.10788 251.22769 222.29352 आज
507.08807 586.0742 578.21234 499.22623 240.97122 284.98535 299.09396 255.07982 इजलास
420.925 466.73425 465.7619 419.95264 15.660923 17.339668 43.873386 42.19464 पर
73.15189 125.20846 124.23934 72.18278 112.67493 113.99463 152.22214 150.90244 राम
82.32243 152.89514 151.84473 81.27202 157.80765 159.25351 210.52484 209.07898 करते
151.18369 194.62988 204.642 161.1958 159.51492 152.19348 211.60657 218.92801 और
97.9639 185.77628 185.23935 97.42698 229.91452 231.31363 265.01248 263.61337 सम्मान
111.08031 161.55316 161.1613 110.68845 282.4224 283.00302 317.0662 316.48557 भाव
290.46878 330.2892 323.09073 283.2703 76.854065 99.58778 112.19672 89.463 ओर
200.22415 305.5911 304.02774 198.6608 156.9131 158.76466 247.73167 245.88011 कर
232.24747 372.70865 372.37973 231.91855 325.9753 326.5756 403.53696 402.93668 आया
