28.84434 81.89675 83.997185 30.944773 10.151539 5.4593925 29.208225 33.90037 सूरत
43.90856 112.4649 115.25436 46.69802 30.813677 24.368893 54.041756 60.486538 इसकी
68.78633 141.18596 142.90076 70.50113 64.93611 57.458084 74.060196 81.53822 भयानक
348.55457 383.30707 392.23987 357.48737 564.6825 540.8939 553.9437 577.7323 जब
1.9456444 68.50217 76.95998 10.403461 259.26093 241.25461 272.51715 290.52347 तक
320.6333 350.2846 347.72253 318.07123 500.1822 503.56158 526.04156 522.6622 पर
3.5447617 79.76981 83.32574 7.100685 69.955925 62.115578 96.686806 104.52715 तरफ
322.00763 337.8913 342.82574 326.94208 577.5875 566.66736 573.8446 584.7648 कर
330.06332 350.95114 355.86746 334.97964 589.73096 575.44995 582.6406 596.92163 सका
361.9002 394.04254 391.50507 359.36273 491.51404 495.1139 517.7703 514.1705 पड़
82.454094 135.21515 137.29694 84.53588 7.3606586 2.6679935 26.074198 30.766863 जमा
129.08829 166.09406 166.71918 129.71341 236.7115 235.86716 263.26514 264.1095 पर
