126.639496 175.29796 172.21753 123.55907 90.17965 99.40124 115.6554 106.433815 एक
160.13377 217.06032 220.77174 163.8452 34.11896 29.737877 77.963165 82.344246 धर्म
35.822662 99.30321 99.31033 35.82979 14.2001915 14.187206 49.054108 49.067093 करने
156.29657 191.2244 189.431 154.50317 116.640656 123.121635 132.78677 126.30579 ठन
202.78821 239.30652 238.09369 201.57538 293.48404 296.3541 311.78616 308.9161 जब
240.40378 294.35202 294.35373 240.40549 7.87055 7.8674545 37.26687 37.269966 चली
194.6344 247.06989 248.76202 196.32654 459.2624 454.04016 471.03058 476.2528 तब
124.26274 159.44487 160.80617 125.62404 41.328316 38.700356 56.924675 59.552635 रूप
4.452711 45.04946 45.07625 4.4795017 52.49321 52.44873 76.900635 76.945114 दिल
53.405388 80.10107 80.12353 53.42785 58.801605 58.768402 76.83043 76.86363 पर
