211.45114 266.1094 268.00568 213.34741 462.91855 457.51517 476.697 482.10037 जब
7.570656 91.18414 91.18982 7.576332 11.044119 11.033169 54.38877 54.399723 आयु
9.215019 57.219524 52.80701 4.802506 542.813 559.05896 572.0973 555.8513 रहो
9.050602 50.6597 47.597122 5.9880247 560.9937 574.6285 583.97455 570.3398 वह
8.392363 45.522606 45.53782 8.407579 41.677433 41.6461 59.6759 59.707233 विषय
7.39225 26.712383 26.731056 7.410923 68.21191 68.18368 80.9611 80.98933 पर
160.03104 218.57675 221.93723 163.39151 38.714233 34.20854 77.87346 82.37915 गले
79.284935 109.42605 95.77152 65.63041 534.1176 560.6043 576.14276 549.65607 बार
326.21515 342.6333 346.64087 330.22272 474.1123 471.8933 501.54456 503.76355 इसे
235.51038 311.69525 311.69647 235.5116 7.870831 7.866457 28.853779 28.858152 समझकर
13.179314 58.832382 54.83988 9.186813 525.7719 541.7177 553.1484 537.2026 इस
