386.5404 418.4276 394.46838 362.58118 51.829865 86.82393 108.65599 73.66193 पास
113.53361 155.64374 156.78976 114.679634 324.68094 322.3019 342.58737 344.9664 इस
48.133377 131.2426 131.22023 48.111008 10.385963 10.469231 32.790802 32.707535 रखता
408.50424 422.20615 408.16525 394.46335 80.837524 87.88216 115.191956 108.14732 दुम
250.53238 357.2721 356.233 249.4933 40.0412 41.19539 137.29001 136.13582 तलवार
132.816 172.92055 172.89754 132.79298 4.8461742 4.8836613 29.491098 29.453611 खुद
456.02518 496.05685 496.03256 456.0009 247.62125 247.68402 263.16953 263.10675 सका
250.85187 309.71765 309.1042 250.23839 127.38275 128.18878 172.99323 172.1872 धड़कने
244.89612 283.46606 283.0581 244.48817 192.74388 193.40858 217.07982 216.41512 लगा
13.015854 54.3628 54.32882 12.981873 37.089706 37.15326 59.26146 59.197906 हाथ
