131.47668 156.45816 170.05408 145.0726 506.8662 486.61505 503.38672 523.6379 अब
364.4067 434.04752 443.81235 374.17154 503.3098 486.44342 526.7621 543.6285 भाव
317.7814 382.85098 390.6276 325.558 422.0481 405.7016 436.65747 453.00397 समय
398.2898 437.69653 445.51056 406.10382 401.66486 391.76526 422.87 432.7696 पर
326.26685 365.7296 368.10144 328.63867 470.85837 469.2917 529.0349 530.6016 कई
328.89908 369.26163 371.3754 331.01285 537.16113 535.5587 588.8002 590.4026 दफे
384.8395 424.45126 431.54276 391.931 547.56323 538.1012 567.78894 577.251 वह
192.09296 212.63696 219.4765 198.9325 196.77791 186.80052 200.8835 210.86089 पर
296.88278 334.22018 336.6497 299.3123 262.29562 260.5616 312.87558 314.6096 फिर
290.0893 347.69135 359.76367 302.16162 329.26962 314.37735 361.07205 375.96432 कपड़े
353.08508 438.8167 450.18 364.44836 314.29636 292.11917 336.04678 358.22397 पहिनकर
