273.1157 352.26254 352.3762 273.22934 5.457308 5.2866096 57.992317 58.163013 लाई
377.2619 437.3999 437.51355 377.37555 5.2326965 5.102997 57.803722 57.933422 गई
272.00174 379.1218 379.21848 272.09842 63.53568 63.299004 107.05344 107.29011 केवल
85.91506 164.14279 164.6305 86.40278 151.49731 149.22986 166.0563 168.32376 यह
523.59 553.9588 555.2846 524.91583 113.0004 110.95099 130.59792 132.64732 बाल
3.8999214 99.03963 99.11566 3.9759636 36.47578 36.267967 71.08171 71.28952 आपके
479.16104 507.54782 509.02023 480.63345 118.19347 116.27829 138.10225 140.01743 एक
508.65237 558.7174 558.78186 508.71683 7.5343833 7.4262924 37.253483 37.361572 हुआ
513.0479 562.0905 562.1385 513.0959 43.317486 43.210014 65.08281 65.190285 थाल
565.5954 580.639 580.92267 565.8791 111.574005 111.34088 129.64983 129.88295 दिन
