364.0267 490.27206 478.83865 352.5933 142.60458 170.86954 221.93674 193.67178 मगर
78.995056 321.38806 321.33838 78.945366 300.96042 301.04617 441.58047 441.49472 उसका
520.37 559.07166 556.0299 517.32825 304.6272 308.79785 337.02435 332.8537 उठ
503.62976 597.2793 582.80566 489.15613 149.13997 170.10365 234.76054 213.79686 लोग
382.3993 443.92993 442.4123 380.88165 306.37225 307.74847 375.60223 374.226 एक
379.32895 436.72745 436.71957 379.32108 393.4768 393.48572 444.00842 443.9995 पल
308.19806 358.11682 352.8896 302.97083 135.96834 147.14052 170.49638 159.3242 बात
158.35889 184.64749 184.63794 158.34933 240.33109 240.34256 262.2774 262.26593 रहा
159.80537 186.76186 187.98915 161.03267 269.71692 268.62323 298.87305 299.96674 फिर
561.26074 587.2892 585.7671 559.73865 314.7701 317.57834 331.68637 328.87814 जब
