19.828476 137.30328 138.15674 20.68193 92.011635 90.243225 146.9383 148.70671 कमरे
290.15536 330.41367 330.30447 290.04617 105.08249 105.247604 131.86563 131.70052 पर
312.46973 364.28748 364.28833 312.47058 13.150143 13.149067 54.054394 54.05547 गये
160.2727 208.72003 209.0474 160.60007 101.01801 100.28565 121.94192 122.67428 कहा
224.20177 271.6283 271.9402 224.51366 100.04799 99.33093 119.9595 120.67656 मगर
101.797195 148.80603 147.9836 100.974754 241.61658 244.31505 258.64236 255.9439 स्वरूप
468.89877 544.7091 544.7101 468.89975 24.117254 24.115479 65.03182 65.0336 पहले
21.888657 63.242382 62.315475 20.96175 247.55588 249.90628 266.21445 263.86404 हाथ
16.531103 69.43111 69.431755 16.531752 4.1835794 4.1823883 33.104595 33.105785 एक
16.360664 120.12806 120.12873 16.361336 41.08776 41.08584 77.02308 77.025 मनोरमा
290.00232 324.12567 323.1269 289.00354 236.67493 240.3021 249.6984 246.07123 अब
