128.66806 197.17422 197.20248 128.69632 565.99445 565.9301 596.0351 596.0994 शहीद
410.69785 446.7228 457.84726 421.8223 497.0935 468.10376 481.92792 510.91766 पर
450.25092 596.00757 596.0119 450.25522 104.24625 104.23355 153.18787 153.20056 ऊपर
450.2945 572.10376 572.13007 450.3208 207.3826 207.31723 256.3097 256.37506 गया
450.32883 568.17993 568.2206 450.36954 309.5762 309.48563 362.4965 362.58707 दशा
82.31598 138.51863 138.55362 82.35097 16.679216 16.62172 50.81704 50.874535 इस
159.19647 286.72418 286.76483 159.23712 4.5207114 4.388546 43.62389 43.756054 अभियान
82.33653 126.4845 126.52118 82.373215 57.71154 57.67022 96.86883 96.91015 को
144.9657 240.29596 240.32224 144.99197 69.70819 69.619156 97.767426 97.85646 सफल
81.7105 116.86837 116.8881 81.73023 574.06946 574.03796 596.0973 596.1288 हर
406.77203 454.3568 471.73676 424.15198 533.7247 496.01422 517.945 555.65546 और
338.07507 446.01886 446.0067 338.06293 27.429619 27.453033 83.43769 83.414276 जाए
505.12653 595.9898 595.9738 505.11053 8.528053 8.546959 85.46762 85.448715 कई
234.95671 267.778 245.04625 212.22493 246.64264 301.2304 314.89807 260.3103 हर
3.6447449 154.98264 155.0732 3.7353058 141.57544 141.4466 247.8147 247.94354 उमर
4.7778473 169.99997 170.05988 4.8377533 264.95074 264.84888 362.01605 362.11792 नेटवर्क
