456.91153 526.3247 555.8716 486.4584 259.48294 242.39127 362.3876 379.47928 तुम
261.97537 459.9816 459.9979 261.99167 9.150707 9.120827 116.99724 117.027115 करते
27.005524 195.2395 198.5625 30.328522 278.36322 272.86908 374.62183 380.11597 औरत
195.42795 251.26596 295.42715 239.58914 279.48892 257.79453 371.45847 393.15286 को
16.551388 84.55075 84.55554 16.556187 16.176617 16.167786 53.119045 53.127876 उसी
103.82194 190.81049 190.81372 103.82517 28.148779 28.137482 53.10524 53.11654 समय
13.222263 73.22278 73.22574 13.225216 76.09935 76.09302 104.05998 104.066315 एक
94.69386 148.70741 148.7122 94.698654 64.1041 64.09858 111.04458 111.0501 दफे
364.90555 398.45285 415.20602 381.65872 219.67078 209.40979 264.18274 274.44373 आते
463.9594 517.96277 517.9649 463.96155 55.665825 55.66233 88.62722 88.630714 चीज़
463.9624 501.9671 501.969 463.9643 101.22136 101.21892 131.19188 131.19432 को
523.82184 585.83466 585.8399 523.8271 110.2163 110.20062 131.17361 131.1893 बदल
