28.0276 108.348114 108.39923 28.078716 15.687424 15.590328 57.87004 57.967136 कर
279.6514 370.61246 370.58414 279.62308 26.787933 26.837204 79.09645 79.04718 सबसे
145.44037 181.41663 183.87439 147.89813 118.090706 115.967606 157.61462 159.73772 छह
3.188015 27.05455 26.02923 2.162696 130.05223 131.296 150.97072 149.72694 यह
153.86478 198.90018 203.83417 158.79877 257.05344 248.73117 275.431 283.75327 बङा
557.0699 589.3642 589.3571 557.0628 47.027187 47.043583 61.106106 61.08971 तक
10.296474 27.733952 27.055515 9.618039 115.78841 116.73297 129.25752 128.31296 सब
197.81673 230.8997 234.76457 201.6816 254.9145 248.80093 269.71527 275.82883 लगा
8.675079 51.712303 52.550182 9.512959 188.15852 186.71025 211.60896 213.05724 रहे
377.6741 420.1064 420.0919 377.65958 5.7430477 5.767542 30.884386 30.859892 मर
