76.33208 182.66492 182.64235 76.30952 18.050362 18.11161 57.28591 57.224663 जीवन
76.47673 218.67523 218.6729 76.47439 79.702095 79.709984 121.810265 121.802376 बलिदान
229.40448 288.42352 288.40826 229.38924 35.849976 35.879868 65.96375 65.93386 तक
229.39563 317.32806 317.32098 229.38853 87.987 88.00188 130.02838 130.0135 रहती
376.2528 408.43903 413.71777 381.53156 50.094387 46.9086 100.24031 103.4261 उसे
549.35345 590.11884 597.1458 556.38043 198.42377 181.624 198.67532 215.4751 पर
462.73 485.6689 485.56033 462.62143 5.0970497 5.188858 32.310978 32.21917 ने
502.5028 578.28894 578.2693 502.4832 13.221401 13.292194 34.323406 34.252613 आकर
462.5061 541.27734 541.2637 462.49246 44.43528 44.488953 64.50489 64.45122 सलाम
462.37787 523.2374 523.2231 462.36356 67.65248 67.682526 96.679184 96.64914 करने
71.132324 159.9043 157.83545 69.06347 289.74078 297.38904 321.40173 313.75348 घबराहट
