340.0517 468.03302 468.00146 340.02014 15.407074 15.454193 101.0951 101.04798 पर
472.15552 514.264 493.74542 451.63696 327.48938 358.05914 386.3225 355.75275 वह
110.26872 144.59045 146.59752 112.275795 183.29623 179.75757 199.22433 202.763 एक
425.12054 533.5138 528.4558 420.06256 395.1905 415.69507 442.43304 421.92847 कदम
477.73517 533.7105 533.69916 477.72382 5.1031303 5.1230545 36.984764 36.96484 घर
477.71826 595.67883 595.66406 477.7035 63.452835 63.4899 110.29846 110.2614 चलिए
72.41482 126.50089 130.29083 76.204765 112.37669 106.70232 142.82678 148.50116 फेर
403.20596 433.15787 431.303 401.3511 415.87003 421.3124 431.52048 426.0781 उस
22.987793 139.03009 139.01447 22.972168 5.1322174 5.175606 47.002975 46.959587 इसलिए
164.01195 251.02547 251.0117 163.99818 5.184948 5.2174835 42.064526 42.03199 उसके
276.00793 319.01056 318.99957 275.99695 14.18858 14.204433 44.079136 44.063282 हर
185.08875 218.70215 220.74326 187.12985 134.48862 130.98007 150.53497 154.04352 एक
231.13821 291.37112 293.31522 233.0823 129.63924 123.350296 141.96986 148.2588 इनसान
573.8451 596.00195 584.9607 562.80383 365.34543 371.5212 411.1342 404.9584 और
437.95755 460.02762 458.36942 436.29935 386.46057 390.71033 399.32172 395.07196 इस
