402.8761 560.33093 560.39343 402.9386 25.510216 25.414162 127.900795 127.99685 उतरी
391.09393 434.28314 434.518 391.3288 368.4631 367.84598 384.2811 384.89822 पर
-4.0067673 64.07988 90.00154 21.914894 150.23895 92.441666 122.97803 180.77531 परिश्रम
292.65594 356.9879 357.03192 292.69995 378.02713 377.79782 390.1453 390.3746 बाद
200.75034 306.1534 306.1839 200.78082 31.780653 31.715347 80.91079 80.9761 कहा
11.823545 60.0531 77.00359 28.774038 241.7802 216.6539 249.19008 274.31638 एक
427.46152 472.68484 472.933 427.7097 365.52087 364.8452 381.45502 382.13068 भूल
0.06881428 25.41425 37.36537 12.019937 117.38388 95.83377 109.88968 131.43979 हजार
444.9345 492.98907 493.00354 444.94897 137.39981 137.36212 155.8259 155.86359 उधर
512.653 542.3232 542.34296 512.6728 130.1683 130.14539 155.78561 155.80853 की
561.9875 589.5889 589.6026 562.00116 138.33347 138.3118 155.74677 155.76843 हर
444.85745 493.94534 493.9601 444.87222 178.642 178.60037 196.04797 196.0896 साफ
68.84619 101.57242 115.05017 82.323944 113.61825 85.83766 101.714806 129.49539 आज
