297.8959 348.59702 348.52567 297.82455 191.34787 191.44153 230.07208 229.97842 रहे
144.10413 256.5442 248.08478 135.64471 63.64502 84.62526 129.96202 108.98178 जल्द
401.57373 484.30353 480.1648 397.435 56.680573 66.1978 102.17447 92.65724 अपने
506.57507 564.7512 564.7887 506.61255 4.5598927 4.4703465 28.849195 28.938742 लगा
257.31775 340.07135 340.09204 257.33844 7.357092 7.3176346 50.77495 50.814404 जब
294.02042 345.47104 340.8517 289.4011 92.55423 102.199066 126.84091 117.196075 उसे
140.35149 190.4518 190.46605 140.36574 15.417981 15.39484 46.279224 46.302364 कर
342.14084 364.5673 364.58078 342.15433 210.78853 210.75893 220.95915 220.98875 कर
415.58008 471.98425 469.6443 413.2401 42.504448 48.97091 69.38159 62.91513 लगा
459.292 493.1903 493.21564 459.31732 13.104327 13.061554 33.113285 33.15606 घर
197.50964 252.10712 252.12683 197.52936 5.0844674 5.059044 47.392467 47.417892 गये
