499.51328 592.6312 600.3202 507.20224 184.20605 170.97769 225.10248 238.33084 यह
350.4909 450.83344 450.3045 349.96198 297.40295 298.3402 354.9657 354.02844 जीभ
295.63895 335.98367 335.99905 295.65433 14.578586 14.561371 50.606243 50.62346 कई
295.92932 337.25244 337.24524 295.92212 55.200066 55.2091 88.207436 88.1984 दफे
358.4236 390.69418 390.68515 358.41458 66.22097 66.233665 89.24738 89.23469 वह
296.30487 334.55383 334.52753 296.27856 107.746 107.78633 132.74313 132.7028 इस
355.6688 407.00253 406.9783 355.64456 107.80855 107.86264 130.8501 130.796 शहर
268.12973 347.7642 347.43558 267.80112 308.44418 309.0602 351.5427 350.92667 और
387.17996 466.85483 466.8657 387.19083 23.963116 23.941036 63.056454 63.078533 कहा
505.48486 543.4862 545.67676 507.6754 163.51706 158.05313 173.28787 178.7518 जब
476.16644 533.84174 547.6351 489.95978 98.34297 81.38057 128.28053 145.24294 और
159.6904 195.82098 195.82397 159.69339 12.038948 12.033531 32.00952 32.01494 घर
