483.7442 592.94366 603.4195 494.22003 166.43266 150.91975 224.66222 240.17513 मानव
264.62967 370.6788 370.41055 264.36142 311.37427 312.15204 348.724 347.94623 समय
396.16565 453.48688 453.2234 395.90216 312.339 312.75946 348.67816 348.2577 पर
328.4197 394.83615 394.80692 328.39047 98.990875 99.05159 131.0326 130.97188 कर
539.5499 595.5028 599.4149 543.46204 153.01256 144.97829 172.22289 180.25716 प्रचंड
305.08963 370.88333 381.16727 315.37357 230.3316 217.62894 270.89465 283.59732 कह
375.0372 468.81216 468.83322 375.05826 9.932969 9.886093 52.029427 52.0763 घाट
492.21408 523.2787 526.4896 495.42508 219.58203 215.17096 237.784 242.19507 वह
394.85284 441.22546 441.01685 394.64423 291.0554 291.5319 311.8359 311.3594 तक
191.94807 222.06746 219.61491 189.49553 319.76245 324.22394 340.78107 336.31958 रहे
483.9703 525.2289 536.8418 495.58316 107.272804 95.13455 134.60724 146.74548 बंद
263.30182 355.72333 355.73718 263.31567 5.18434 5.1310825 29.180994 29.234251 लगभग
263.64163 311.89218 311.8809 263.63034 49.396286 49.42003 72.400345 72.3766 उस
