546.68066 588.147 588.161 546.6947 201.92657 201.89618 220.97784 221.00824 बच
554.87506 595.1729 595.5556 555.25775 158.69005 158.00874 180.64363 181.32494 वह
10.254044 70.48296 70.48581 10.256889 54.039253 54.034737 92.05573 92.06025 एक
12.71854 111.97038 111.97476 12.722919 111.062515 111.05327 158.0337 158.04295 औरत
146.42953 197.60287 197.60709 146.43375 113.051 113.046234 158.02573 158.03049 की
389.72513 428.8984 428.90115 389.72787 207.0182 207.01225 225.02187 225.02782 ऐसा
357.15237 412.79025 413.2217 357.58383 166.18768 165.25241 190.9187 191.85397 पास
498.5609 548.63354 548.63696 498.56433 6.7481103 6.7443733 52.79799 52.801727 गई
498.61935 552.6699 552.67285 498.62228 87.61989 87.615204 121.61432 121.619 इस
445.64963 504.42953 504.75888 445.97897 165.71533 164.72314 184.23596 185.22815 आज
212.55382 416.8954 416.9002 212.55864 35.005444 34.9887 94.02782 94.04456 लिपटकर
523.277 592.2733 591.8517 522.85535 294.6419 295.46002 331.01385 330.19574 वह
