195.98737 269.07166 267.54895 194.46465 164.63472 167.27864 209.37004 206.72612 करने
81.94406 120.70401 120.64406 81.88411 148.44862 148.54247 173.3 173.20616 पर
156.31007 337.59845 337.65247 156.36406 55.961548 55.825897 127.98389 128.11954 मगर
474.7016 498.22003 497.02472 473.5063 250.24765 252.1052 267.23898 265.38144 और
506.97687 542.29645 541.46893 506.14935 257.4823 260.27197 270.7494 267.95972 उनका
284.87222 344.6154 343.44974 283.70657 169.80621 171.96548 204.21664 202.05737 हवा
18.355495 53.325237 55.31412 20.34438 294.0817 289.882 306.44278 310.6425 यह
348.4793 439.8817 439.92932 348.52692 14.636443 14.533417 56.75379 56.85682 जल
349.10464 446.39163 446.4033 349.1163 106.954735 106.92772 149.00513 149.03215 गया
481.36978 567.7499 567.76135 481.38126 106.917984 106.894 148.01617 148.04016 अब
185.04106 226.61229 226.1162 184.54497 160.32068 161.82727 175.51553 174.00894 गया
238.45325 314.68146 318.89532 242.66711 286.84082 269.14062 287.28815 304.98834 गया
67.06227 119.21756 119.25282 67.097534 14.151559 14.092384 45.170525 45.2297 वह
145.69998 221.83548 221.86008 145.72458 14.06234 13.995651 42.074688 42.141376 आधा
