8.484306 57.092606 57.07601 8.467711 420.68265 420.72476 439.87735 439.83524 अगर
119.93776 195.13083 195.08904 119.89597 229.56604 229.664 261.7316 261.63364 उसने
194.6798 252.99559 251.61449 193.29869 164.39153 166.50136 204.67513 202.56529 और
273.59116 330.72855 329.34927 272.21188 167.24648 169.31367 207.437 205.3698 फिर
69.78302 136.98682 136.91171 69.70792 145.65324 145.78911 182.94035 182.80449 कह
4.0018024 35.574112 24.634655 -6.9376554 155.05507 176.4959 192.6046 171.16377 बहस
364.08862 386.87854 403.95496 381.16504 279.56546 260.52774 280.96982 300.00754 गया
231.61314 306.94708 314.4225 239.08855 281.67825 263.9695 295.77023 313.47897 देश
2.3071232 31.944637 21.374557 -8.262956 125.81259 146.01376 161.52133 141.32016 तरह
129.30933 173.16568 173.1105 129.25415 151.35838 151.46211 174.79674 174.69301 तक
