368.71478 401.94843 435.45135 402.2177 173.56035 160.40839 245.06667 258.21863 देर
282.20746 323.73914 323.02948 281.4978 242.19443 243.83255 261.82434 260.18622 कहा
79.75888 168.34143 168.31744 79.73489 5.389206 5.4851494 27.631672 27.535728 सम्मान
81.09503 132.3374 132.33293 81.09055 55.703392 55.7138 77.79653 77.786125 भाव
8.11515 45.83265 45.829933 8.112435 73.02732 73.03161 96.90252 96.89823 पर
407.8051 473.80762 452.21014 386.20764 18.687897 34.071503 126.734344 111.35074 और
487.12134 569.2991 561.8999 479.72217 60.342667 70.37389 130.98888 120.95765 ऊपर
8.252819 52.75812 52.741863 8.236561 6.2459564 6.2707634 35.440063 35.415257 और
253.49348 296.7812 322.76306 279.47534 153.51888 139.78014 221.64323 235.38197 पर
527.6527 582.16907 577.1426 522.6262 16.921036 23.420795 65.58005 59.080288 भाग
86.58469 113.392654 113.38811 86.58014 42.44279 42.454456 52.920155 52.90849 साथ
