106.60283 149.69157 150.90642 107.81767 210.18985 208.03488 232.3259 234.48087 इस
73.4438 149.23769 149.22957 73.435684 26.984203 27.006306 54.863735 54.841633 परिजन
169.76312 208.77051 208.76373 169.75635 33.69958 33.710873 57.109142 57.09785 दस
229.29816 281.66193 281.65292 229.28915 27.033215 27.04832 58.244167 58.22906 पंद्रह
477.55054 539.1919 547.0458 485.40442 20.831997 2.8118668 29.677547 47.697678 साहब
487.3918 531.1365 539.28467 495.54004 54.464172 41.673927 69.542145 82.33239 चले
269.91977 312.15164 315.28348 273.0516 319.17316 314.35034 341.77466 346.59747 बंद
175.84268 219.77689 224.29007 180.35587 231.69217 217.68875 231.84839 245.8518 कर
52.792465 164.24629 164.23216 52.77833 65.085625 65.11088 127.47578 127.45052 हाथ
297.52362 336.40125 343.68304 304.80542 91.15667 79.794 104.70875 116.07142 इस
351.38934 412.13562 418.24915 357.50287 75.4135 57.662613 78.583984 96.33487 समय
427.11365 463.927 470.03888 433.22552 53.281746 42.522026 63.43322 74.19294 उन
173.5667 196.96767 196.96342 173.56245 76.03567 76.042046 91.63352 91.627144 यह
210.87056 234.27019 234.265 210.86537 70.47697 70.48304 90.529625 90.52355 शेर
173.58035 200.3234 200.31836 173.57532 93.63195 93.6383 114.79359 114.78724 दर्ज
531.1097 587.7397 598.2282 541.5982 33.472107 16.896118 52.72899 69.30498 और
