29.817633 87.37334 97.40031 39.844604 54.149857 38.772614 76.30272 91.67996 इतनी
158.56088 194.26358 190.39572 154.69302 82.28114 88.86003 109.85039 103.2715 पर
207.22035 256.33954 251.50664 202.38744 91.24755 100.2987 126.52622 117.475075 हाथ
261.1131 385.5238 385.44983 261.03912 16.195896 16.399578 61.572544 61.368862 समय
435.86786 530.8284 534.848 439.88745 10.015526 2.8332062 55.978233 63.160553 आज
81.297585 112.46082 117.169365 86.00613 39.372536 31.131615 48.937088 57.17801 चार
95.60933 117.76552 134.49806 112.34187 63.86306 51.1725 80.38552 93.07608 दिन
477.65564 535.1155 535.3614 477.90155 270.12708 269.64185 298.76514 299.25037 कर
5.698389 52.449566 60.41062 13.659443 35.625977 23.322426 53.572937 65.87649 अनुमति
541.0403 593.37244 595.5786 543.24646 19.751991 15.872177 45.62986 49.509674 गया
