458.66302 485.18103 493.87872 467.36072 55.550514 49.193855 85.47802 91.83468 पर
109.707565 166.06502 175.97481 119.617355 70.74367 51.21219 79.806595 99.33807 जब
39.988037 181.62173 181.56735 39.93366 139.1662 139.2543 226.65189 226.56378 अब
535.6509 556.2682 561.33887 540.72156 178.22641 174.79395 205.25153 208.68399 ऐसी
189.46597 281.74792 281.7136 189.43163 221.53029 221.62767 254.17601 254.07863 कहा
246.58224 316.44858 325.00516 255.13882 53.955254 29.658638 54.26351 78.56013 शायद
510.4966 556.5239 567.75916 521.7318 40.994785 33.662964 104.19455 111.52637 बिल
521.9412 556.7547 567.66754 532.85406 106.91377 101.25484 168.38994 174.04887 पेश
6.1132603 38.06672 38.066887 6.113432 169.39612 169.39578 186.62527 186.62561 उसी
6.0441513 26.652048 26.646763 6.0388656 199.38892 199.39719 212.57217 212.5639 पर
