68.09758 130.17455 128.69167 66.6147 378.24646 380.67816 418.5337 416.102 देश
381.13293 459.78412 459.77325 381.12207 35.980095 36.00949 65.00445 64.97505 बाहर
483.96857 536.3967 536.3856 483.9575 36.01936 36.040768 63.164356 63.14295 मत
381.09546 462.55536 462.542 381.0821 78.81845 78.84758 116.25665 116.22752 जाओ
34.268425 93.42743 90.655136 31.496136 46.674225 50.017517 99.07262 95.729324 उचित
198.56683 240.8294 239.97528 197.7127 419.29517 421.05603 441.5561 439.79523 उस
259.42435 312.24783 311.0284 258.20493 414.06848 416.27594 445.45667 443.2492 दिन
457.4154 595.95825 595.93823 457.39536 102.60098 102.646576 163.43222 163.38663 करना
178.42491 224.32426 224.31657 178.41722 79.12025 79.136635 100.65444 100.638054 हाथ
18.416805 56.091206 53.92564 16.25124 343.36713 346.6579 371.4502 368.15942 और
81.603165 138.1702 139.4882 82.92117 352.979 347.67944 361.7478 367.04736 कहा
