15.850105 52.47158 52.760597 16.139122 159.00604 158.52475 180.51566 180.99695 रूप
222.0032 342.44528 342.45364 222.01157 36.91437 36.895943 91.40935 91.42777 याद
468.62155 564.27515 564.2986 468.645 139.618 139.55852 177.15291 177.21239 भारत
390.09464 490.07468 490.08188 390.10184 27.80192 27.787819 78.894264 78.90836 कर
203.31125 242.66077 231.86142 192.5119 257.4471 272.83463 300.45108 285.06357 और
432.06458 522.792 522.8021 432.0747 107.0042 106.96712 131.6755 131.71259 सवाल
543.2061 585.5651 585.57526 543.21625 106.95878 106.94147 131.64655 131.66385 पर
10.313267 46.011642 46.391125 10.692749 83.416534 82.85333 106.90669 107.469894 फेर
11.405134 52.98504 53.341705 11.761801 110.13976 109.52362 133.59247 134.20862 और
505.9418 588.87 588.8744 505.9462 6.205841 6.196495 44.81087 44.820217 कहा
188.68407 220.7372 213.03767 180.98454 286.976 299.49878 319.20648 306.68372 पर
