110.37841 147.71466 149.24615 111.909904 124.01353 121.597626 145.26599 147.68188 शब्द
158.50378 227.73032 229.98837 160.76184 109.55606 105.083954 140.03795 144.51006 लिखकर
290.05536 345.31244 345.28918 290.0321 85.882484 85.94163 107.67434 107.6152 आज
289.8229 334.60757 334.56577 289.7811 134.08325 134.15604 159.88678 159.814 इस
406.98996 436.03226 446.1387 417.0964 29.243454 11.71814 28.466194 45.99151 यह
18.286053 53.877045 53.437275 17.846285 30.376263 30.991924 56.414677 55.799015 उठ
18.38707 65.12364 64.54971 17.813139 89.80379 90.53549 127.19461 126.462906 एक
465.21555 570.7279 570.81116 465.2988 77.0878 76.916046 128.04482 128.21657 चल
210.78189 253.78162 253.77502 210.7753 10.387087 10.404047 27.121061 27.104101 आप
211.51257 265.84473 265.83078 211.49864 40.09223 40.121803 65.73905 65.70948 उनसे
393.33624 417.56525 423.69397 399.46497 16.264206 1.667408 11.840351 26.43715 अब
497.69678 586.50415 586.6007 497.79333 12.727785 12.524883 54.78618 54.98908 जगह
17.75504 43.065483 42.677013 17.366571 62.51332 62.933426 86.33803 85.91792 तब
457.65405 519.3055 519.28705 457.63562 147.01057 147.03835 187.95409 187.92632 तुम
