110.07042 160.25569 163.1147 112.92943 113.71611 110.4736 154.72331 157.96582 रह
105.27002 151.45718 140.91156 94.7244 20.51986 59.9898 72.33013 32.86019 अगर
494.94687 585.6266 585.84424 495.16452 66.02034 65.81102 160.07578 160.2851 गई
240.32773 293.52893 293.49747 240.29625 124.51895 124.59961 145.36273 145.28207 कर
3.3109055 47.240578 47.31112 3.3814468 65.31973 65.251755 110.83896 110.90694 तुम
3.3897095 66.31675 65.69337 2.766327 116.249054 117.18771 158.9787 158.04004 कभी
351.76453 386.22974 363.74194 329.27673 7.480938 38.4696 63.48029 32.491627 तक
165.08559 227.22679 225.92397 163.78276 100.85924 102.02687 171.36336 170.19572 और
541.6102 583.5504 583.6096 541.66943 32.76738 32.66861 57.805054 57.903824 घर
298.05508 345.02744 345.00455 298.0322 136.27194 136.34946 150.20413 150.12662 शानदार
299.33777 335.5409 335.5125 299.3094 156.85008 156.92415 170.78252 170.70845 कदम
347.39294 363.93945 363.91516 347.36865 156.94073 156.97195 169.8486 169.81738 था
373.69867 392.29224 392.26605 373.6725 156.99036 157.02545 170.89865 170.86356 हर
