202.3027 332.64316 327.66586 197.32541 96.98355 106.002625 177.93256 168.91348 कान
41.8162 174.12268 174.22412 41.91764 13.311678 13.172798 109.804726 109.9436 एक
19.829468 75.165565 66.07928 10.743179 373.9877 428.1465 437.43033 383.2715 जब
516.5836 564.52783 596.8412 548.897 4.463272 -13.799759 71.029335 89.292366 हुई
229.02316 294.6301 294.66055 229.05362 8.744465 8.675892 37.801506 37.87008 कहिए
229.06319 279.02228 279.05267 229.09358 47.01919 46.966972 76.06055 76.11277 हमने
544.23615 598.1612 598.34735 544.4223 74.425865 74.02566 99.10818 99.508385 कहते
237.14606 329.5312 326.8772 234.49205 164.30891 170.65636 209.28432 202.93687 मोहन
37.969223 73.12164 66.12442 30.972 374.516 409.3051 416.37543 381.5863 एक
565.60144 598.03174 598.1986 565.7683 107.950005 107.63502 124.8196 125.13459 पर
