98.814606 133.1429 133.25612 98.927826 25.498547 25.335728 49.20586 49.36868 हम
300.85886 340.98837 324.1431 284.01358 31.658524 70.03241 87.64838 49.27449 आप
361.0819 425.06323 425.06482 361.0835 102.40433 102.40062 129.38977 129.39348 यमुना
437.88733 528.8438 528.8452 437.88873 94.40288 94.3988 125.384094 125.38817 चीरहरण
315.91516 392.0802 392.06793 315.9029 151.96616 151.99142 189.06488 189.03961 औरत
558.43097 597.8891 589.4808 550.02264 41.235077 54.875084 79.19902 65.55901 कर
401.9824 491.97275 491.9706 401.98026 39.006752 39.010826 86.01062 86.006546 हुआ
253.62576 312.98 312.98618 253.63193 153.9549 153.94144 181.03433 181.04779 चलने
325.45227 363.6244 348.6363 310.46417 17.677597 54.190247 69.85956 33.34691 जब
188.36194 229.37677 229.38568 188.37085 20.785706 20.771072 45.785988 45.80062 यह
188.3834 239.39058 239.39113 188.38396 61.607243 61.60594 82.611374 82.61267 बात
