165.98363 233.18016 232.85616 165.65962 123.880585 124.649475 152.96442 152.19553 आप
260.55682 281.8484 281.80164 260.51007 491.08215 491.12262 515.71423 515.67377 पर
293.81207 334.58716 334.54047 293.76538 491.14532 491.22278 515.79047 515.713 सवार
96.678665 157.64438 141.20688 80.241165 460.9104 528.7116 543.4919 475.69067 नगर
269.34348 331.8278 331.77768 269.29337 549.3891 549.4593 594.1065 594.0363 देखकर
46.561752 72.58902 72.594894 46.567627 140.89436 140.88597 159.10075 159.10915 दर
95.84625 172.11877 156.09012 79.81759 419.45416 505.94223 520.07764 433.58957 समय
43.499847 61.6008 91.21927 73.11832 530.19666 519.2975 568.4868 579.386 बात
168.49248 219.02892 218.72163 168.1852 96.837036 97.47102 121.96535 121.33136 रात
255.00922 274.6974 274.70404 255.01587 452.1863 452.18112 477.51163 477.5168 इन
287.5343 320.01135 319.84827 287.37122 441.73712 441.87622 479.9522 479.8131 ट्रैवल
