531.07776 587.9783 596.9248 540.0243 94.01872 78.59367 111.59624 127.021286 कहा
516.33636 591.7314 618.2668 542.87177 413.4544 345.30402 374.66022 442.8106 वह
208.33865 291.23254 291.27103 208.37714 425.91678 425.8773 506.68076 506.72025 आपने
312.49182 364.4057 363.76483 311.85095 445.578 446.02075 521.1682 520.72546 इस
508.08252 542.7766 529.29285 494.59872 276.84518 308.35452 323.2012 291.69186 हर
567.06915 596.62396 588.9117 559.3569 11.886307 15.245323 83.10258 79.74356 मई
368.65866 453.31192 453.32816 368.6749 421.29886 421.2814 500.00455 500.022 साथ
556.7343 597.8765 604.7951 563.6529 130.54361 119.6736 145.85995 156.72997 मगर
528.4537 591.22675 612.7684 549.9953 499.51862 445.55542 470.6139 524.5771 और
130.8826 159.55939 161.61371 132.93692 470.27838 468.4956 501.5396 503.3224 सब
168.76724 201.59894 203.7969 170.96521 470.2647 468.86224 520.31604 521.7185 कुछ
530.95624 571.066 558.87494 518.7652 268.92648 305.78586 319.0519 282.19254 लाभ
