514.41455 589.27454 612.1865 537.32654 417.5835 349.99884 375.37732 442.96198 इस
398.0125 449.951 446.8228 394.88434 436.52472 438.99188 504.8468 502.37964 अब
166.2028 185.4814 169.67863 150.40004 337.17618 352.67862 372.33066 356.82822 पर
151.13795 219.85023 223.41423 154.70195 54.71467 39.25756 55.100723 70.55783 दान
320.99777 353.02084 349.46536 317.4423 14.237453 18.662136 44.394306 39.969624 वह
349.10263 396.0463 394.2957 347.35202 432.79376 433.97437 503.5822 502.4016 और
75.33309 115.3599 115.468025 75.441216 4.9699774 4.8024445 30.635597 30.803131 वह
515.7732 595.9271 619.9209 539.76697 475.76797 405.58896 432.993 503.17203 लोग
229.1145 296.8565 296.87628 229.13428 439.04987 439.03204 514.21295 514.2308 कहने
2.8094883 43.028183 43.090233 2.8715382 9.39642 9.235477 24.741665 24.902607 आदर्श
