478.83746 549.4848 549.4975 478.85016 306.37708 306.35632 349.56464 349.5854 और
475.34137 533.3405 533.3543 475.35516 365.60498 365.586 407.73938 407.75836 गेट
360.5819 404.33575 401.90063 358.1468 169.16492 173.88629 196.45297 191.7316 गया
301.5884 342.0059 336.4503 296.0328 271.7977 282.16818 303.82028 293.4498 पर
9.975174 97.93236 98.03898 10.081795 6.1290894 5.9826508 70.01821 70.16465 ऐसी
271.80536 342.37946 346.216 275.6419 97.77169 89.75116 123.50941 131.52994 तक
26.79602 168.10832 168.08119 26.768894 264.06952 264.0948 415.95172 415.92645 हुई
26.769077 81.621704 81.62752 26.774883 147.32883 147.31763 175.78128 175.79248 एक
26.75631 99.542755 99.552635 26.76619 184.4381 184.42015 224.4781 224.49605 गहरी
122.56761 194.29045 194.2989 122.576065 192.8485 192.83205 229.72505 229.7415 मधुर
