3.0671177 51.03721 52.023705 4.0536137 194.97868 193.15913 219.16673 220.98628 अब
500.9402 590.0283 590.0801 500.99194 4.2476573 4.160431 56.98665 57.073875 करो
108.53978 145.58128 146.91658 109.87508 34.41419 32.353268 56.35304 58.41396 पर
169.97847 215.03413 216.98131 171.92564 19.961412 17.45477 52.454437 54.96108 रखे
115.594406 179.65346 180.98909 116.93004 82.16788 78.60217 102.59712 106.16283 आया
208.44891 256.5044 258.45178 210.3963 65.96744 63.293106 98.285904 100.960236 और
457.98975 477.83606 477.88928 458.04297 8.118063 8.039694 21.511131 21.5895 इस
458.98145 482.03973 482.175 459.1167 21.166613 20.97921 37.61998 37.80738 और
268.7616 309.8133 311.4823 270.4306 28.70957 26.425488 56.42241 58.706493 रह
328.73276 380.80307 383.0283 330.95798 12.33293 9.436008 49.432877 52.3298 गये
271.57532 350.64594 352.20392 273.1333 79.90489 75.504074 103.496216 107.89703 लगन
369.59445 405.61832 407.80972 371.78586 61.379936 59.407463 99.43018 101.40266 के
97.14329 156.20714 157.6536 98.58974 6.9589825 3.6733475 29.675356 32.96099 आप
