445.20828 481.90897 482.01608 445.3154 12.741266 12.5428505 32.353752 32.552166 उस
4.984707 43.0009 44.05209 6.0358963 186.28316 184.8072 211.88255 213.3585 पर
508.92026 553.88416 553.9226 508.9587 22.229465 22.175179 54.02994 54.08423 उसे
109.42743 155.4776 157.03546 110.98529 41.787876 39.22561 67.224335 69.7866 हम
111.81944 174.88414 177.16548 114.100784 85.18585 81.67595 122.66623 126.17613 लोग
552.75885 595.87726 595.94574 552.82733 9.264647 9.108461 28.027895 28.18408 आए
164.58292 244.67136 247.1192 167.03076 21.866634 17.41092 61.409542 65.86526 यह
276.79633 383.9178 387.14423 280.02277 13.61742 7.657799 65.651596 71.61121 परभु
227.9939 262.70612 261.03546 226.32323 161.94376 164.68253 185.85703 183.11826 पर
197.84485 301.95087 305.06656 200.96054 67.560524 61.766884 117.753075 123.546715 तक
