275.81644 356.51187 356.527 275.83157 25.765682 25.73806 69.89151 69.919136 इतनी
275.834 318.58627 318.6028 275.85056 75.725716 75.707085 113.661934 113.680565 देर
392.64572 421.87955 422.6367 393.40286 409.57764 408.50464 429.1333 430.2063 पर
410.9123 448.43005 446.35608 408.83832 163.73158 170.84831 181.78172 174.665 वह
409.85623 456.10886 454.26736 408.01474 182.87965 191.459 201.38676 192.80742 एक
411.04282 464.03073 462.3052 409.3173 202.39005 212.10886 221.51651 211.7977 आप
371.38284 429.2781 429.2745 371.37924 10.882374 10.888157 47.05191 47.046127 वह
348.36932 384.2641 384.27197 348.3772 56.0734 56.064835 89.08499 89.09355 रहे
186.08044 210.1849 203.8844 179.77994 23.813496 31.247547 51.676556 44.242504 कर
419.9271 461.42404 460.0262 418.52927 224.025 231.36728 239.2674 231.92511 शक
