165.0687 280.42233 280.40536 165.05173 11.876514 11.923069 53.99853 53.951977 अगर
514.93494 595.9657 596.1196 515.08887 11.766114 11.462799 52.60137 52.904686 तब
265.50937 317.0527 317.05795 265.51462 75.985085 75.975365 103.97831 103.98803 याद
470.47266 501.11676 506.89166 476.24756 30.454485 19.556671 35.7955 46.693314 पर
482.20242 546.93774 550.9868 486.2515 152.21315 142.41048 169.14986 178.95253 इस
182.9126 224.61832 224.65219 182.94647 94.697556 94.6078 110.34964 110.43939 आपकी
113.51837 146.52129 146.50415 113.501236 44.49852 44.520187 70.61435 70.59268 नई
113.45888 156.46303 156.46654 113.46239 76.21455 76.206184 94.280235 94.2886 तरह
318.86005 373.61792 375.3634 320.60553 5.3634067 1.5000954 26.240494 30.103806 तक
214.77106 247.86563 242.46759 209.37302 199.23415 211.0327 226.174 214.37544 वह
