226.59189 293.60263 293.65964 226.6489 6.301611 6.228031 58.149025 58.222607 हुए
226.80429 324.9996 325.00522 226.8099 120.4543 120.44261 167.64442 167.65611 कहा
479.73465 559.0585 560.39954 481.0757 156.84386 153.391 184.19997 187.65282 रुपए
108.28589 134.54327 134.52405 108.26666 23.973381 24.017506 35.46032 35.416195 इस
155.03334 186.90443 186.29198 154.42088 89.24333 89.74894 128.35486 127.84925 होकर
362.98547 519.1617 519.2314 363.05518 30.71168 30.573051 109.071465 109.21009 करने
435.4401 482.23123 482.95255 436.1614 164.58826 162.53336 178.95853 181.01343 कम
21.277008 146.77783 146.6211 21.120277 56.870995 57.31385 101.730095 101.28724 उसका
160.64735 184.20589 183.66814 160.1096 58.83451 59.239296 90.53692 90.13213 अभी
8.871101 117.37792 117.340034 8.833217 8.277588 8.365608 55.06381 54.97579 गया
