360.74506 566.74585 566.7513 360.7505 5.905422 5.8959656 123.8757 123.88516 वातावरण
32.013855 183.99323 183.99759 32.018223 7.0057526 6.999771 117.98099 117.98697 तीन
217.62692 306.72314 291.42593 202.32971 61.777145 106.87282 137.09575 92.00008 और
471.36517 529.44385 529.44543 471.36676 89.02993 89.02674 118.06739 118.07058 करने
544.86554 592.96234 592.96405 544.86725 87.21088 87.20825 118.06369 118.066315 और
472.36075 511.38272 511.384 472.36203 131.32027 131.31795 153.09828 153.1006 इस
470.36072 534.79156 534.7936 470.36273 157.27528 157.27126 189.0341 189.03813 दिवस
43.97519 137.96628 137.95944 43.968357 121.378235 121.39319 164.38998 164.37503 बात
43.97554 120.97693 120.9604 43.95902 185.76295 185.7838 246.77467 246.75383 खैर
43.976044 127.98828 127.96048 43.948242 286.13892 286.18384 338.1714 338.12646 एक
228.30142 268.9411 269.7799 229.14023 352.8477 350.97885 369.21933 371.08817 हुआ
126.6803 181.69724 181.68307 126.66614 292.97507 293.0002 323.9982 323.97305 लोग
126.68053 167.69421 167.6816 126.667915 345.96997 345.9925 368.99188 368.96936 इस
