68.635574 149.4773 149.53766 68.69594 6.002814 5.778162 27.497938 27.72259 लगभग
70.933754 135.92953 135.98856 70.992775 33.0065 32.880814 63.404472 63.53016 पहली
143.05951 177.6933 196.14279 161.509 369.72403 356.1384 403.17166 416.7573 पर
171.03058 234.69293 238.93542 175.27307 441.03064 434.57355 476.40155 482.85864 कम
200.95166 266.13596 269.94458 204.76028 517.3085 511.75208 556.4324 561.9888 तक
16.49515 71.7082 71.79029 16.577242 23.710686 23.58765 60.426674 60.54971 इस
208.75706 233.93486 250.95412 225.77632 397.165 386.64365 427.371 437.89236 रह
253.57014 308.18448 311.86444 257.2501 392.25424 386.26944 419.85037 425.83517 जाय
225.51492 268.9108 294.22263 250.82675 437.26685 419.13245 479.70404 497.83844 ठीक
282.82007 306.75244 324.1466 300.21423 442.22018 431.6155 470.87015 481.47482 तुम
