183.09473 368.74646 368.26617 182.61443 499.59906 500.9201 568.4183 567.0972 अंचल
380.52435 404.5714 397.73724 373.6902 126.50618 131.6249 163.731 158.61229 आ
422.64337 451.43854 441.23773 412.44257 113.246765 119.48746 166.55475 160.31406 गई
456.67078 523.6726 524.6077 457.6059 129.6304 127.2168 153.17578 155.58939 उसका
361.74252 423.98056 424.92325 362.6852 182.63565 180.51578 208.19257 210.31244 आहत
12.384567 82.059525 81.84947 12.174518 536.3236 536.75366 570.78503 570.355 इतने
295.66824 338.72696 339.64285 296.58414 42.46935 40.75995 63.8309 65.5403 बात
287.4425 332.31427 333.1762 288.30444 94.66009 92.96761 115.82021 117.51269 आप
93.65257 164.68636 164.0125 92.978714 469.59637 471.09583 503.01825 501.5188 फिर
94.932526 158.98456 158.7323 94.680275 531.07794 531.5484 565.8874 565.41693 झूठ
