101.738304 147.85486 148.5339 102.417366 239.26025 238.17786 267.11005 268.19244 काम
102.411255 129.22629 129.22125 102.40622 302.4944 302.49915 330.8061 330.80133 पर
455.08838 567.6526 567.6246 455.06033 529.6694 529.7233 588.13275 588.0788 आओ
196.78687 254.28677 255.06955 197.56964 307.22476 306.07632 345.2689 346.41733 आप
264.86743 326.4854 327.57635 265.95837 290.43042 289.19977 343.82074 345.0514 सभी
2.5399551 81.74502 80.14518 0.9401176 26.723274 29.733131 71.8334 68.82354 गहरी
223.55144 338.00616 365.50726 251.05254 417.38013 363.9994 422.96497 476.3457 तरफ
509.0739 562.8827 561.764 507.9552 91.9565 93.857834 125.51735 123.61601 सहमे
509.51422 540.97485 540.10626 508.64566 140.03987 141.04887 168.13063 167.12163 हुए
361.03708 430.26346 442.61935 373.39297 402.86154 370.63815 397.18265 429.40604 अनुसार
371.1666 415.80014 427.8298 383.19626 439.05963 418.44598 444.49304 465.1067 जिस
