323.84818 427.15988 448.07693 344.76523 420.50903 372.63428 417.7724 465.64716 थक
194.13327 298.64194 325.746 221.23734 419.07843 370.20996 428.1739 477.04236 गया
104.48652 155.6781 156.69925 105.50767 263.0212 261.9139 309.12173 310.22903 इसके
171.23788 225.52756 226.12363 171.83395 274.625 273.43408 300.60693 301.79785 अन्दर
104.940704 139.0116 139.51749 105.446594 334.8238 334.16205 360.20825 360.87 चार
465.36572 513.65283 513.55194 465.2648 515.85486 516.04785 541.29614 541.10315 कहा
466.03055 500.47903 500.45157 466.00308 556.1613 556.21014 575.6226 575.5738 तब
147.73456 204.54282 216.78949 159.98123 416.88358 389.99045 415.85995 442.75308 वजह
149.28163 191.20024 191.56743 149.64882 504.67032 504.1773 535.39844 535.8914 कहा
201.89691 237.75293 238.07858 202.22256 503.99457 503.56665 530.85297 531.2809 अब
