203.21713 321.11386 338.70364 220.80692 322.15646 301.2463 400.4219 421.33206 चौका
357.2727 486.34656 497.30676 368.2329 332.5248 309.98117 372.73398 395.27762 बरतन
306.33762 324.93832 326.4445 307.84378 6.866659 5.6478214 28.633463 29.8523 घर
322.93774 383.62262 383.623 322.9381 105.473816 105.47339 160.09628 160.09671 हम
525.7961 574.77936 552.2828 503.2995 34.256256 73.11804 101.4738 62.61202 आज
22.537075 98.761894 110.39432 34.169502 270.38705 256.6976 321.46872 335.15817 उनके
45.39924 108.358894 118.984184 56.02453 362.64832 351.50275 411.52356 422.66913 लिए
328.12943 345.62485 345.47397 327.97855 8.178726 8.392933 20.718231 20.504025 आपने
186.23737 276.20883 276.2143 186.24283 55.556255 55.547714 113.15517 113.16371 कट
523.903 589.8266 590.127 524.2034 400.7277 400.10995 432.17026 432.788 उठकर
380.04785 537.42883 560.20386 402.82288 192.25612 164.4866 293.56183 321.33133 फिटन
345.41544 367.60953 367.38846 345.19437 19.69585 19.950573 39.210392 38.95567 आप
124.421555 178.65543 178.65327 124.4194 53.9403 53.942787 100.84687 100.84438 खुद
