152.40332 198.83252 203.3172 156.888 316.00198 307.74863 332.97714 341.2305 समय
163.08301 208.51382 212.7652 167.33438 369.86276 361.85416 385.97098 393.97958 समय
221.85745 247.3638 251.6041 226.09775 359.48505 355.00555 379.14996 383.62946 पर
171.09253 201.20627 207.96967 177.85593 410.25684 404.69348 441.30286 446.8662 कई
560.8582 592.5689 566.7756 535.0649 360.52386 375.77997 429.39282 414.13672 घर
321.56827 352.3759 352.09897 321.29135 8.094997 8.45771 31.976696 31.613983 पास
15.244766 52.499985 63.07876 25.82354 307.54156 298.66437 343.0608 351.938 फिर
30.626572 91.74982 97.114334 35.99109 367.94193 357.12582 387.44144 398.25754 उठकर
39.271336 69.83267 80.46805 49.906708 401.88766 394.5328 438.72537 446.08023 बैठ
268.59155 345.3296 345.3324 268.59436 63.476902 63.472313 110.08217 110.086754 तरह
479.2283 525.1284 525.202 479.3019 409.2923 409.1654 435.7821 435.909 रहा
426.27887 537.41943 548.20135 437.0608 193.45126 184.5798 319.65488 328.52634 और
176.42264 265.75452 265.76672 176.43484 53.970535 53.95424 120.80864 120.824936 उथले
