84.515114 106.90606 106.89735 84.5064 10.266743 10.278656 26.661 26.649086 इतना
86.19463 117.60192 117.597115 86.18983 31.55854 31.569084 45.867683 45.85714 कहकर
123.61055 139.17766 139.17287 123.60576 31.57658 31.581799 45.874928 45.86971 वह
145.54507 174.61392 174.60742 145.53857 26.477097 26.486847 45.88681 45.87706 आदमी
415.5049 443.18234 462.545 434.86758 323.64722 307.7525 341.4687 357.3634 भर
449.963 485.81097 505.6537 469.80573 388.26672 367.40094 401.4912 422.357 इधर
494.4665 531.112 549.17303 512.5275 362.36285 341.03284 372.0622 393.3922 उधर
11.0576 72.3294 72.33866 11.066862 58.687645 58.674034 100.35642 100.37003 उसके
16.10754 58.47566 58.496433 16.128315 118.79784 118.76778 148.0403 148.07036 पास
366.87265 431.70084 461.0176 396.18942 409.1417 371.43417 421.8367 459.54422 लेकर
438.56 510.03186 510.0279 438.55603 6.629303 6.633606 72.772995 72.76869 कोई
