510.91083 594.78613 542.03265 458.15738 224.34845 252.16443 411.23517 383.4192 ओर
5.9347763 113.49705 113.90455 6.3422775 215.24625 214.42288 267.65765 268.48102 परंपरा
29.84618 101.285675 102.12422 30.684727 283.251 282.11343 334.77365 335.91122 और
312.28583 402.19604 398.75098 308.84076 272.2446 279.7136 321.18497 313.71597 भर
96.5484 171.90329 172.53827 97.18338 295.2602 294.05823 333.86823 335.0702 आप
179.37999 261.54108 262.4193 180.2582 278.6859 277.37543 332.43457 333.74506 लोग
411.489 446.95673 445.71124 410.24353 265.377 268.19873 283.85425 281.03253 पर
414.65353 459.83163 458.48727 413.30917 290.50128 294.3567 310.11023 306.25482 अब
122.041534 179.04974 179.24817 122.23996 221.99324 221.64763 254.37901 254.72462 जली
135.57887 203.25227 203.49657 135.82317 270.45642 269.72424 292.30457 293.03674 उसका
