150.95749 175.07535 238.0932 213.97534 334.34967 308.1789 366.25342 392.4242 पर
32.803375 116.12569 114.74028 31.417969 5.3451157 9.736908 36.021217 31.629425 इतनी
37.35669 96.49013 95.11081 35.977375 41.810776 44.93756 71.02301 67.896225 और
23.65543 65.762146 63.563366 21.45665 386.8364 391.61227 410.99783 406.22195 हुए
24.0738 82.13113 80.76919 22.711859 417.71494 423.58316 437.05753 431.1893 लगा
25.635818 89.946556 88.30402 23.993288 442.57812 448.1065 467.21368 461.6853 अंदर
206.89714 289.5664 290.41846 207.74919 330.14914 328.07187 361.9814 364.0587 ओर
3.833599 34.42072 33.25996 2.6728406 70.111496 71.74454 93.48576 91.85272 भर
52.306816 91.547455 90.43418 51.19354 72.69946 74.80841 95.52287 93.413925 गया
255.76855 317.39404 317.9629 256.3374 322.3257 321.02634 348.00534 349.30472 पर
14.798698 44.577354 43.247078 13.46842 110.46678 112.07686 136.68063 135.07056 पड़
