452.40918 592.9824 593.5753 453.00208 294.41504 292.4124 334.0318 336.03442 गिर
453.2306 577.0375 576.724 452.91708 364.35315 365.3034 406.15247 405.2022 हुए
453.68573 575.879 574.1412 451.9479 420.7506 427.0202 460.89044 454.62085 वह
351.7555 385.7976 366.15375 332.11163 47.02806 76.87898 99.28088 69.42996 उसे
58.883743 196.23947 195.56912 58.213387 481.32855 482.43024 566.01227 564.9106 कभी
432.74826 472.77377 479.0128 438.98727 184.60736 171.00937 189.3739 202.9719 पर
161.03644 196.94849 197.74002 161.82797 169.77733 167.6078 180.71 182.87953 उन
6.5507045 16.47602 26.044483 16.119167 28.440916 22.261429 37.630028 43.809517 न
29.137333 55.74651 63.582867 36.97369 16.799093 3.0755482 18.269804 31.99335 एक
63.09562 121.40241 120.88024 62.57345 424.9147 425.65115 466.99246 466.256 गये
141.47789 208.0504 207.45555 140.88304 421.26483 422.1311 467.84692 466.98065 और
446.63214 560.9504 561.02057 446.70233 335.8991 335.59406 361.89752 362.20258 रहा
130.49126 179.7892 179.274 129.97606 346.74957 347.69208 374.6396 373.69708 उसी
426.16882 464.77466 471.05804 432.4522 209.23323 196.4546 215.43755 228.21617 बन
