31.343025 77.85901 69.69495 23.178967 121.74634 148.58801 162.73615 135.89447 शरद
26.190033 61.407944 50.3555 15.137589 137.23573 157.36998 176.70241 156.56816 सर्द
561.41504 597.6101 597.6489 561.45386 232.60464 232.54059 254.49155 254.5556 इस
560.9778 591.1909 591.21265 560.9995 270.1399 270.10547 289.14093 289.17535 पर
105.83507 217.98111 217.97392 105.82787 529.98395 529.99677 592.8332 592.8204 कौन
171.97067 233.39731 230.60367 169.17703 47.498215 51.839584 91.36693 87.02556 उस
352.88733 379.87073 378.1585 351.1751 129.51677 131.7743 152.23933 149.9818 इस
199.77972 269.9331 269.90045 199.74707 541.4561 541.50494 588.3879 588.33905 और
4.9934235 81.1983 78.22236 2.0174825 28.13327 33.570625 75.2786 69.84125 जब
102.98218 181.017 177.84152 99.806694 35.642296 41.17424 85.96842 80.43648 इस
64.74098 128.769 128.76494 64.73692 557.56726 557.5746 592.8231 592.8158 तक
