537.1453 573.9974 558.5229 521.67084 65.5608 101.66982 117.462685 81.35366 चार
516.8003 552.1759 528.5803 493.2047 86.32605 120.97676 145.066 110.41528 दिन
3.8322296 34.173565 33.99142 3.6500869 258.62033 258.8953 278.99612 278.72116 पर
60.875717 232.18391 232.19759 60.88939 16.013796 15.976913 79.52022 79.5571 सका
344.16348 374.455 374.54654 344.25504 87.4793 87.35342 109.3792 109.50509 वह
477.72568 512.32886 493.89236 459.2892 43.303665 77.21335 96.026825 62.117146 स्पष्ट
43.583908 88.70128 88.69415 43.576786 140.95058 140.96709 160.4301 160.41359 घाट
448.82312 460.85638 446.81848 434.78522 56.865364 68.67095 82.979546 71.17396 से
467.39328 493.73013 483.3959 457.05905 82.45756 108.26798 118.81298 93.002556 अगर
326.96054 361.45944 363.29782 328.79892 41.257515 38.245033 59.297943 62.310425 हुआ
