447.9791 502.96347 502.96658 447.9822 214.99408 214.98697 239.0026 239.0097 उसके
143.89655 300.50626 300.50958 143.89987 13.109081 13.099205 65.72174 65.73162 अन्दर
341.26657 448.44308 448.44846 341.27194 13.102912 13.0948715 84.9529 84.960945 घुस
489.0587 585.19214 585.1964 489.06296 13.098293 13.09169 74.81578 74.82239 गए
98.62033 128.23103 128.13477 98.52406 207.8205 207.945 230.83774 230.71323 पद
137.3336 164.74925 164.65868 137.24303 207.9833 208.09857 229.63837 229.5231 पर
159.457 280.78036 280.78622 159.46286 71.19905 71.18674 128.95282 128.96513 रूप
36.877342 69.587 69.49749 36.787834 214.83498 214.97078 236.52913 236.39333 पर
251.53058 280.206 294.0681 265.3927 205.02835 182.11987 199.47162 222.3801 मर
379.09824 435.99203 435.9965 379.1027 216.01591 216.00322 236.00752 236.02022 बात
383.87335 501.26337 501.27045 383.88043 96.5068 96.492935 156.31564 156.3295 अपने
