81.975845 189.0364 188.93095 81.870384 344.33713 344.55954 395.32413 395.1017 कोमल
228.89166 302.0852 299.77332 226.57976 332.07306 342.8772 358.53943 347.7353 कर
107.16009 129.11118 137.92279 115.97169 112.546486 107.579666 146.52304 151.48985 गई
142.07204 170.15819 177.86125 149.7751 100.59781 94.598236 130.65903 136.6586 और
328.6526 382.81482 382.76562 328.6034 6.147772 6.264456 29.092085 28.9754 तरह
72.363846 145.49251 160.0046 86.87593 198.37344 177.73828 229.16742 249.80258 लाओ
244.37244 306.50616 304.25104 242.11731 356.8832 365.12344 382.12778 373.88754 पर
14.394315 43.916355 57.847507 28.325466 103.41532 95.83385 150.08139 157.66286 हुई
32.327164 79.94146 90.817566 43.20327 167.16609 153.55052 191.58476 205.20033 अपने
93.559975 144.70929 155.63202 104.48272 149.47977 134.85333 173.05072 187.67715 कमरे
