142.1384 187.3424 186.41315 141.20914 195.31056 197.2134 219.2889 217.38606 जाए
268.348 296.9929 287.6884 259.0435 211.79272 230.45099 244.73566 226.0774 कर
233.66295 279.66583 279.6695 233.66661 8.18146 8.172596 27.175228 27.184093 फल
235.87138 283.8728 283.87366 235.87224 43.38808 43.385845 61.389797 61.392033 आज
298.67365 339.67676 339.67914 298.67603 43.38792 43.382496 61.383686 61.38911 तक
354.47757 395.48282 395.48392 354.47867 37.379955 37.378056 61.384617 61.386517 भोग
233.67984 269.67935 269.68 233.68048 78.595276 78.59415 99.59717 99.5983 रहा
181.66843 215.57071 214.56464 180.66235 144.11269 145.7405 166.69368 165.06587 वह
104.97754 194.9721 194.99026 104.9957 45.015793 44.99064 109.97777 110.00292 इन
366.98337 452.9921 452.9938 366.98508 78.99008 78.98668 122.99428 122.99768 कंगन
