290.59012 352.0892 347.09763 285.59854 97.97504 110.205696 135.30476 123.074104 अपने
481.3158 512.5735 512.5488 481.2911 113.21655 113.25903 131.42505 131.38257 कहा
478.07565 506.6539 506.62143 478.04318 139.35847 139.40358 159.95784 159.91273 एक
516.08234 544.0064 543.97076 516.0467 133.36601 133.40932 156.39037 156.34706 दिन
552.57404 577.0561 577.0278 552.5457 139.46854 139.50674 157.65085 157.61264 वह
476.1806 521.26465 521.22815 476.14407 165.45888 165.53908 186.06422 185.98402 आएगा
14.629654 55.818092 55.784256 14.595819 4.9466057 5.0024605 29.951477 29.895622 एक
50.82019 81.65936 81.63376 50.794586 6.95208 6.9896927 27.983871 27.946259 इस
190.52608 229.64085 233.34325 194.22847 180.43094 173.42197 194.08374 201.09271 पर
485.72894 536.50366 536.47156 485.69684 84.61122 84.67236 111.34895 111.28781 भाव
75.41761 110.01615 109.98623 75.38769 11.934696 11.986347 32.032093 31.980442 यार
