99.3317 140.45026 120.09838 78.97982 524.0276 562.85034 584.40576 545.583 लाल
486.64337 519.04285 536.01074 503.61124 212.47034 190.59003 215.71536 237.59567 इस
420.91443 448.98474 448.96387 420.89355 5.9200993 5.9567814 21.90798 21.871298 यह
414.32642 449.74762 449.68372 414.2625 27.18489 27.29406 48.033096 47.923927 चोट
456.82706 486.7645 486.71927 456.78183 33.389828 33.482098 48.147236 48.054966 अब
160.20715 228.38824 228.29279 160.1117 6.427429 6.593273 45.839462 45.67362 साथ
260.08398 320.515 320.45746 260.02643 7.2601395 7.390312 34.10314 33.97297 मदद
335.12274 404.45862 404.40552 335.06964 7.2738113 7.4174347 33.06664 32.923016 करता
61.19307 107.34424 107.28165 61.130474 9.286488 9.386246 38.344364 38.244606 एक
33.54214 89.123474 56.39037 0.80903816 449.58777 501.91003 536.682 484.35974 पसंद
488.36407 553.30255 553.18744 488.24896 9.002071 9.19791 47.37165 47.17581 ऐसी
108.626785 141.46335 141.42453 108.58797 6.4510517 6.50955 28.298132 28.239634 गए
