78.3286 139.08965 139.95558 79.194534 78.56203 76.73602 105.55051 107.37651 पीएच
126.4588 196.47241 198.57898 128.56537 138.19609 134.56233 175.1508 178.78456 कर
221.37668 357.32047 359.95383 224.01004 120.04175 112.98584 163.72198 170.7779 सकती
385.11356 510.94858 513.7428 387.90775 110.51936 103.98297 157.77565 164.31204 आपसे
544.4629 592.24426 595.5925 547.81116 21.500051 16.221691 46.530807 51.80917 रहते
6.0526543 98.37227 100.26836 7.9487495 134.68185 129.88937 166.41476 171.20724 अगर
290.3838 351.00195 355.56897 294.9508 17.926014 11.2309 52.581097 59.27621 और
519.6625 568.3844 569.75525 521.0333 79.113075 76.58132 102.963356 105.49511 इतनी
521.24115 546.6108 547.9985 522.62885 109.146355 107.81291 134.2157 135.54913 देर
6.346945 46.6576 49.323677 9.013025 26.875214 22.425732 46.579422 51.028904 पर
66.1954 125.5472 129.98895 70.63715 9.079741 2.5291977 42.774185 49.32473 कही
