19.018082 169.39215 169.2181 18.844017 7.3186417 7.5946426 102.42551 102.149506 भर
402.17123 481.96762 481.99008 402.1937 40.74122 40.69088 76.290184 76.34052 उसके
108.40215 162.81125 162.82037 108.41128 135.92348 135.89592 153.93254 153.9601 सकल
199.30753 253.53271 256.71222 202.48703 250.44038 243.84778 269.99982 276.5924 मगर
519.074 595.97876 596.00134 519.09656 4.1289086 4.0799522 39.60237 39.65133 बात
384.70654 419.83856 423.91675 388.78473 98.45584 93.31645 121.19412 126.33351 पेश
42.20099 106.27251 106.28842 42.216904 132.77316 132.72952 156.09103 156.13467 समाज
184.84612 232.76695 232.72786 184.80702 55.63771 55.743637 73.42474 73.31882 तक
401.1442 448.54654 448.56528 401.16293 7.266687 7.2354507 35.633957 35.66519 शुभ
162.73387 218.17003 218.17744 162.74129 119.99895 119.9785 140.1075 140.12794 ऊपर
296.77972 332.4928 334.42926 298.7162 95.14111 91.37669 109.74794 113.51236 बात
