541.5484 586.889 591.69696 546.3564 133.14265 123.96834 147.72981 156.90413 और
199.95161 243.90541 246.52107 202.56728 170.8061 166.5919 193.87291 198.08711 तब
316.38223 374.58316 374.50974 316.3088 189.75345 189.92416 214.95914 214.78842 दशा
428.57355 482.41644 487.4793 433.6364 216.12727 209.58289 251.2368 257.7812 पर
434.9352 462.88992 460.29306 432.33835 278.0933 283.1837 297.4448 292.3544 ताप
321.86646 371.26715 371.20203 321.80133 218.06712 218.21501 239.96764 239.81975 अब
264.13187 339.7225 350.7139 275.12326 112.0935 76.12625 99.226326 135.19357 वह
23.97335 68.13063 78.18137 34.024094 51.709827 36.649742 66.11928 81.17937 पर
487.86755 522.24756 517.6412 483.2612 295.9119 302.16788 327.4824 321.2264 वह
409.85983 500.2123 505.24118 414.8887 103.68125 85.219345 109.830574 128.29248 जगह
511.93042 559.82263 564.3246 516.4324 82.774765 72.984146 95.0061 104.79672 पर
