345.78052 391.82922 354.833 308.7843 166.09888 194.75113 254.20987 225.55762 तक
397.14267 501.27463 509.30576 405.1738 98.42762 81.65956 131.5339 148.30196 पहर
230.31963 260.12924 274.69598 244.88638 396.81992 385.6127 424.3583 435.56552 हुए
305.46884 363.22977 353.9128 296.1519 257.75867 274.53717 306.61145 289.83295 झूठ
76.90624 128.57843 140.69745 89.025276 305.9366 284.91635 314.70743 335.7277 इस
511.74762 576.493 576.4932 511.74786 281.64542 281.645 311.04587 311.0463 एक
511.72375 577.922 577.9208 511.7225 342.79114 342.79382 372.17963 372.17694 स्तर
65.28577 125.33263 137.35062 77.30376 428.23755 404.0144 433.80585 458.029 अगर
96.037766 165.55634 151.27199 81.75341 192.29126 212.48569 261.65903 241.4646 और
144.59549 181.38629 189.46893 152.67813 301.54514 286.5784 306.44687 321.4136 उस
499.13187 587.4291 587.4302 499.13297 245.47319 245.47 274.87946 274.88266 करता
