74.72784 130.38141 142.09631 86.44276 309.13654 286.49762 315.29657 337.9355 खोह
134.26518 189.76857 207.97667 152.47328 62.29715 29.29805 59.92347 92.92257 बोल
339.75433 383.8294 347.2459 303.17084 173.65097 201.06647 259.88065 232.46515 वह
344.2617 382.76443 375.93002 337.42728 273.43304 284.6244 308.13757 296.94623 पर
331.58206 374.36435 365.04166 322.25937 317.05164 329.48676 361.5609 349.1258 एवं
87.48672 138.8251 148.43985 97.10148 415.12592 394.41504 418.24817 438.95905 आज
90.8244 167.83185 149.50961 72.502174 194.25345 216.62405 279.69553 257.32492 तौर
104.34067 146.85847 148.36032 105.842514 365.2897 362.45114 384.94662 387.7852 कवि
438.707 479.46457 466.90677 426.1492 383.72955 399.57434 431.87683 416.03204 रहे
198.56186 265.9417 257.55713 190.17728 218.59161 238.16382 267.0288 247.4566 आया
49.19525 90.64365 97.37079 55.922394 437.4988 420.78134 437.46024 454.1777 शायद
