462.33624 596.238 596.241 462.3393 271.94348 271.93835 352.77673 352.78186 उभरे
5.2650986 44.181793 44.037502 5.1208057 15.318073 15.6483 32.65331 32.323082 साथ
231.18216 298.9648 302.42343 234.64078 424.30823 415.69397 442.9087 451.52295 आज
196.19612 285.69092 288.42365 198.92885 109.33348 100.60103 128.60738 137.33983 आया
435.0427 496.8134 485.34604 423.57535 380.68945 404.7068 434.1999 410.18256 तक
146.3992 170.26501 176.32687 152.46106 303.12646 293.41772 308.31885 318.0276 यह
62.298077 123.8902 137.3506 75.758484 425.2874 400.44 433.80585 458.65326 जल
528.5575 591.859 591.86084 528.5593 224.88004 224.87747 268.9976 269.00015 गये
71.93773 128.57933 141.10254 84.46094 307.95773 284.91592 315.7006 338.7424 पर
45.187782 70.16414 76.89106 51.914707 448.81122 438.73822 455.41785 465.49084 पर
