32.296036 77.58885 77.566055 32.273243 5.1941795 5.2246056 39.156128 39.1257 कोई
26.189842 67.94439 67.9141 26.159554 58.99185 59.04799 81.57178 81.51564 शक
29.440628 148.7639 148.56136 29.238085 93.843445 94.16812 168.60806 168.28339 सब
104.147354 148.19528 133.72939 89.681465 243.23856 267.29446 293.78244 269.72653 तीन
183.04149 234.73454 234.72395 183.0309 14.296829 14.32634 32.87841 32.8489 जवाब
176.33914 205.77917 205.75348 176.31345 50.51861 50.553703 72.11765 72.08256 वह
212.84296 257.47238 257.45123 212.82181 50.558792 50.609818 69.098656 69.04763 कमर
264.50653 293.57477 293.5536 264.48535 50.595184 50.62841 69.13992 69.1067 का
302.31937 356.28134 356.25192 302.28995 43.406044 43.467728 69.21162 69.14993 आदर्श
170.7014 215.15785 215.12627 170.66982 86.625565 86.70177 105.12082 105.04462 कमर
222.21577 251.1558 251.12419 222.18416 86.69129 86.7409 105.18249 105.13288 का
