197.96469 276.74573 276.74298 197.96194 19.687637 19.693 60.201202 60.19584 बूझ
197.9537 262.10245 262.1 197.95126 69.1974 69.20216 101.83235 101.82759 कर
197.94067 272.2164 272.2137 197.93799 118.70497 118.71068 153.59001 153.5843 एक
300.6236 394.03296 394.03033 300.62097 118.71286 118.72046 151.35 151.3424 नजर
369.69977 493.41022 495.90332 372.19287 215.6885 208.01141 248.186 255.8631 आपके
370.19547 451.6169 454.50534 373.0839 261.31375 256.25662 302.76102 307.81815 लिए
403.01373 473.9206 473.91864 403.01178 43.78132 43.786278 71.91714 71.91218 काट
402.99637 495.28738 495.2842 402.9932 88.115295 88.12251 128.62952 128.6223 सकते
484.01642 529.4769 529.4701 484.0096 10.919645 10.936232 29.752626 29.73604 गया
136.81349 182.9558 182.95403 136.81172 16.308632 16.311653 43.31676 43.31374 कर
-1.3319588 44.33614 59.6515 13.983402 153.33931 96.351944 108.62526 165.61263 धम
