332.6994 350.734 350.13568 332.10107 339.4655 340.08356 357.5429 356.92487 यह
342.3147 387.77026 389.4121 343.95654 45.83268 41.817818 60.406326 64.42119 पास
550.0874 594.79553 594.7372 550.02905 245.46802 245.60223 265.05457 264.92035 तक
225.80838 269.61188 264.6532 220.8497 256.2955 264.29782 291.44095 283.43863 अब
394.8503 447.52884 450.26498 397.58646 40.151108 35.498108 66.47519 71.12819 यह
506.05548 540.1211 540.07526 506.00967 268.6798 268.7802 284.33417 284.23376 अब
554.9433 596.7159 596.6569 554.88434 268.8239 268.93402 291.2859 291.17578 बहुत
371.2744 419.89355 422.83704 374.2179 243.73285 236.83972 257.60068 264.4938 हम
372.29816 420.6618 423.38617 375.02252 272.29742 265.66278 285.52222 292.15686 इस
487.08994 553.37964 555.9458 489.6561 125.047066 118.88992 146.51776 152.6749 वह
257.141 305.7619 308.13367 259.51276 47.10909 42.81376 69.66063 73.955956 भरा
528.70746 596.80426 596.71124 528.61444 208.39554 208.62787 235.89651 235.66418 उनकी
