322.42822 359.66693 353.19226 315.95355 162.82195 171.82701 198.60182 189.59676 पर
44.112534 123.16667 125.38292 46.32878 331.6245 325.12115 352.06177 358.56512 आया
207.04233 309.5149 297.19876 194.72621 146.42392 171.35419 221.97797 197.0477 नजर
352.95203 403.62933 406.3296 355.65228 227.66083 221.74591 244.88068 250.7956 वह
422.8506 467.12457 468.4079 424.1339 298.3028 296.47766 327.6081 329.43323 एक
287.7177 327.8117 327.8725 287.7785 379.56345 379.4857 410.8251 410.90286 जफर
47.540775 90.17828 106.60263 63.965122 232.61783 220.6387 279.09827 291.0774 देर
243.1821 299.28665 293.0997 236.99515 119.18024 132.69016 158.3836 144.87369 साफ
7.67535 39.699066 45.103634 13.079918 238.68394 231.5346 255.74303 262.89236 दिन
16.570423 47.689396 51.162617 20.043644 271.47247 264.59015 280.29462 287.17694 तक
