80.46283 108.46011 120.442474 92.44519 251.79733 243.75272 285.45438 293.499 हुई
498.4635 566.162 565.5812 497.8827 16.547806 17.623383 54.18213 53.106552 मर्द
275.90787 314.84982 308.36942 269.42746 132.74966 142.1376 169.01889 159.63095 सूरत
267.7401 318.35547 311.01764 260.40228 157.10275 169.3652 199.65329 187.39084 इसकी
257.17908 318.1361 313.4679 252.51085 195.97284 210.81268 229.98819 215.14835 भयानक
26.105547 64.44518 70.93983 32.60019 227.50807 218.93243 247.96846 256.5441 आये
38.072662 73.39687 77.970535 42.646324 270.8217 263.01804 283.72134 291.525 याद
249.95331 311.75287 316.08844 254.28888 276.15024 267.8705 300.2313 308.51102 उधर
195.40836 252.22116 244.32321 187.5104 145.0391 158.8208 191.37878 177.59708 बदन
108.09192 165.3797 171.28159 113.993805 235.42555 222.7016 249.274 261.99796 प्रदान
322.56955 386.7432 375.82388 311.65024 151.13304 166.6711 211.76888 196.23082 रहा
