162.9218 208.02544 208.13435 163.03072 24.206266 24.073593 61.102814 61.23549 रही
400.58853 492.70328 492.81094 400.6962 64.04782 63.85205 114.52197 114.71774 बात
316.64633 416.41025 419.81998 320.05606 209.54553 188.60214 204.84448 225.78787 साल
272.64557 326.92426 330.56482 276.28613 165.56287 154.49289 172.34329 183.41327 हर
30.634052 107.75545 107.88823 30.766834 199.13676 198.94011 251.01326 251.20992 ग्रह
29.472893 210.58008 210.69788 29.590675 297.66183 297.23605 347.33658 347.76236 मानवता
446.21637 471.49945 471.5036 446.22052 16.093575 16.090775 53.642303 53.645103 थे
498.34167 573.37915 573.4581 498.42065 25.102617 24.893974 53.29132 53.49996 अमर
345.19843 431.50146 435.32574 349.0227 223.19946 205.4137 223.97061 241.75638 गयी
41.356888 160.39143 160.50748 41.47293 7.1559315 6.802002 45.830032 46.18396 भगदड़
33.56533 95.70725 95.86535 33.723427 63.81763 63.64232 119.682556 119.857864 गई
442.64944 490.19467 490.20065 442.65543 154.26079 154.2548 201.94078 201.94676 गई
523.96277 588.87866 588.9337 524.0178 151.12553 151.04353 194.67076 194.75276 और
