330.01987 367.7537 376.75485 339.02103 106.23649 102.01689 182.51004 186.72963 कर
33.786076 85.059296 96.71829 45.44507 24.488464 7.0092926 41.209656 58.688828 उसका
352.54132 416.9723 416.97784 352.54688 6.0450463 6.0334816 36.955864 36.96743 जब
222.529 279.185 295.82758 239.17159 30.85208 23.072815 144.27983 152.0591 भर
8.371721 40.71879 47.469215 15.122145 35.65979 24.612679 44.3786 55.425713 अन्दर
15.121138 33.787926 33.806084 15.139292 53.466755 53.45716 88.77281 88.7824 फिर
297.01947 349.66064 349.64667 297.0055 5.0301437 5.0495377 43.009216 42.989822 और
387.37274 421.56012 421.60522 387.41785 75.49059 75.42931 100.5931 100.65438 उस
30.60179 58.455795 65.16026 37.30626 62.721268 53.252182 72.97386 82.44295 रूप
266.9574 294.33435 294.3291 266.95215 6.014906 6.0245266 20.98556 20.975939 और
