351.312 385.71826 331.72986 297.3236 255.91818 292.98715 343.0975 306.02853 भरी
482.11655 559.87866 559.8992 482.13705 236.25984 236.22672 284.4878 284.5209 वह
482.16058 576.6752 576.68243 482.16782 337.11478 337.09995 383.40097 383.4158 कम
15.084503 154.9036 154.86179 15.042699 10.324577 10.401154 86.72129 86.644714 उसने
15.315964 172.93262 172.97159 15.354935 115.5376 115.45694 191.62646 191.70712 उसकी
194.3377 325.38934 325.41852 194.36688 134.60168 134.53464 191.54846 191.61551 जगत
512.6335 578.62665 578.6656 512.6724 100.87551 100.7964 133.31613 133.39525 बात
161.50847 206.67299 206.65025 161.48573 22.758091 22.811993 41.861004 41.807102 पतन
216.61678 243.69579 243.67305 216.59404 22.823872 22.85619 41.898067 41.86575 पर
255.84262 332.90604 332.87894 255.81552 14.851982 14.929131 41.987373 41.910225 अफसोस
342.85437 393.81024 393.78754 342.83167 22.97453 23.035343 42.048344 41.98753 करता
161.53822 194.65129 194.63918 161.52611 58.861694 58.882782 77.92758 77.906494 रहा
163.76756 199.87468 199.86732 163.76021 86.926544 86.936386 113.98314 113.9733 और
495.8124 597.30225 597.40576 495.91592 5.3237543 5.17144 74.16088 74.313194 लिए
27.375015 74.497154 74.55426 27.432121 351.0841 350.98425 377.93396 378.0338 कर
96.11766 161.20363 161.26704 96.181076 350.93845 350.8005 380.72305 380.861 कहा
27.47672 80.59824 80.67045 27.548925 406.96463 406.82217 433.7435 433.88596 बस
102.16572 162.24243 162.34314 102.266426 397.79422 397.63852 436.49777 436.65347 यही
