211.1031 312.20905 312.27277 211.16682 27.658749 27.485062 64.58403 64.75771 कराए
337.43384 403.52887 403.59283 337.4978 27.442118 27.328178 64.426 64.53994 गए
197.43759 312.33203 309.86835 194.97392 247.29346 254.29565 294.72052 287.71832 आती
28.948456 93.00384 93.06929 29.013908 26.968815 26.858788 64.96132 65.07134 हम
29.036514 141.1082 141.20732 29.135635 75.29735 75.102905 132.23035 132.42479 होकर
170.6296 227.68095 227.74678 170.69542 94.09807 93.999435 132.08057 132.1792 रह
31.354664 114.38699 114.486664 31.454334 142.64095 142.49599 199.592 199.73695 और
143.90723 321.9692 322.03192 143.96994 161.48016 161.17041 197.2279 197.53766 ताकतवर
128.03502 234.06747 231.85384 125.82137 243.06381 249.52585 285.8486 279.38657 बहस
19.09832 53.090683 53.13131 19.138947 296.06073 296.00073 319.01392 319.0739 वह
71.773506 118.7636 118.80688 71.81678 287.96243 287.88718 314.8961 314.97134 अभी
20.257566 73.23837 73.287964 20.307158 328.87622 328.7824 356.79034 356.88416 आती
