250.09705 343.06 343.0595 250.09656 140.00627 140.00706 196.98293 196.98213 वक्त
437.0487 480.73438 488.88306 445.1974 148.37228 120.33942 133.03815 161.07101 वह
444.46512 491.72818 498.96426 451.7012 175.8175 145.73776 157.10754 187.18729 कर
469.45874 575.7783 575.7904 469.47086 325.49573 325.47272 381.6308 381.6538 दिवस
11.427582 185.29643 185.26503 11.396185 29.209816 29.312424 82.53033 82.42772 आराम
7.1970444 143.81891 143.85336 7.2314987 116.13733 116.07211 188.24054 188.30576 करने
505.53116 577.42126 577.4602 505.5701 161.77383 161.71585 209.98376 210.04175 वह
505.58807 584.3531 584.3737 505.6087 250.23167 250.19858 299.4558 299.48892 एक
213.78119 267.88507 267.86664 213.76276 41.06627 41.107727 65.15853 65.11707 याद
214.90015 252.95532 252.94934 214.89417 92.36212 92.37157 116.39894 116.389496 आ
278.47253 364.42834 364.41656 278.46075 92.393326 92.43553 116.42662 116.384415 आकर
510.81244 577.78186 577.7784 510.80896 384.589 384.59473 424.9944 424.98865 एक
