118.49176 194.82063 194.78723 118.45836 9.858444 9.933147 44.05463 43.979927 अब
116.37619 192.62906 192.62164 116.368774 85.29674 85.313354 119.387314 119.3707 जब
226.66452 334.72488 334.71463 226.65427 72.33918 72.362724 119.41827 119.39472 अपने
116.45278 218.67194 218.68832 116.46917 146.61415 146.5848 203.63057 203.65993 पराई
523.452 566.7948 566.8242 523.48145 69.341354 69.2798 89.97316 90.03471 अब
308.99347 355.4386 341.48767 295.04254 285.59988 311.74796 336.52805 310.37997 करने
499.22382 571.0905 571.1071 499.24042 224.82217 224.79105 263.19913 263.23026 रहा
501.41013 585.0968 585.1212 501.43454 273.87454 273.8394 331.97446 332.0096 और
367.80554 386.96136 353.22107 334.06525 264.35068 285.08438 316.257 295.5233 दैव
4.953537 64.3421 64.327774 4.939208 50.09574 50.138123 70.22003 70.17765 समय
80.27221 111.45234 111.43801 80.25788 50.164734 50.187004 70.253654 70.231384 पर
5.0259247 49.339893 49.33104 5.017072 81.62103 81.63364 112.73895 112.72635 कई
5.1120815 50.40013 50.402267 5.114214 119.14584 119.14252 148.2211 148.22443 दफे
66.33516 102.50723 102.50877 66.3367 127.17761 127.17496 148.21729 148.21994 वह
5.218891 44.442966 44.45478 5.2307053 165.66394 165.64465 189.68979 189.70908 इस
61.4814 113.68515 113.69484 61.49109 165.64992 165.62584 186.65398 186.67805 शहर
463.98938 509.2677 509.26703 463.9887 371.38867 371.38953 406.84467 406.8438 लिए
521.5579 564.8952 564.88947 521.5522 378.28534 378.294 406.86127 406.8526 एक
433.08878 490.39493 503.61624 446.3101 158.6961 122.26999 143.06998 179.4961 इसे
