225.40468 362.8943 362.90442 225.41481 30.09738 30.077576 100.50104 100.52084 बेहयाई
14.60914 77.06976 77.61214 15.151514 159.9997 159.23026 203.25888 204.02832 वह
202.75572 232.75719 225.42949 195.42802 265.19382 276.9268 295.66385 283.93088 पर
415.34476 524.8916 524.9182 415.37137 111.95537 111.90706 172.2606 172.30891 गया
460.53046 552.5363 552.5403 460.53442 11.89045 11.879387 44.81658 44.827644 इतिहास
4.975277 41.670753 42.075962 5.3804855 89.141426 88.57267 114.716194 115.28495 इस
517.2595 578.3574 578.37195 517.27405 117.04953 117.02054 147.66666 147.69565 इसकी
519.40857 593.3147 593.32837 519.42224 155.80313 155.74933 174.53519 174.58899 भयानक
382.1701 454.89795 454.90332 382.17548 10.763868 10.755234 56.189117 56.197754 वह
36.50617 62.30485 62.55444 36.755756 114.78711 114.40268 131.15207 131.5365 पर
541.5471 583.958 583.9861 541.5752 193.9673 193.92586 222.62645 222.6679 वह
