510.50714 560.77594 560.78864 510.51984 110.13449 110.112915 139.76324 139.78482 कर
510.4326 590.30066 590.33386 510.4658 163.7223 163.66005 206.18605 206.2483 सकते
244.19302 344.19028 344.19705 244.1998 21.687494 21.674194 72.79232 72.80562 उनके
374.176 487.77908 487.7856 374.18253 25.077988 25.062363 72.756874 72.7725 जीवन
207.60764 240.66931 233.72626 200.66458 264.81772 277.749 295.5004 282.56912 मर
414.32922 507.1546 507.18738 414.362 115.91159 115.868256 186.12665 186.16998 उसे
503.15234 545.55835 545.57336 503.16736 145.52962 145.5016 168.25041 168.27843 कर
3.8630695 60.33828 60.843155 4.3679447 162.25555 161.55774 202.4173 203.11511 उसे
512.70624 585.41986 585.42633 512.7127 34.598625 34.587715 77.73658 77.74749 तट
184.77034 221.92378 214.99586 177.84242 291.1272 305.6408 323.3756 308.862 कर
