546.6542 593.24426 593.251 546.6609 20.227673 20.209476 37.49226 37.510456 सभी
63.74352 163.73596 163.80746 63.81502 32.011353 31.907074 100.47284 100.57712 चले
246.14438 337.6723 332.19827 240.67036 117.80046 124.12157 203.3838 197.0627 पर्व
544.9933 591.0277 591.1052 545.0708 46.165806 45.968224 64.02515 64.222725 व्यस्त
166.74991 329.2054 329.28195 166.82645 7.97785 7.8070145 80.57979 80.750626 आशा
397.51865 469.59268 462.84012 390.76608 13.3563 25.248817 66.17223 54.279716 बह
201.5887 258.6767 255.86504 198.77702 96.93414 100.88443 141.51767 137.56738 और
47.05191 99.15019 99.17609 47.077805 21.62854 21.57447 46.529877 46.583946 कहा
28.375366 75.67677 66.34086 19.039448 346.74762 394.1059 403.4306 356.07233 कर
33.402557 77.91043 67.7908 23.282927 380.61017 424.3589 434.6541 390.9054 वह
259.4848 308.62238 306.31738 257.1798 105.12323 108.52182 141.84796 138.44937 उसे
