486.15414 550.7505 550.78284 486.1865 384.04886 384.01028 438.1697 438.20828 एक
403.12634 418.4577 419.39917 404.0678 124.93858 124.11699 141.68495 142.50655 और
403.82843 421.90802 421.8836 403.80402 149.11107 149.13783 165.6136 165.58684 उसी
405.51288 423.2522 423.2473 405.508 178.04678 178.05334 191.22943 191.22287 तरह
430.42365 459.9292 459.92432 430.41876 178.07025 178.08118 191.24301 191.23209 व्यवहार
131.98907 284.2517 283.98938 131.72675 42.62445 43.090714 128.7651 128.29884 आपकी
314.44058 382.85764 387.81277 319.39572 69.02277 64.72897 143.68375 147.97754 इस
545.4084 590.8582 590.8742 545.4244 413.45468 413.4227 436.10635 436.13834 कष्ट
116.49953 206.84569 206.93724 116.59108 211.03877 210.83678 251.78334 251.98534 आकर
127.764824 197.03769 197.27377 128.00092 289.23047 288.84045 330.77344 331.16345 शहर
