484.55502 598.3478 598.3771 484.58432 366.64944 366.60532 442.2106 442.25473 जस्टिस
28.279228 147.87091 148.10544 28.513771 275.79413 275.17505 320.4843 321.1034 आत्मगौरव
158.2496 251.29413 251.47739 158.43286 289.8845 289.3878 323.7137 324.21042 झलकता
77.08099 139.5014 139.4569 77.036476 126.00751 126.153534 145.17856 145.03253 पहनकर
145.36621 181.17117 181.11325 145.30829 119.854126 119.939514 144.2291 144.1437 कोट
188.19223 241.27573 241.22168 188.13818 126.3578 126.46297 153.74812 153.64296 पतलून
82.07172 143.84045 143.8227 82.053955 158.86409 158.92284 177.59462 177.53587 पहनकर
149.70616 166.32256 169.75423 153.13783 152.7322 150.6202 177.61925 179.73125 हां
417.39758 541.5219 541.45135 417.32703 64.837555 64.90962 186.44852 186.37645 इस
427.65857 587.77783 588.2366 428.1173 258.48 257.66904 348.2372 349.0482 काम
