568.08215 606.0657 598.17554 560.192 86.701096 99.7923 122.68523 109.594025 तरह
414.98724 466.99603 466.9931 414.9843 26.004295 26.007744 70.012146 70.0087 रही
249.87036 314.23273 314.2365 249.87415 156.16383 156.15273 178.23058 178.24168 अगर
338.90063 397.98547 397.98022 338.8954 156.18614 156.20094 177.24013 177.22533 आप
323.54865 367.602 335.78882 291.73547 17.731773 59.814034 93.1173 51.03504 इन
563.8288 589.1274 589.64154 564.34296 52.653957 52.32145 91.44208 91.77459 इस
201.44144 257.45233 257.464 201.45311 30.002678 29.985893 68.99276 69.009544 और
198.16191 244.16588 244.1685 198.16454 100.013756 100.009254 127.00611 127.01061 यह
103.01075 133.16187 133.22522 103.07409 29.791487 29.68789 48.12433 48.22793 पर
532.7902 562.69305 555.59845 525.6956 62.317352 72.63475 93.19684 82.87944 लोग
379.96866 457.9611 457.96164 379.9692 73.00874 73.00795 127.98454 127.98534 और
