281.59036 306.55893 306.43808 281.4695 120.22409 120.429596 135.11092 134.90541 पर
515.52686 572.6499 572.51025 515.3872 35.939766 36.12278 79.71706 79.53404 कई
515.4969 569.28766 569.2597 515.46893 85.912735 85.944885 132.70895 132.6768 दफे
515.41705 571.3796 571.4024 515.4399 149.67738 149.63734 181.5067 181.54674 इस
531.13745 566.2147 572.12085 537.0436 375.39615 366.53574 389.9175 398.77792 यह
193.87259 243.78671 232.57458 182.66046 166.71248 189.42699 214.06514 191.35063 हम
282.51617 299.04376 298.95752 282.42993 82.83429 82.97215 93.30846 93.17059 पर
440.21097 507.50815 495.01242 427.71524 92.88728 119.05132 151.19185 125.02781 हर
245.15215 302.05286 303.4583 246.5576 214.38594 210.52293 231.22466 235.08766 अब
531.3052 581.1609 586.3983 536.5426 334.0716 321.3911 341.98322 354.6637 आकर
