53.006287 112.2988 112.12314 52.830624 237.13806 237.45206 270.6248 270.3108 स्वर
173.72028 239.55676 239.26233 173.42584 126.55267 127.30603 153.03775 152.2844 बात
179.0726 236.55933 224.8323 167.34558 491.63263 522.2304 544.263 513.6652 कह
32.55156 62.124886 62.053543 32.480217 276.3012 276.453 290.35364 290.20184 ऊपर
72.09549 95.50136 95.4182 72.01233 276.50415 276.62268 293.04315 292.92462 एक
33.90217 64.34961 64.2812 33.83375 302.54294 302.69412 316.47592 316.32474 आध
32.981228 54.355793 54.253407 32.87884 323.56204 323.66562 344.78995 344.68637 इंच
162.04646 204.8813 204.59013 161.7553 98.04112 98.57849 121.788055 121.25069 रहा
176.47006 234.74536 220.64627 162.37097 525.5417 555.4838 582.92426 552.9821 पर
69.2203 120.6755 120.44337 68.98817 191.97908 192.25896 234.93517 234.65529 कोई
