295.8841 327.90344 321.39526 289.37592 335.84998 340.5265 385.08716 380.41064 दबे
518.1685 569.00665 583.19366 532.3555 387.31866 340.7951 356.2978 402.82135 बन
520.2751 590.58636 604.2297 533.9184 439.05508 376.43875 391.75864 454.37497 वजन
183.2491 198.26466 182.94435 167.92879 318.24985 330.3387 349.36807 337.2792 पर
230.5457 365.30658 365.3261 230.56523 416.21124 416.18555 518.8775 518.9032 जाओ
363.5142 405.22372 396.6882 354.97867 317.84467 324.83795 375.74567 368.75238 वह
528.9403 576.2466 588.7274 541.42114 472.88574 431.65314 445.97247 487.20508 लेख
529.96747 581.9816 594.15546 542.1413 500.65182 455.99536 470.17496 514.8314 उनके
179.071 231.157 233.1491 181.0631 439.063 437.57233 507.18005 508.67072 राह
539.7559 588.3625 590.33417 541.7276 196.70355 191.23502 208.76001 214.22855 अन्त
163.45757 184.3485 162.15321 141.26228 341.71182 358.52084 386.106 369.29697 और
387.5255 454.73297 450.57007 383.3626 413.3277 416.16855 514.6517 511.81082 कर
