558.72546 592.7814 586.3218 552.26587 63.13842 66.981224 124.227974 120.38517 वह
175.66797 192.82944 167.84467 150.6832 327.66638 341.4829 372.51642 358.6999 रहे
343.18137 409.3663 407.52084 341.3359 417.26114 418.7368 501.5101 500.03445 घर
58.816772 101.5199 101.614456 58.91133 5.039419 4.861809 27.59648 27.77409 सब
313.26007 366.6449 370.41217 317.02734 269.88654 264.378 300.88782 306.39636 उसके
154.20354 223.91194 226.22957 156.52116 441.5786 439.35138 511.88818 514.1154 आप
367.0149 430.3145 433.28644 369.98682 247.24614 240.67154 269.2851 275.8597 जाकर
521.18945 557.88306 537.9326 501.239 262.85342 295.9838 318.08 284.94962 हर्र
542.4884 590.99866 599.552 551.04175 127.687904 114.87117 147.24515 160.06187 इस
233.35349 285.40353 285.69455 233.6445 441.55722 441.3557 516.542 516.7435 हुआ
