49.322273 74.65857 74.41881 49.082516 137.99823 138.33759 156.23807 155.89871 हर
47.914986 91.340195 91.0169 47.591686 167.25722 167.86089 191.11748 190.51381 चंचल
230.34482 337.32596 337.3394 230.35825 190.34653 190.31516 236.17615 236.20752 जब
229.94981 327.35718 327.8412 230.43382 277.82172 276.84882 325.30872 326.28162 वह
452.48016 531.1745 536.5613 457.86694 150.80437 138.85793 174.34221 186.28865 पर
450.98962 548.2101 556.06445 458.844 198.60307 185.58887 244.26387 257.27808 कई
351.12372 432.25226 434.18787 353.05933 104.734406 100.64542 139.04913 143.13812 हार
13.638863 61.273598 60.940712 13.305977 7.1180496 7.6094894 39.876205 39.384766 और
282.0776 374.23648 374.19388 282.035 10.520836 10.611069 54.150963 54.06073 एक
408.7619 524.95105 524.9121 408.72296 10.648979 10.763062 50.43184 50.317757 अरब
176.55725 270.902 270.71878 176.37402 105.84735 106.236725 150.63266 150.24329 पाठ्यक्रम
451.56638 539.0785 542.77075 455.2587 111.74251 97.29573 119.662186 134.10896 तरफ
345.08667 440.17633 441.95056 346.8609 257.65594 251.28189 277.75 284.12405 लिखकर
380.74722 441.77255 441.74557 380.72025 48.936646 48.99537 77.02084 76.96212 साल
64.58749 88.99331 88.736305 64.33048 197.31409 197.66214 215.68262 215.33456 पर
63.074524 88.57597 88.27644 62.774998 232.09412 232.47168 252.70248 252.32492 वह
464.13165 548.312 551.7875 467.60712 291.31717 281.4211 310.9849 320.88095 यह
361.03552 436.7489 438.75745 363.04407 288.24252 282.9056 311.40018 316.7371 उसके
5.1330147 45.594166 45.226376 4.765226 49.953835 50.727165 69.970245 69.196915 याद
