308.63718 359.41946 351.2125 300.4302 258.53412 271.53943 303.58557 290.58026 और
403.13882 594.0073 594.0486 403.18008 300.91888 300.86353 443.13788 443.19324 छाई
392.54132 411.5912 373.82977 354.7799 154.05792 170.34851 214.50586 198.21527 घर
34.95453 91.939224 91.97631 34.991615 27.076014 27.013863 61.021355 61.083504 पर
290.10822 339.20068 343.15228 294.0598 94.66597 89.08675 123.857574 129.4368 पर
5.475315 74.04349 74.055115 5.4869423 346.15158 346.12997 383.02426 383.04587 सर
104.87042 258.83893 258.8506 104.88208 346.1202 346.07162 382.96384 383.01242 उठाकर
5.4596252 115.16059 115.176956 5.4759903 398.64673 398.6089 446.04315 446.081 उसने
4.94273 92.499374 92.51236 4.955723 232.30246 232.28043 283.93503 283.95706 मन
147.15419 220.99101 221.00398 147.16716 232.2667 232.24814 283.8986 283.91714 पर
293.3027 333.1805 335.98038 296.10257 131.59451 127.04498 151.58652 156.13605 इस
