251.3076 291.33618 291.33807 251.3095 47.672768 47.669716 72.76571 72.76876 बढ़
251.46434 302.4068 302.40942 251.46696 88.610916 88.6048 110.639694 110.64581 गया
253.8099 298.71756 298.7214 253.81375 128.45464 128.44713 151.4294 151.4369 अब
317.6532 357.5334 357.53784 317.65765 129.4443 129.43747 155.41315 155.41998 वह
7.3030853 51.583057 47.735912 3.4559388 76.93183 91.48043 103.18955 88.64095 प्रसन्न
7.294758 54.704132 49.012207 1.6028316 93.35741 108.728485 126.284225 110.91315 इनके
64.679245 103.15228 97.81175 59.338715 112.09743 124.57619 141.04149 128.56273 रहने
8.76936 58.177536 54.40265 4.994471 118.82971 134.81537 146.48273 130.49707 अपना
70.02166 118.857506 113.58106 64.74522 138.64743 154.33997 170.76053 155.068 कसूर
358.49164 497.4828 497.48248 358.49133 4.6252594 4.6256866 99.01987 99.01944 लोग
502.2773 565.4054 565.4059 502.2778 15.696224 15.695595 65.92845 65.92908 पर
