535.20197 550.2399 537.02814 521.9902 7.219063 13.440086 45.376568 39.155544 न
554.6842 594.8712 589.0575 548.8705 14.25161 22.01448 52.110855 44.347984 कर
217.58783 284.59595 281.72357 214.71545 57.845764 66.29895 89.06813 80.614944 एक
175.12366 241.22638 238.18231 172.07959 94.25024 103.33564 125.48347 116.39806 पल
231.77164 336.60965 333.48923 228.65121 102.03615 116.44549 139.14882 124.73948 लगता
482.96228 585.62946 575.32385 472.65668 128.59926 150.54918 198.75206 176.80214 शब्द
24.99617 98.74408 91.10098 17.35307 296.4852 314.64365 345.68503 327.52658 सुख
333.5015 368.84756 364.4388 329.09274 242.17023 245.92133 287.46423 283.71313 तरह
357.93796 385.41263 299.29684 271.82217 35.00743 69.91576 137.69337 102.78505 रहनी
6.3701057 66.825714 69.88675 9.431141 88.99384 81.57891 106.53623 113.951164 भाग
322.0448 339.6222 280.71808 263.1407 11.289627 32.819748 80.9097 59.379578 बीच
473.50946 532.875 528.82513 469.45963 103.31267 115.423874 135.27505 123.16385 एक
