229.20471 276.0341 311.28076 264.4514 164.91573 100.247086 125.77074 190.43938 गाइड
33.84761 120.062 119.98802 33.77364 245.7836 245.91641 293.9293 293.79648 कहते
136.94751 197.87207 215.45084 154.52628 170.35654 114.77835 134.04813 189.62631 कमलिनी
158.87718 191.68663 205.52013 172.71068 206.48613 176.7246 191.97478 221.73631 तरह
206.7773 230.07881 222.64665 199.34514 34.660473 47.4521 60.99068 48.199055 वह
284.78983 381.31723 381.36398 284.83658 12.177412 12.073059 55.34471 55.449066 एक
427.92502 564.9564 565.00793 427.97653 12.020696 11.873177 59.749813 59.89733 हजार
18.822456 104.02501 103.9434 18.740845 301.77344 301.88562 363.86316 363.75098 और
19.834595 147.0106 146.92838 19.752369 379.7399 379.86758 461.75992 461.63223 एक
486.72217 592.4728 592.53467 486.78406 184.62569 184.532 254.45003 254.54372 हुआ
486.74493 580.507 580.54803 486.78595 265.02817 264.9506 314.60593 314.6835 एक
