408.7154 463.8852 463.79352 408.62372 390.31485 390.4252 436.2596 436.14926 जेल
441.90198 597.33887 574.35754 418.9207 163.23587 193.39874 311.82706 281.66418 सबसे
20.946638 78.7294 78.82894 21.046179 74.10114 73.85616 97.334755 97.579735 साथ
93.5325 134.64343 134.76076 93.649826 74.92942 74.74799 101.33419 101.51562 इन
153.25659 206.7182 197.62216 144.16055 39.20543 65.130066 83.88783 57.963196 कान
370.77286 417.35226 423.9385 377.3591 153.80975 141.5364 166.53223 178.80557 पर
476.7406 512.6706 512.6365 476.70648 421.9032 421.95734 444.59906 444.54492 जाओ
20.733877 74.78953 74.9989 20.94325 195.34242 194.84767 217.72356 218.2183 गया
27.51251 87.98335 88.24386 27.773016 239.88507 239.21973 262.89606 263.5614 आज
30.234043 128.67992 129.06747 30.621601 286.06808 284.77603 314.30643 315.59848 इजलास
168.4046 213.26288 202.8472 157.98892 87.614624 109.16613 130.8458 109.29429 भर
519.26666 585.7134 572.9013 506.45462 105.38867 117.7048 186.8269 174.51077 ठीक
4.0275936 44.38317 44.514145 4.1585674 100.84668 100.63023 125.05081 125.26726 उसी
8.295427 47.923653 48.052338 8.424112 141.31184 141.0428 159.99709 160.26613 तरह
56.43954 102.091644 102.253845 56.60174 133.6443 133.33827 157.5348 157.84084 चली
10.758109 37.602814 40.86097 14.016265 164.66165 161.91177 193.71848 196.46835 गई
