253.874 325.1195 319.54935 248.30385 93.34155 109.63501 133.99124 117.697784 सकते
373.51495 403.22406 385.66602 355.9569 298.69067 311.4571 352.31696 339.55054 उसी
346.4698 364.76727 353.6037 335.3062 364.53342 372.26956 398.6735 390.93735 पर
273.46228 355.75635 362.62866 280.3346 463.13223 440.98508 466.5212 488.66837 दर
124.47754 196.21948 186.43036 114.68841 7.0642776 24.119019 65.29767 48.242928 पैर
128.27115 254.17587 245.05515 119.15041 89.07672 116.624115 158.31027 130.76288 छूकर
382.45386 401.7881 391.3858 372.05157 377.07584 385.717 408.99167 400.3505 बदा
294.52676 363.53537 368.19852 299.1899 526.3143 510.20758 530.1867 546.2934 वह
352.33054 376.4877 367.50443 343.34726 334.68036 350.40747 364.206 348.47888 जवाब
378.37515 399.81607 390.32828 368.88736 351.7386 365.69214 380.271 366.31744 जरूर
