454.70895 568.4835 568.59985 454.8253 317.223 316.95126 365.67154 365.94327 धनी
34.406372 138.17188 132.26788 28.50238 3.7866898 11.605385 89.95978 82.14108 बहुत
324.88306 373.72888 374.0274 325.18158 344.31506 343.64423 365.37946 366.0503 हाथ
411.77194 551.2572 581.75476 442.26944 181.43965 131.01102 215.36693 265.79556 देश
410.94394 482.64114 482.72873 411.03152 14.328093 14.000908 33.197968 33.525154 गया
337.5784 382.70145 383.0836 337.96054 323.79443 322.8385 340.87506 341.831 उठा
370.5042 387.50476 392.74274 375.7422 55.453552 47.77807 59.379784 67.05527 वह
475.53705 568.77997 580.6314 487.3885 88.91115 51.58922 81.19806 118.51999 तक
472.2823 576.1114 592.4355 488.60638 129.99426 90.60785 133.64093 173.02734 गयी
406.6637 459.47357 459.65454 406.84467 39.94053 39.487038 60.563034 61.016525 हन
402.3369 467.9837 468.2694 402.62262 302.3956 301.5665 324.1868 325.0159 इसके
396.87308 440.52402 440.6158 396.96487 334.33887 334.0299 347.00287 347.31183 चार
355.09314 389.84473 390.32062 355.56903 303.3878 302.39816 319.10953 320.09915 इस
355.79974 420.528 420.5556 355.82733 2.7961712 2.664671 16.22988 16.36138 जनता
