222.36903 271.10864 271.86462 223.12502 108.039444 105.9146 123.25531 125.38016 उसे
294.1906 341.3675 341.98975 294.81287 109.66347 107.644485 122.18451 124.20349 एक
360.3219 399.18054 383.70862 344.84998 408.77136 458.86743 470.86877 420.7727 अपने
344.43655 372.9194 354.93063 326.44778 431.45947 468.5252 482.3485 445.28278 कई
78.46936 126.426254 128.38226 80.42537 495.40997 487.97467 500.5907 508.026 जब
435.19696 492.6701 495.12073 437.64758 27.566 18.713337 34.623108 43.475773 जब
502.4452 571.8646 575.42834 506.0089 17.207642 6.514885 29.651054 40.34381 कुछ
46.955498 128.29959 141.39487 60.050774 292.0648 257.70023 288.6979 323.06247 रहा
22.888191 124.1202 141.79556 40.563545 353.1889 308.1621 347.90088 392.92767 गयी
128.69331 163.17009 165.00792 130.53114 491.22775 485.82083 497.53952 502.94644 वह
410.42078 497.77643 498.93207 411.57642 72.67903 67.34564 86.27434 91.60773 एक
-5.213793 61.83204 69.691315 2.645485 325.255 297.0124 315.66974 343.91235 काम
