30.090012 109.7172 88.91641 9.289226 232.12366 317.99213 337.281 251.41255 आए
468.0997 525.4519 525.63306 468.28085 434.95956 434.50015 457.1157 457.5751 एक
539.8385 586.1686 586.30835 539.9783 441.05273 440.8401 471.2884 471.50104 उसे
161.70142 217.69275 217.51859 161.52725 348.487 348.88696 373.26605 372.8661 प्रकार
12.968552 59.50184 46.902275 0.36898708 273.36716 321.74045 333.86075 285.48746 इस
219.94952 264.7105 262.80115 218.04018 3.4572144 6.853092 32.0202 28.624321 यह
130.64015 196.74968 196.69627 130.58675 423.70648 423.85193 448.1374 447.99194 मनुष्य
130.95802 189.58449 189.56834 130.94188 447.63333 447.67386 471.01633 470.9758 करके
179.92555 227.27333 227.18825 179.84047 399.99966 400.18655 421.74655 421.55966 उस
317.38864 426.7438 419.28165 309.92648 6.7523193 40.45114 64.66635 30.967527 खेल
