236.25784 304.2142 313.31345 245.35709 135.80646 111.1031 136.13425 160.8376 इस
40.4458 82.72228 84.99472 42.71824 74.781906 70.74106 94.515945 98.55679 अपने
37.54303 73.985466 76.44303 40.000595 102.30861 98.97331 125.825455 129.16075 कोई
245.4915 298.22437 303.0047 250.27184 115.617325 96.24222 109.252716 128.62782 बना
313.88303 356.1901 324.8801 282.57303 317.7339 369.29333 394.98474 343.4253 फिर
8.734081 62.183178 59.296986 5.84789 10.073868 12.539207 75.11245 72.64711 रंग
77.036575 119.34827 116.934845 74.62315 553.5898 564.6684 573.8857 562.80707 सब
77.17113 126.00427 122.85538 74.02223 568.2827 580.6946 593.0835 580.67163 ऐसा
302.68484 339.29465 315.00723 278.39743 245.1441 290.47256 310.08844 264.75998 खुश
58.080757 126.00196 129.37021 61.448997 26.69095 19.867805 53.397034 60.220177 उस
