285.04095 315.36853 332.75995 302.43237 240.87292 201.66888 215.12262 254.32666 यह
349.5733 543.63696 542.53143 348.46777 77.96648 79.36864 232.3749 230.97273 बंद
189.17352 230.76663 251.34659 209.75348 38.533756 6.2077484 32.68748 65.01349 तरह
121.17967 186.62105 181.13603 115.69466 45.44748 64.26166 83.34018 64.526 गया
91.85547 116.9131 121.48564 96.42801 323.49417 320.1622 354.5497 357.88168 जब
413.37927 482.06696 481.83954 413.15186 4.0809574 4.6816196 30.69029 30.089628 बात
298.6043 329.8487 345.55103 314.30664 265.39603 224.52405 236.52762 277.3996 रहा
79.73628 113.33475 110.49675 76.898285 218.50595 223.07578 243.9415 239.37167 वह
75.4365 106.44201 103.99416 72.988655 248.7493 252.89438 271.20444 267.05936 रथ
415.80484 504.97464 504.8489 415.6791 239.83752 240.0293 298.48718 298.2954 सिर
