184.79326 244.78905 245.43654 185.44075 21.367506 19.810352 44.758057 46.315212 भूल
184.89775 249.2397 249.66911 185.32716 49.77066 48.62709 72.78701 73.93058 गयी
280.3891 341.86377 342.17877 280.7041 54.510654 53.418045 71.14281 72.23541 अब
264.8332 342.44904 325.45734 247.84148 445.41986 454.5511 598.98236 589.85114 दूर
119.161804 163.5646 148.67395 104.27115 88.6913 113.05481 140.19322 115.82971 और
95.19801 129.99438 120.351715 85.55534 138.30106 157.20874 174.95444 156.04675 दम
207.1978 248.67943 248.68327 207.20164 542.518 542.5135 578.15485 578.15936 दशा
32.022446 118.57571 84.94819 -1.6050739 130.36078 176.62885 239.53552 193.26746 हुए
64.43046 108.19507 88.892815 45.1282 527.70886 570.26843 590.1172 547.5576 रहा
337.70346 363.92538 358.78458 332.56265 505.90228 509.67377 545.41644 541.64496 और
325.01218 381.62265 381.61148 325.001 559.3005 559.32086 590.2579 590.2375 झांककर
