201.06772 248.00052 233.12003 186.18723 136.30595 171.12334 191.18181 156.36443 बढ़
244.54758 347.6727 348.23734 245.11221 30.969406 28.623985 53.450317 55.79574 याद
246.29991 344.62115 344.9854 246.66417 62.96098 61.870598 94.71762 95.80801 और
244.9003 328.5104 328.49265 244.88254 118.19345 118.26343 139.52448 139.4545 हम
229.15558 262.47574 257.30496 223.9848 482.56976 486.15088 534.2619 530.6808 और
220.6706 248.64691 244.53207 216.55576 545.42914 548.41986 586.91144 583.9207 इस
257.8001 308.14972 308.15356 257.80396 548.3507 548.3441 577.605 577.6116 प्रकार
318.4992 358.5605 358.56433 318.50305 548.28516 548.2799 577.5984 577.60364 आप
64.61557 105.7283 86.4202 45.307465 532.89746 572.9087 592.7483 552.73706 गए
22.704628 128.28961 106.30419 0.71920204 78.919586 136.1878 176.7222 119.45397 उनकी
310.98166 343.918 344.00253 311.0662 461.72266 461.59796 483.92212 484.0468 पास
309.4515 327.8752 323.35568 304.93198 496.08337 498.55493 532.2456 529.77405 रहे
37.003067 99.05869 86.49958 24.443954 163.35062 196.65582 220.05649 186.75128 रुपए
205.90065 271.11462 271.69702 206.48308 11.048432 9.055031 28.109383 30.102783 एक
290.2298 384.65283 385.2766 290.85358 7.821403 4.958826 25.533516 28.396093 महान
254.06424 277.19263 273.8583 250.72992 430.35126 432.97955 462.32074 459.69244 इस
288.13095 309.1606 305.13235 284.1027 422.20856 424.82043 457.2547 454.64282 ढंग
