260.35928 305.30685 298.50656 253.55899 446.56482 451.7901 510.2859 505.0606 कुछ
212.14792 247.62189 237.13269 201.65872 131.72131 157.8941 172.1109 145.93811 भर
66.114365 183.66559 156.41336 38.862137 54.96518 119.1579 169.06284 104.87012 जनता
251.19473 317.96494 318.28366 251.51346 64.01327 63.118385 86.901634 87.79652 एक
251.33435 330.57617 330.6595 251.41766 93.67444 93.46146 124.45665 124.66963 परदे
60.091568 106.37749 92.94893 46.663006 525.15735 570.1803 583.9856 538.96265 समय
224.69699 353.822 353.79837 224.67337 513.26074 513.301 588.9877 588.9474 रखना
188.4329 230.45833 222.39851 180.3731 143.76743 174.9643 185.82169 154.62482 डॉक्टर
361.5614 386.9301 382.24084 356.87213 543.0525 546.94666 577.495 573.6008 नस
36.359077 103.939026 85.9321 18.35215 170.25038 206.37605 240.06145 203.93578 गहने
264.28378 379.9573 379.6732 263.99966 160.48987 161.3797 198.31235 197.42252 आँख
259.11902 353.90356 353.21252 258.42798 212.17291 214.32349 244.77939 242.62881 लड़
259.04858 330.46216 329.15857 257.745 241.30923 243.53287 285.3973 283.17368 गई
