422.79584 439.65613 452.3346 435.4743 397.12854 385.19672 403.11206 415.04388 इन
114.37429 129.67053 140.54648 125.25022 221.53844 216.86386 252.45232 257.1269 के
134.1857 166.73709 178.37088 145.81949 223.05959 182.7524 192.14766 232.45485 ऊपर
168.5993 196.4943 208.33026 180.43527 180.44647 145.90515 155.46368 190.005 एक
126.644684 154.26236 165.35837 137.74069 283.1651 249.81195 258.99988 292.35303 आध
132.67822 157.51843 173.58069 148.74048 317.7474 288.37296 301.95584 331.3303 इंच
340.4905 383.45816 376.93863 333.97098 292.77182 314.57736 327.4241 305.61856 आज
392.76007 474.9845 486.6147 404.39026 460.0673 441.35245 492.45004 511.1649 और
362.627 403.6703 403.72852 362.68524 6.5800657 6.4740334 29.00838 29.114414 यह
64.91547 114.787476 138.3259 88.45389 80.53969 11.660164 28.703087 97.58261 भाग
47.274635 67.2521 79.06499 59.087524 234.82117 208.87204 217.96643 243.91556 यह
59.6067 95.365036 106.92082 71.16249 270.17438 224.88055 234.00354 279.29736 कहकर
96.71807 120.244316 134.09015 110.563896 223.16673 193.36687 204.2978 234.09767 एक
123.00514 145.89555 157.2696 134.3792 189.86978 160.87534 169.85489 198.84933 बार
425.3927 454.6385 457.98407 428.73828 506.94516 500.53033 515.7832 522.198 रख
