188.65413 226.04887 229.49586 192.10112 25.291359 16.566933 31.34148 40.065907 हम
174.22618 233.39873 228.7076 169.53505 144.13205 162.11057 177.55038 159.57187 वक्त
361.79163 493.5188 487.97632 356.24915 30.814941 35.81076 181.95268 176.95686 फट
551.92004 580.1295 573.87695 545.6675 227.61163 236.7359 256.06696 246.94269 कुछ
169.74863 224.03555 228.2869 173.99997 76.59778 63.425476 80.94647 94.118774 अब
173.5906 240.44708 233.91553 167.05905 117.18169 136.95784 159.03877 139.26262 चले
453.22357 508.07135 508.10175 453.25397 28.086468 28.034916 60.385044 60.436596 जीवन
169.44934 228.01797 231.52295 172.95432 48.400223 34.51861 49.306633 63.188248 लाए
177.69624 249.61107 242.91432 170.9995 191.84862 215.24422 235.82909 212.43349 उस
372.7857 393.9403 391.9074 370.7528 196.88553 198.07956 234.09698 232.90295 नई
