432.65442 469.45184 431.1671 394.3697 346.3761 404.14972 428.53418 370.76056 भर
236.99268 260.98453 261.00946 237.01761 166.84775 166.81485 185.00021 185.03311 वह
82.09213 123.19641 102.755615 61.651333 262.9378 310.92688 328.43512 280.44604 वरे
427.5259 472.3926 438.3381 393.4714 248.93817 322.22217 343.0714 269.7874 जरूर
232.80132 310.38483 310.42114 232.83763 6.5602803 6.435768 29.057499 29.18201 जमा
106.08244 161.52481 143.13966 87.69729 91.91795 162.89645 177.25737 106.27888 बात
94.666046 160.36127 133.71295 68.01772 136.3625 218.2835 239.6537 157.73271 दिल
80.97133 132.58789 109.01686 57.400303 189.67673 252.01285 271.5305 209.19437 रही
373.62198 431.89944 379.1843 320.90683 178.76907 271.1543 304.4075 212.02228 स्वस्थ
198.27623 229.27217 229.36787 198.37193 35.864613 35.763 64.95511 65.056725 एक
291.1406 347.8043 348.08 291.4163 48.698437 47.942787 68.61665 69.37231 तरह
