80.318794 122.15972 78.62087 36.779945 277.80258 297.65024 389.43454 369.58688 एक
324.98358 363.31262 361.8813 323.55225 360.1426 364.87466 376.4681 371.73605 और
324.18146 370.4574 369.24634 322.9704 378.74466 384.99094 393.96298 387.7167 दहक
325.0158 364.93506 363.14233 323.22308 390.528 395.9582 409.13745 403.70728 ऐसा
326.42545 357.21884 355.934 325.1406 409.6595 414.08942 423.02057 418.59064 यह
462.40472 537.469 534.5431 459.4788 275.95334 288.7629 305.90897 293.0994 यह
32.704117 81.12165 36.21054 -12.206993 232.20163 328.16843 350.82718 254.86038 लोग
177.89537 193.3474 193.30446 177.85243 433.86093 433.92563 444.17484 444.11014 घर
326.3474 370.25024 368.65796 324.75513 341.98935 347.07693 360.8173 355.7297 वह
198.49513 224.81377 224.85127 198.53264 8.438411 8.389587 28.613163 28.661987 पर
333.1429 379.77927 377.8995 331.26315 420.0821 426.97302 439.6947 432.80377 सोच
