443.1642 490.04 457.2015 410.3257 438.89233 456.3979 544.33167 526.8261 लिए
385.6038 476.1649 476.27762 385.71652 533.7993 533.6261 592.55066 592.7239 संसद
349.9866 401.92032 396.0936 344.15988 230.95114 242.78122 268.3603 256.5302 तक
297.60873 420.69016 429.5314 306.44998 100.29005 75.04904 118.16122 143.40222 एक
469.51614 505.58182 509.15158 473.0859 396.21085 384.93356 396.35 407.6273 वह
464.63892 504.8291 505.0631 464.87292 7.0368385 6.6833954 33.28977 33.64321 और
472.67413 507.41675 485.7279 450.9853 542.6648 556.9099 609.8071 595.562 रुपए
475.6842 500.90442 483.547 458.32678 414.33905 424.05267 469.11908 459.40546 उसी
221.89807 278.43488 284.9841 228.4473 46.98466 34.79815 65.18193 77.36845 लिए
288.14114 344.0342 350.2054 294.31235 32.456333 20.393566 48.98807 61.05084 और
223.23303 317.46783 323.24982 229.01501 86.1321 66.25654 93.67028 113.545845 रजिस्टर
330.66193 392.6513 396.75677 334.7674 71.77612 58.70163 78.16655 91.24104 बगल
