155.91093 257.0448 251.82185 150.68797 48.67237 66.24209 96.30619 78.73647 तक
82.95274 158.57936 157.96855 82.341934 270.68893 272.0535 305.90518 304.54062 धुन
380.38666 407.91168 406.37482 378.8498 329.82138 332.36087 349.0187 346.47922 समझ
312.18155 386.26932 389.62332 315.53555 29.438593 21.39428 52.284393 60.328705 रात
168.40714 250.3334 246.29489 164.36862 22.639206 36.150322 60.638336 47.12722 अपने
11.491058 144.00247 139.13902 6.627614 18.839455 33.54636 77.366684 62.65978 अब
348.55658 418.99963 423.55524 353.11218 62.860233 54.88211 95.10599 103.08411 पर
166.45816 246.92307 242.11765 161.65274 84.6701 99.28533 125.741844 111.12661 पर
484.17014 535.10675 558.35547 507.41888 337.72455 299.68732 330.82025 368.85748 मदद
538.9565 580.53253 601.76105 560.185 296.49335 265.41626 293.81653 324.89362 कर
