311.52054 429.7418 436.8513 318.63004 34.71018 21.79734 86.88721 99.80004 तक
521.2339 569.94275 569.81836 521.1095 8.993759 9.236259 34.21453 33.97203 वह
520.34424 570.2837 569.9708 520.0314 44.38703 44.866135 77.484215 77.00511 हुए
326.2541 374.77917 375.3885 326.8634 316.7074 314.75555 329.9043 331.85614 बन
49.78488 188.80365 187.0512 48.032417 246.37408 251.53125 298.7718 293.61462 केवल
155.86252 204.91443 202.1098 153.05789 12.041721 19.702053 37.661114 30.000782 पर
15.928177 80.36887 78.0199 13.579201 23.695831 30.755814 52.19632 45.136337 पर
97.38391 141.4215 139.27565 95.23807 32.619946 37.131207 58.078335 53.567074 न
29.233627 154.11255 151.17998 26.301064 67.263374 79.21641 109.85435 97.90131 संकट
47.562775 139.38358 137.63516 45.81436 127.28058 134.30032 157.17023 150.15048 साथ
154.49796 253.59283 248.62561 149.53073 37.885056 54.80258 83.89815 66.98062 इतनी
165.42075 237.4526 232.59479 160.56293 73.74203 86.11494 114.39597 102.02306 और
