546.7487 597.63446 591.8747 540.98895 83.249374 86.90987 166.97813 163.31764 उस
42.557205 85.89024 88.01758 44.68454 14.319846 11.481438 43.95862 46.797028 नईम
99.342155 144.62442 146.41989 101.13761 11.573984 8.598576 35.92324 38.898647 अजी
158.5713 198.7141 199.9594 159.8166 16.090778 13.453075 32.40527 35.042973 आप
245.57199 298.1423 298.0403 245.47 4.527725 4.7104454 34.04972 33.867 एक
312.86954 366.2726 366.17 312.76694 4.573021 4.758629 34.286514 34.100906 उच्च
236.14142 296.47052 296.2209 235.89178 58.563812 59.08165 88.16586 87.648026 स्तर
234.21188 269.85333 262.053 226.41158 97.08029 103.42793 147.22595 140.87831 की
283.0543 343.62643 343.23117 282.65903 112.68216 113.50882 142.47263 141.64597 परत
2.1387825 99.02248 102.92345 6.0397606 79.27949 73.38185 137.46536 143.363 गयी
2.058815 88.92436 92.960915 6.0953674 157.64952 152.7274 223.9647 228.88683 कई
294.52557 379.2202 378.8651 294.17047 76.47761 77.37824 110.77189 109.871254 शहर
367.093 418.95676 421.7961 369.93234 166.27289 162.64185 203.1977 206.82874 कर
