269.07812 319.61285 322.3792 271.84448 199.99973 196.07196 231.66388 235.59164 देख
3.8720112 57.094067 85.99087 32.76881 451.11987 434.91284 529.80676 546.0138 चले
395.64926 439.9637 445.46988 401.15543 441.52634 413.17783 421.78513 450.13364 अब
397.27502 445.10944 450.511 402.67657 459.29022 429.2791 437.8886 467.89972 जाय
12.339508 177.90604 153.90086 -11.665657 225.98419 306.34613 355.80304 275.4411 रहती
322.01434 350.63098 351.73474 323.1181 210.26924 208.04692 222.26 224.48232 गया
20.67994 92.33714 82.42269 10.765484 64.13528 95.48629 118.147194 86.79618 राम
21.949158 121.19403 106.99481 7.749935 106.3522 151.02203 182.56906 137.89923 करते
495.68628 590.2168 590.04114 495.5106 34.17083 34.514458 82.85374 82.51011 बहिन
15.615082 103.865845 92.32261 4.0718465 145.9922 186.45412 211.63084 171.16893 बारह
15.694473 88.767044 74.864334 1.7917619 189.6038 223.96819 253.53096 219.16658 बजे
