489.351 565.3245 565.3315 489.35797 323.37265 323.35825 359.82364 359.83804 तथा
489.26453 566.4325 566.49194 489.32397 367.1344 367.0462 419.03534 419.12354 जेल
513.19586 586.85156 572.65265 498.99698 473.41772 501.649 538.6941 510.46283 एक
21.812592 198.39676 166.70047 -9.883701 201.86462 287.1975 352.7884 267.4555 उस
498.97528 593.52136 593.3383 498.7922 48.462044 48.770836 104.81791 104.50912 पर
5.4627686 174.55774 160.34283 -8.752134 82.44914 157.89958 189.75716 114.30672 आएगा
5.659729 165.8764 144.6214 -15.595277 138.05817 212.35645 258.1907 183.89243 अपनी
23.442322 96.248764 134.86671 62.060272 391.83035 370.75922 504.19467 525.2658 आर्य
494.7815 566.26965 566.2207 494.73254 179.55002 179.65247 213.80527 213.70282 एक
494.7484 575.0399 575.02185 494.73038 227.15009 227.17862 277.9139 277.88538 परदे
388.31012 441.6958 450.60266 397.21698 455.1761 421.33966 435.39252 469.22894 ढ़ग
90.32443 149.69183 140.92578 81.55837 92.255615 118.15378 138.24857 112.3504 पर
2.5418167 18.688343 28.28022 12.133694 433.1938 428.30408 459.97803 464.86774 और
10.240999 44.73993 58.329826 23.830896 482.83884 461.47787 483.42618 504.78714 झांककर
