320.8402 392.64197 396.0952 324.29346 216.77042 208.21674 237.20392 245.7576 तक
407.27148 442.42645 445.89087 410.7359 206.37881 202.19083 231.27176 235.45975 न
326.5968 458.42133 458.49036 326.66583 436.34137 436.24786 533.6236 533.7171 कर
161.77625 187.36853 188.43414 162.84186 434.9138 433.17233 448.83243 450.57388 लगे
250.79181 302.58282 294.40173 242.6107 407.82288 420.25665 454.33392 441.90015 एक
5.1860466 57.51061 56.033047 3.7084854 18.142597 20.91161 48.832256 46.063244 यह
128.1545 245.66765 245.46553 127.95238 39.356865 39.8676 86.37292 85.86218 सकता
321.0814 438.126 438.4017 321.3571 330.6077 330.29294 432.81668 433.13144 और
235.44589 263.9972 260.08844 231.53712 449.2746 456.19794 472.3175 465.39417 सक
18.9123 63.35214 62.182198 17.74236 52.03537 54.33348 76.957214 74.6591 एक
366.86395 451.0066 457.1684 373.02576 116.17794 105.74873 155.46216 165.89137 लगाई
230.61215 256.16165 251.50616 225.95667 487.5816 493.87708 512.77094 506.47546 इस
