315.82788 431.51196 443.06384 327.37976 176.83585 163.28122 261.87244 275.42706 रही
8.2594795 64.35278 63.410336 7.317034 14.358391 17.361572 34.964554 31.961372 आया
6.9838867 42.790085 41.884476 6.078276 54.92 56.774193 74.262344 72.40815 तब
150.08087 238.21118 237.99811 149.8678 23.093658 23.440552 77.56974 77.22285 एक
252.11084 286.75305 281.76172 247.1195 419.87976 428.1892 448.99817 440.68872 अब
231.58167 267.9234 262.9835 226.64174 465.33344 474.21735 494.4253 485.54138 गया
383.89484 456.9511 462.55438 389.4981 115.24995 106.178314 151.30273 160.37436 अपने
234.73312 281.95453 281.8549 234.63347 58.67414 58.871086 82.76589 82.56895 घर
102.037865 127.81454 129.54819 103.77152 296.08234 293.4522 310.44293 313.07306 यह
43.27498 105.35659 104.99675 42.91514 108.88957 109.36537 156.3159 155.8401 झूठ
260.76355 295.12244 289.84216 255.48326 396.20718 404.37192 426.59256 418.42783 और
18.4317 56.321716 59.315857 21.42584 301.24783 297.40805 326.95334 330.79312 बनी
66.946075 103.2406 106.35315 70.058624 295.15085 291.47275 322.18655 325.86465 और
