490.98346 575.8378 575.451 490.59662 143.44415 144.0097 202.0434 201.47784 घर
126.446686 272.08234 272.79303 127.15738 6.2059383 3.619545 43.638306 46.2247 उसने
250.71341 286.88925 314.59042 278.41458 121.19885 102.25864 155.16791 174.10812 धन
372.7094 407.1454 396.27856 361.8426 71.39517 87.6248 110.681946 94.45232 बात
175.7687 217.79773 222.86224 180.83322 114.923386 110.56502 159.40364 163.76201 सिर
152.28732 228.5285 226.88968 150.6485 62.93496 66.23028 104.14669 100.85137 और
464.1969 533.3883 533.31104 464.11963 8.14856 8.286907 46.939842 46.801495 इस
9.046528 44.489986 42.733265 7.289805 267.28906 270.4301 290.25275 287.1117 एक
226.1481 262.31546 261.7662 225.59885 86.26036 87.78987 100.77763 99.24812 राह
471.11224 543.6434 543.52057 470.98944 56.351562 56.596954 92.89392 92.64853 तरह
