373.53036 417.17593 452.28232 408.63675 350.32007 323.5728 380.85864 407.6059 दया
471.6567 511.7949 511.79623 471.65805 94.88614 94.884 119.885376 119.88751 वह
528.243 577.5439 577.54645 528.24554 93.85226 93.84673 116.87861 116.88413 थक
471.6651 513.7729 513.75397 471.64618 133.87117 133.90184 159.85973 159.82906 कर
472.74384 519.8677 519.8347 472.71085 173.80118 173.84839 206.79364 206.74643 चूर
526.0492 571.24585 517.55286 472.3562 490.32904 513.8217 617.1197 593.627 हुए
196.63007 316.6563 311.3853 191.35905 82.92122 112.227196 133.81525 104.50927 तरस
197.22284 343.41718 336.12958 189.93526 123.01265 157.20515 188.36406 154.17155 खाओ
433.00897 595.4526 595.3304 432.88678 228.56339 228.90036 287.79892 287.46194 समझा
517.719 559.1127 526.03625 484.6426 431.08234 450.4267 521.2045 501.86017 चक्र
495.10748 552.4473 552.47845 495.1386 38.824497 38.763123 67.82312 67.8845 कहते
551.1776 581.2871 554.7777 524.6682 545.4238 561.01086 612.2191 596.6321 पूछ
