257.39066 333.54202 339.37674 263.22537 120.09357 98.81259 119.69144 140.97241 हृदय
260.325 328.4231 332.9948 264.89673 148.68196 130.22408 147.09077 165.54866 उठा
203.19427 249.7782 223.92636 177.34244 234.76614 255.31912 313.913 293.36002 दुआ
148.16736 202.65735 210.66986 156.17987 70.87877 54.213425 80.41162 97.076965 आठ
204.4101 250.39001 253.71094 207.73102 402.207 397.86307 433.01437 437.3583 रोष
213.29723 260.83282 228.60909 181.07347 286.89774 308.68204 378.99765 357.21335 इस
258.5805 296.12524 274.4886 236.94385 243.7496 261.43845 307.36252 289.67368 सभी
381.15982 424.78696 425.47867 381.85153 71.83391 71.37465 137.08357 137.54283 हुई
375.16064 429.11407 436.28326 382.32983 157.3448 142.25285 167.88255 182.9745 इन
92.24002 148.94885 161.22458 104.51575 96.37158 78.94977 118.90782 136.32964 लोग
