214.24765 241.62592 239.07846 211.7002 36.07085 44.494053 52.77418 44.35098 पर
206.50044 254.00652 257.34216 209.83607 402.65784 394.65576 414.45856 422.46063 साथ
252.32544 295.54034 288.5907 245.37581 294.1178 307.78326 329.76038 316.0949 रह
245.3389 316.99506 307.63565 235.9795 324.71933 347.9028 376.8311 353.6476 ठीक
53.56656 116.5878 65.05943 2.0381966 -18.962128 7.00576 132.05945 106.09156 यह
259.14923 305.88196 301.74213 255.0094 251.29285 265.6034 279.12244 264.8119 पर
253.36429 308.9884 304.7579 249.13377 276.616 293.98477 307.53317 290.1644 हम
72.41557 99.815445 78.42668 51.02681 100.74608 112.687195 161.76546 149.82434 रूप
150.2565 217.19434 211.80685 144.86902 15.392441 35.857986 53.47914 33.013596 जल
139.19821 189.63052 188.0643 137.63199 59.195007 61.98259 90.31839 87.53081 यह
