191.21683 242.3075 230.87292 179.78226 401.9917 433.0185 451.8474 420.82062 कुन्दन
8.413651 34.5695 58.42501 32.26916 354.7634 337.02914 372.2131 389.94736 पर
56.145508 111.70712 123.917114 68.3555 336.56302 315.25778 347.1 368.40524 सत्य
7.1133575 130.87898 129.21426 5.448633 516.08997 524.6904 548.6466 540.04614 सलाम
16.958427 116.02416 114.40568 15.33994 556.56635 561.09845 596.4759 591.9438 करने
314.69122 414.97058 426.5246 326.24524 554.27795 489.60986 507.5265 572.1946 सब
89.409164 144.68881 148.9872 93.70755 216.51659 208.16112 236.5992 244.95467 गये
199.19795 253.27675 200.19164 146.11284 -2.8094635 30.468552 116.73506 83.45705 रख
3.095459 56.142273 104.80716 51.760345 274.91565 240.29492 314.8606 349.48132 ईश्वर
25.391281 131.39517 128.699 22.695122 407.7281 418.771 444.65204 433.60913 महत्व
363.25537 462.7657 481.203 381.6927 450.8831 382.80795 409.75912 477.83426 गई
83.05083 209.0347 196.83128 70.84742 78.511185 102.23317 167.04362 143.32164 चुपचाप
86.54458 135.81302 138.86783 89.59939 189.26247 182.325 204.01964 210.9571 भूत
