363.13327 404.92307 404.9742 363.18442 326.34842 326.2548 349.09012 349.18375 उस
360.55038 406.55057 406.54715 360.54697 369.77484 369.78217 391.305 391.29767 जन
541.57574 593.8531 593.95844 541.6811 321.3126 321.07156 343.93082 344.17184 भूल
542.6215 587.2237 587.309 542.70685 350.43756 350.1958 365.93805 366.1798 अब
5.2670383 30.895279 30.55683 4.9285884 291.79156 292.02014 329.96655 329.73798 उसे
374.9456 396.7382 411.93527 390.14267 114.42812 106.813034 150.30353 157.91862 कर
450.36584 533.5542 533.54407 450.35568 355.74454 355.767 393.288 393.26553 करके
5.907278 20.350302 19.866896 5.4238725 334.13785 334.63724 348.6179 348.1185 कर
5.7809563 24.297548 24.137785 5.6211925 362.0027 362.148 382.50104 382.3557 बहुत
367.96826 414.39807 407.44604 361.01624 140.92618 155.39072 177.70615 163.24161 उसकी
