448.39426 488.5189 488.48636 448.36172 13.261631 13.309753 40.409943 40.36182 और
447.3821 488.41873 488.33932 447.3027 60.441414 60.613396 79.56101 79.38903 बता
283.1996 410.99335 405.75067 277.9569 161.71417 174.04291 228.38586 216.05713 वक्त
6.5764465 151.49757 151.40111 6.479981 7.47361 7.691231 71.942154 71.72453 आनंद
300.09683 384.04147 380.1647 296.22006 57.931076 64.95006 111.31517 104.29619 सवार
209.20932 284.39954 281.68118 206.49098 143.02081 149.93802 179.48618 172.56897 विषय
5.189728 69.60765 69.56707 5.149149 96.60515 96.67558 133.78313 133.71269 वह
7.4130783 122.02621 121.99003 7.3768983 134.5173 134.60724 180.7139 180.62396 अपने
201.32797 301.0592 295.20993 195.47871 41.817795 50.062637 120.816605 112.57176 अपने
335.67688 365.35187 367.36707 337.69208 23.102287 21.546196 59.976524 61.532616 और
