426.97598 493.78458 494.21725 427.40866 206.16647 205.4064 243.43994 244.20001 आना
508.94806 541.89526 523.37286 490.42563 193.35593 204.64056 258.71964 247.435 वह
406.94873 494.48785 494.68512 407.146 255.20752 254.87689 307.1007 307.43134 आदमी
-3.9203167 47.270943 58.083717 6.892458 271.9959 254.73022 286.78918 304.05487 मानव
321.4958 351.29968 354.21918 324.41528 8.614502 0.26976395 10.696932 19.04167 हर
463.88605 483.1834 485.93628 466.63892 12.1809025 6.793524 16.65408 22.041458 पर
58.765606 152.18565 166.49571 73.07567 153.01576 141.38577 256.33405 267.96405 आपको
236.34154 279.38672 279.47992 236.43474 279.6832 279.4695 298.23996 298.45364 सम्हल
282.64618 308.7143 308.8078 282.7397 279.38593 279.25653 298.09442 298.22382 कर
227.64687 262.8617 262.8764 227.66154 313.91577 313.88757 332.21783 332.24603 रहता
