155.46191 244.02344 292.11746 203.55594 285.49652 198.75732 247.86176 334.60095 जल
23.975128 264.3799 257.91476 17.509977 14.193291 35.143867 109.33021 88.37963 बात
299.2851 341.29266 337.65063 295.64307 248.3158 253.35223 283.72925 278.6928 पर
288.1821 345.0507 341.0206 284.152 301.67218 308.5699 341.79614 334.89844 हाथ
135.66438 169.24483 169.29622 135.71577 316.60437 316.52155 337.36267 337.4455 एक
436.07736 516.53357 510.47128 430.01505 259.8874 291.39758 306.87677 275.36658 मतलब
276.91492 333.7766 361.04883 304.18713 197.26634 140.43053 167.7152 224.55101 तरह
33.102875 167.12355 164.45045 30.429773 132.12776 140.89076 181.77306 173.01006 एक
458.6251 496.78232 491.0638 452.9066 224.16264 238.43227 253.72356 239.45393 इस
458.37827 509.07217 504.0284 453.3345 250.17783 269.7264 282.80606 263.25748 जगह
4.1040573 37.371964 36.817993 3.5500882 288.70493 289.71957 307.88297 306.86832 तक
4.0569687 49.493805 48.577206 3.1403682 315.1232 316.47177 347.35452 346.00595 रहती
240.8936 284.2856 307.0052 263.6132 181.7665 168.78766 244.74593 257.72476 बैठ
463.0051 506.5068 498.1227 454.621 308.70477 325.9933 347.08948 329.80096 बंद
