16.288027 72.14241 72.16104 16.306658 5.168092 5.119858 26.69643 26.744663 कमर
78.059906 114.80383 146.98732 110.24339 309.8111 265.9765 292.95404 336.78864 वह
120.8809 166.76779 200.39886 154.51196 255.7864 201.04453 229.23544 283.97733 हाथ
485.28937 544.6367 544.5289 485.18155 14.116226 14.36911 39.677376 39.42449 गया
144.69116 220.695 217.11719 141.11334 52.029465 66.26687 85.36644 71.129036 धन्य
158.88748 197.84454 224.84344 185.88638 282.11148 235.99478 258.8021 304.9188 फरेब
466.71637 518.7615 518.59155 466.54648 69.39815 69.7858 92.60115 92.2135 रखा
460.1599 506.53998 506.31165 459.93158 112.96271 113.42975 136.10252 135.63548 गया
38.701294 74.16177 98.97095 63.510468 301.43192 258.72702 279.3276 322.0325 सकती
520.79865 567.9942 567.79205 520.5965 46.367363 46.675537 77.64266 77.33449 तुम
