104.03136 134.86368 158.19487 127.36256 265.8424 228.90808 248.38464 285.31897 उस
145.64748 188.80257 211.18364 168.02855 309.38144 258.31046 277.2225 328.2935 समय
447.80487 470.15057 465.90662 443.5609 192.41246 198.05211 214.86763 209.22798 रह
268.5979 331.38763 330.37463 267.5849 69.95014 72.80886 95.05924 92.20052 मत
553.7801 588.7037 592.6486 557.72504 98.876236 93.74849 120.61638 125.744125 रही
554.263 594.67255 598.1777 557.7681 127.26878 121.31282 145.0941 151.05006 फिर
49.92145 78.476425 122.89174 94.33676 291.31726 263.22742 308.37823 336.46808 गई
462.7703 500.02243 506.71524 469.4631 296.44467 281.09695 297.34177 312.68948 इस
462.69897 493.3786 498.65234 467.97272 324.48032 311.89035 324.74155 337.3315 पर
148.83147 202.52675 198.49663 144.80135 51.96891 62.001625 83.57084 73.538124 पर
