12.237656 85.607704 73.3411 -0.028947353 515.7912 548.2841 575.9825 543.48956 गति
-1.7011185 140.54117 149.89182 7.6495132 23.031902 5.983322 83.99896 101.04755 अब
8.142838 67.06015 75.01717 16.099861 240.9125 229.7706 271.84653 282.98843 और
340.94003 387.11832 416.82657 370.6483 419.8024 405.27844 499.73434 514.2583 वह
14.130363 117.2921 109.03218 5.8704414 411.56808 438.157 470.2045 443.61557 ऊपर
99.79616 159.34013 162.39995 102.85597 163.75723 157.2446 185.21991 191.73254 यह
9.776623 52.53855 57.043346 14.281416 211.73958 203.63292 227.39531 235.50197 ठीक
53.000473 74.97741 76.3401 54.363167 123.55554 121.01187 132.78537 135.32904 यह
82.69037 94.9252 96.167786 83.93295 120.09605 118.678604 129.40402 130.82146 न
52.864517 91.93523 93.397064 54.326355 141.72183 137.27728 150.12784 154.57239 समझा
