341.61887 362.61752 376.59634 355.5977 100.333496 88.61191 113.65436 125.375946 यह
261.68088 328.35196 314.90262 248.23154 88.223495 127.530304 150.34268 111.03587 मानव
365.7811 465.35056 465.74466 366.1752 182.79192 182.41833 287.45184 287.82544 गैर
180.79114 222.12769 214.62823 173.29169 115.28441 144.5106 155.1176 125.8914 अब
211.83974 250.41148 238.63951 200.06776 405.3397 437.31223 451.51395 419.5414 बात
409.61862 509.76944 509.81302 409.6622 21.024248 20.951744 81.18416 81.25666 चल
160.8706 195.13806 188.2669 153.99945 157.72655 181.25212 191.26067 167.73509 और
313.8023 354.6386 363.02393 322.18762 350.01416 335.08337 358.01758 372.94836 कर
230.88681 262.88345 251.19601 219.19937 82.05675 100.88017 120.74684 101.923416 सिर
188.71297 218.82051 211.41716 181.30962 139.6617 160.7415 171.31544 150.23564 वह
