430.6643 532.42126 522.80884 421.05188 180.86888 200.64973 250.09798 230.31712 अलग
172.73021 242.46516 220.09831 150.36336 62.84166 96.31816 142.91061 109.43411 हर
281.80603 344.59302 344.63055 281.84357 18.087124 17.971043 38.278362 38.394444 पाठक
286.47223 359.8203 359.91376 286.56567 52.65222 52.39351 78.89316 79.15187 आपको
482.85175 529.262 521.13995 474.72968 70.72691 78.36391 127.72214 120.085144 वह
154.61055 202.00618 189.30821 141.91258 20.451744 43.48381 69.61384 46.58177 पर
410.2523 440.07108 438.44064 408.62186 380.09372 381.5651 414.60757 413.1362 हुए
407.25638 449.5626 449.52267 407.21646 416.50848 416.57568 441.6848 441.6176 कहा
520.7359 597.5967 578.75934 501.89856 235.11789 250.11496 346.65762 331.66055 कुछ
100.79274 142.57701 142.71745 100.93318 169.67903 169.34795 187.0728 187.40388 शक
