358.27148 386.66418 373.5879 345.1952 358.92343 377.24075 397.5096 379.1923 तथा
116.33002 179.85448 174.24063 110.71617 15.18586 30.415222 53.83162 38.602257 राम
117.966156 204.52737 196.8273 110.26608 49.810577 69.6617 103.237976 83.386856 करते
216.9483 284.00595 276.48294 209.4253 73.322815 88.70117 121.50543 106.127075 और
120.61424 230.79875 225.61073 115.42622 105.850494 130.60461 153.69727 128.94315 सम्मान
181.55573 272.2737 266.64853 175.93054 34.522408 56.721676 79.70913 57.50986 जगधार
294.60663 395.87933 401.9239 300.65118 517.65765 493.8731 519.61017 543.3947 और
293.0782 372.1151 378.07867 299.04175 545.63367 528.38574 555.71326 572.9612 गई
296.4224 384.03683 387.3939 299.77945 580.4386 561.66406 577.33044 596.105 पल
388.6282 399.49026 392.60562 381.74356 295.98788 300.6063 316.7983 312.1799 यह
378.82022 390.4357 384.49075 372.87527 319.43588 324.38132 338.3444 333.39896 सब
289.31464 377.00378 385.1869 297.49774 450.55933 426.79553 456.99152 480.7553 भेष
