369.57135 401.15936 384.36108 352.77307 340.52014 354.3813 392.66278 378.80164 पहर
306.77518 381.31522 385.63364 311.0936 507.63248 488.67493 505.65475 524.6123 उनके
307.76538 374.40692 378.0788 311.43726 530.38007 514.93085 530.7697 546.21893 लगी
309.43115 391.0614 393.68378 312.05353 557.13116 538.69025 550.2983 568.7392 जाकर
308.63153 370.12708 373.98297 312.48743 573.3745 560.72266 579.4645 592.11633 हौज
101.94545 185.81126 178.10832 94.24251 24.391716 44.06015 76.90536 57.236923 एक
206.66086 289.3689 283.10458 200.39655 49.789635 69.299904 95.85561 76.345345 बार
102.99568 225.01529 215.72508 93.70548 72.48526 99.48491 141.47012 114.470474 चलने
323.7752 381.9303 386.82123 328.66614 460.7073 445.16556 463.4667 479.00845 हेम
269.19946 343.98297 348.26135 273.47784 455.7198 434.03577 448.79102 470.47504 गए
289.94888 334.07333 330.42477 286.30032 160.87488 170.41806 187.28772 177.74454 घर
