442.3767 540.0132 562.1661 464.52957 126.21191 89.23309 147.72406 184.70288 करे
457.50677 583.0756 597.741 472.17218 222.34099 175.81937 215.40346 261.92508 अमर
38.23094 118.35798 113.06619 32.939156 29.568329 35.505966 106.91739 100.97975 रहे
542.27997 597.179 597.31683 542.4178 327.48407 327.20325 354.13934 354.42017 पर
390.3772 485.2685 485.38678 390.49548 4.080291 3.6739292 31.288582 31.694944 मटके
450.33865 572.70496 592.2036 469.8373 68.4579 18.595657 66.44704 116.30928 पढऩे
325.96683 371.35416 371.579 326.19168 346.80273 346.22125 363.77148 364.35297 जरा
421.98236 507.222 507.50793 422.2683 306.00916 305.43695 348.0326 348.6048 वह
371.8913 393.25946 358.70575 337.3376 286.91812 300.5148 354.8185 341.22183 हुई
401.30872 466.22614 466.26617 401.34875 348.44992 348.3096 366.83932 366.97964 शराब
397.05298 467.6015 467.7821 397.23358 32.948284 32.39522 55.433086 55.98615 कर
