21.034851 102.2155 99.328674 18.148027 37.569412 43.548332 82.74506 76.76614 कर
396.42743 454.85577 454.9687 396.54034 29.746927 29.36539 46.65561 47.037144 आये
411.51425 462.53934 462.84262 411.81754 302.27466 301.66547 327.06628 327.67548 इन
401.1339 482.14142 482.1942 401.1867 336.5471 336.41605 369.02847 369.15952 देकर
426.40222 571.30835 593.4461 448.53998 121.8572 66.60393 124.66184 179.91512 अपने
427.79547 585.45184 606.4389 448.78253 214.35355 155.23236 211.19778 270.31897 जीवन
382.0884 440.95364 441.03763 382.1724 4.08234 3.8688812 27.021137 27.234596 वह
60.38587 108.20088 105.83721 58.022205 97.13771 100.52663 133.87634 130.48743 रह
520.8117 565.2358 565.4003 520.97626 322.34784 322.00092 343.06866 343.4156 हम
513.6449 583.52075 583.5624 513.6865 343.23178 343.11874 368.86447 368.9775 अपने
516.1885 595.6483 607.9607 528.50085 251.83876 224.07864 259.3211 287.08124 सही
