33.485 148.85919 145.44922 30.07502 31.534203 40.07068 86.158066 77.62159 करके
359.185 377.1665 355.51978 337.53827 311.19308 322.60806 356.70724 345.29227 हुए
322.6754 367.29797 367.58722 322.96466 347.84296 347.2876 370.52814 371.0835 और
444.96 544.7755 558.0586 458.24307 115.28 75.66101 109.12628 148.74527 तक
410.9535 512.45734 512.89966 411.3958 313.03702 311.4551 339.8383 341.4202 उत्सर्जन
403.28262 456.24643 456.26285 403.29904 352.8697 352.82477 372.1972 372.24213 कम
470.99582 544.50024 544.6113 471.10684 352.74188 352.32904 372.09424 372.50708 करना
383.1256 483.5993 483.73425 383.26056 4.0820856 3.6235733 33.193375 33.651886 कम
475.95984 597.1135 614.6603 493.5066 152.08235 106.91725 153.9857 199.1508 किस
482.23233 581.0155 594.2717 495.48856 240.52579 205.5376 242.96414 277.95233 तरह
34.15782 112.98597 109.76982 30.941673 80.22998 85.87492 130.7865 125.141556 वह
407.7828 455.93082 456.09097 407.94296 45.686016 45.25455 63.127163 63.558628 और
