205.38768 298.30127 301.42474 208.51115 142.87148 130.48274 153.90831 166.29704 समय
308.29373 353.44705 357.53348 312.38016 121.79997 115.7794 146.42699 152.44756 को
215.72505 262.90015 266.0027 218.82759 185.37437 178.98439 201.88933 208.27931 वह
272.5526 328.21826 332.28638 276.62073 170.41757 162.8775 192.91104 200.45111 उसे
208.84703 256.1449 256.28363 208.98573 53.264492 53.104004 93.9857 94.146194 यह
89.93033 137.56659 129.9976 82.36135 157.09825 168.76482 199.67006 188.0035 जॉन
4.9665375 53.870975 50.910313 2.0058746 95.5963 100.40413 130.5195 125.71167 एक
425.02606 461.28613 460.80933 424.54926 372.44397 373.32416 392.966 392.08582 एक
340.79428 372.3154 380.05276 348.53165 155.12408 148.83163 187.59088 193.88333 गैप
313.21246 350.7834 350.80743 313.2365 8.465021 8.434212 37.79296 37.82377 उस
85.01369 126.59714 119.54967 77.96622 194.63885 204.74115 233.75021 223.64792 एक
202.19183 246.82904 246.86166 202.22446 17.771152 17.718838 45.556988 45.609303 एक
43.661415 81.09768 70.744804 33.30854 139.73857 152.11876 183.42467 171.04448 आए
