408.9986 457.6748 468.5808 419.9046 139.36932 87.21529 97.39404 149.54808 एक
44.879272 102.07773 91.440765 34.242313 242.8021 269.67056 292.31485 265.44638 हम
37.009148 121.54105 107.50417 22.972267 282.2473 320.8004 351.57788 313.02478 उनके
27.41677 120.692604 107.133156 13.857325 330.3248 371.61313 402.2457 360.95737 जीवन
170.68243 223.3139 223.09833 170.46686 216.72981 217.02458 255.51323 255.21846 और
299.8255 351.98334 351.52777 299.36993 304.65012 305.4479 335.23257 334.43478 मानवता
388.38098 433.30463 433.29742 388.37378 442.8178 442.83124 466.93542 466.922 उस
390.76807 488.7433 519.8343 421.85907 367.0849 271.22595 303.00336 398.8623 फकीर
61.923767 136.93973 123.05408 48.038113 22.263374 61.859734 88.16633 48.56997 भ्रष्ट
46.81656 117.29817 106.02463 35.54302 81.33624 117.417496 139.43938 103.35812 पत्र
41.541252 124.20184 107.612526 24.951939 126.15779 167.15569 200.60329 159.6054 और
24.462654 91.48486 80.03021 13.008003 195.5344 227.63983 251.55215 219.44672 यह
