384.38303 434.81155 434.7963 384.36777 441.50992 441.5388 468.18918 468.1603 एक
409.4527 482.8797 511.7516 438.3246 290.5399 216.80258 245.55295 319.29025 इस
403.65167 460.88397 483.16827 425.93597 105.642586 43.317635 63.78103 126.10598 कूद
414.78976 475.49582 499.55606 438.85 141.15344 76.32449 98.85455 163.6835 और
431.1491 489.6703 510.61682 452.09564 190.9634 130.19633 150.36873 211.13579 लगे
345.8298 419.41238 425.79813 352.21555 214.93266 191.19829 210.99574 234.73012 हम
185.14464 236.8875 236.7455 185.00264 229.29346 229.55182 257.98895 257.7306 एक
408.56122 452.86438 469.4004 425.09723 367.8592 324.87018 341.91168 384.9007 चली
455.777 489.89786 509.94852 475.82767 320.12067 287.57843 308.60175 341.14398 गई
220.9267 310.05975 317.08575 227.9527 87.72962 80.24786 163.95099 171.43274 रहा
