12.635468 51.577904 51.20797 12.265534 2.7157364 2.8938522 83.77324 83.59512 बने
317.59454 387.31012 385.6527 315.93713 340.10202 343.0831 381.84317 378.8621 और
317.4188 383.50076 381.47836 315.3964 406.07394 409.51517 448.3516 444.91037 उसे
317.20804 393.36282 391.71896 315.56418 485.16693 489.98312 515.97577 511.15958 लगा
13.348553 88.58229 102.884186 27.650448 269.15613 242.84485 283.73932 310.0506 कहा
305.2707 325.23822 321.23462 301.2671 525.5061 528.1815 558.0613 555.38586 ट्रक
323.64542 352.92014 364.3577 335.08298 211.90918 185.77106 198.58115 224.71927 उस
355.5323 388.23535 399.86945 367.16638 182.21204 152.99478 166.0169 195.23416 तत्व
280.50482 309.49945 308.53967 279.54504 447.30188 448.98932 465.48022 463.7928 यह
321.19675 354.61923 353.65335 320.23087 449.67004 451.61517 468.2113 466.26617 बात
19.313927 107.44961 121.56692 33.431236 325.61215 294.29056 334.01517 365.33676 विकल्प
4.4943886 32.24256 32.211952 4.4637814 81.65663 81.673004 133.54446 133.52809 फौज
29.229843 96.682236 110.03383 42.581432 211.65375 188.40256 227.13593 250.38712 तक
231.3324 259.29303 252.81772 224.8571 502.29346 507.12903 544.5709 539.73535 हुआ
