419.2919 488.87943 498.6769 429.0894 459.18936 443.4055 486.6002 502.38406 वह
31.250631 93.41064 126.812386 64.65238 255.19748 174.43927 200.14877 280.90698 अंदर
94.85693 159.96545 197.59906 132.49054 166.85342 82.036285 110.92511 195.74225 रहने
211.52287 248.86363 247.14064 209.79988 13.137634 17.685333 31.832779 27.28508 तरह
211.97342 247.96301 245.5665 209.5769 33.035175 37.370007 57.26691 52.93208 लिए
212.55515 250.19177 247.97794 210.34131 58.729317 63.21476 81.79081 77.30537 जभी
214.23247 245.7017 243.53044 212.0612 84.3345 88.043365 106.466324 102.75746 और
34.76284 90.60769 114.243904 58.399055 94.90997 16.809723 33.71057 111.81082 जाओ
90.29907 167.16495 186.771 109.90512 268.8357 173.24982 189.01611 284.602 अमानत
105.755585 135.94821 154.32037 124.12774 272.6338 263.30475 322.76453 332.09357 की
144.23587 198.22745 216.62457 162.633 271.74518 206.85706 222.1648 287.05292 रकम
