136.05681 166.61977 171.48457 140.92162 478.33792 465.53525 477.14865 489.95132 उस
334.66864 415.49854 418.48535 337.65546 349.05115 338.33203 360.85486 371.57397 ऐसा
337.6325 441.44452 443.21344 339.40143 384.74924 372.3146 387.08273 399.51736 भारत
386.7603 433.0475 445.2386 398.95142 241.40717 219.46564 245.18356 267.1251 यह
399.2477 448.1993 459.209 410.25742 285.02908 261.5051 284.4155 307.93948 सब
4.290577 77.749176 78.625626 5.167019 15.4764595 13.348263 43.600346 45.728542 रूप
396.5065 434.54593 445.98557 407.94614 61.227623 15.466827 24.976234 70.73703 प्रकार
355.35855 448.9523 452.29636 358.7026 323.45093 310.11536 333.58508 346.92065 वह
393.24222 435.25974 455.4675 413.44998 94.49875 44.694794 61.743256 111.54721 इससे
406.9121 452.55194 471.54144 425.9016 128.94919 76.23227 92.672485 145.3894 भलाई
72.949234 127.4147 140.76408 86.298615 367.5494 345.74252 379.08426 400.89114 सुन
376.09387 445.94727 447.3711 377.5177 364.79678 355.8337 366.93027 375.89334 जान
