10.14447 233.90404 146.68933 -77.07024 25.395813 278.43185 355.55576 102.51972 यह
497.44617 537.35095 517.1971 477.29233 256.41925 313.1176 327.302 270.60364 रहे
538.42554 585.32495 565.9297 519.0303 314.6445 381.28116 394.93173 328.29507 और
260.24155 355.00937 355.38766 260.61984 35.442852 33.99172 58.697857 60.14899 तरह
203.53568 247.73999 249.4903 205.28598 324.38455 317.34634 328.33945 335.37766 रहा
207.04095 253.92548 256.3479 209.46338 341.70844 333.80768 348.1828 356.08356 अंत
208.67506 255.52348 257.50464 210.65623 366.37314 357.87064 368.78677 377.28928 जब
289.20657 335.06442 333.42117 287.56332 383.5229 386.2779 413.62988 410.87488 वह
173.75862 222.77425 217.2946 168.27898 414.37592 430.09186 447.18207 431.46613 उसे
506.5796 620.21155 578.81396 465.182 61.773956 245.3768 270.99777 87.394936 कुछ
491.23297 604.8786 561.6679 448.02228 135.12305 308.4251 336.7612 163.45915 गैरत
212.27408 274.3818 276.55524 214.44751 378.25415 366.57648 378.13586 389.81354 मगर
86.406006 158.92615 141.25879 68.738655 25.623375 110.880714 125.90861 40.651268 आते
