510.36078 529.9808 540.9692 521.3492 296.6212 289.3798 319.1522 326.3936 वह
519.6565 548.31824 562.683 534.02124 321.8074 311.22885 350.14896 360.7275 चिन्ह
553.0721 583.4903 596.668 566.2498 316.77814 294.109 311.79138 334.4605 अगर
494.0121 555.8756 555.66504 493.8015 9.261917 9.637302 44.342693 43.967308 कुछ
494.5628 572.05695 571.7265 494.23236 44.986984 45.74662 79.45964 78.700005 आधी
316.73734 386.26077 390.4268 320.90335 56.017048 48.233635 85.445786 93.229195 पर
4.915146 166.36517 163.33574 1.8857051 113.34425 126.24931 164.14952 151.24446 उपयोग
26.282394 151.59024 150.02782 24.719975 181.35703 188.64493 215.50919 208.22128 करना
39.507782 141.98627 140.66774 38.18925 223.45395 226.53268 270.42123 267.3425 लिए
57.27652 202.69266 201.78406 56.367916 280.01245 283.7976 318.70398 314.91882 संकल्प
315.97836 416.7034 420.76254 320.0375 14.500012 3.7458992 41.7644 52.518513 ऊपर
5.1160355 84.89248 82.32102 2.5445766 73.38853 80.80509 108.46499 101.04842 लोग
100.917435 158.08916 156.231 99.05928 90.65611 95.81027 116.42149 111.267334 यह
