285.07977 444.9427 444.93378 285.07086 469.63776 469.65143 574.0666 574.0529 इधर
2.9317436 68.174194 71.56061 6.318157 252.70851 245.86655 278.1582 285.00015 तंगदिल
3.9779396 92.62715 94.90509 6.255871 298.40384 289.34305 311.62997 320.69077 वक़्तपरस्त
3.1799946 40.749954 43.76262 6.1926594 326.63934 322.90082 353.17645 356.91498 और
27.483253 65.06759 63.297157 25.712822 32.83383 34.790848 68.791885 66.83487 गई
248.80841 288.55914 283.05206 243.30133 431.80182 441.391 464.21997 454.6308 कर
353.21228 432.83813 437.0346 357.40875 155.43144 145.67534 179.92519 189.68129 साथ
353.41794 422.56064 428.25748 359.11478 226.32002 218.23355 266.94403 275.0305 चले
258.32968 299.3344 292.73404 251.72932 401.47296 411.26068 438.91223 429.1245 तब
164.20749 190.7161 191.57199 165.06339 446.282 444.4725 457.01083 458.82034 एक
261.51996 302.9325 302.9239 261.51135 558.8839 558.8971 585.88025 585.86707 कुछ
2.2215805 61.236137 64.875305 5.8607483 215.01157 208.66342 242.49438 248.84253 अपनी
230.58734 263.1492 258.993 226.43115 466.23898 474.19217 491.2084 483.25522 साथ
355.32037 458.95087 470.06158 366.4311 35.917282 22.781662 110.43718 123.5728 पर
