369.81403 452.0525 464.23376 381.9953 548.30945 486.04712 502.1366 564.3989 करो
381.49628 455.2187 463.44128 389.71887 580.3462 526.35315 537.5803 591.57336 तक
281.70648 322.2646 334.45685 293.89874 49.66706 43.177505 119.376 125.865555 इस
299.7353 386.20947 375.82477 289.3506 153.60349 172.72559 219.68729 200.56519 समय
180.2828 214.36246 245.1547 211.07504 365.88943 345.811 398.07535 418.15378 यह
105.76637 168.69481 168.6356 105.70717 12.904148 13.028599 42.965443 42.840992 चार
104.99426 169.1995 169.17764 104.97241 61.622818 61.65541 104.67851 104.64592 दिन
290.19516 337.17313 337.58157 290.6036 275.42062 274.79337 305.3846 306.01187 सब
151.58356 198.514 202.46237 155.53192 200.69144 188.8862 204.58255 216.38779 इस
151.564 205.46411 209.46954 155.56943 225.51768 211.78465 227.50542 241.23845 एक
327.58478 376.96497 369.30023 319.92004 79.13788 90.82837 123.20393 111.51344 अन्य
438.14432 580.74854 580.75854 438.15427 88.72285 88.678154 120.406075 120.45077 अभ्यास
435.66608 577.5639 577.63025 435.73242 149.05243 148.74704 179.57364 179.87903 माध्यम
442.54092 485.65756 485.81845 442.7018 281.38794 281.12122 307.13007 307.3968 हम
442.30814 498.5045 498.7385 442.54214 317.8126 317.4025 349.47318 349.88327 लोग
187.3807 255.59396 248.50671 180.29346 103.10611 130.20859 148.0462 120.943726 सके
