252.47746 309.30634 313.2105 256.38165 519.39886 512.85834 546.78033 553.32086 हर
-4.811327 63.762787 81.90503 13.330917 353.60574 308.00363 335.285 380.88712 सभा
34.17631 67.12567 53.282764 20.333408 157.37111 166.04924 218.60841 209.93028 और
17.574276 70.83604 53.4101 0.14833546 220.89322 242.65057 285.30908 263.55173 घेरकर
-2.5012512 33.491795 46.87399 10.880943 403.16357 378.872 398.70056 422.99213 कुछ
109.19688 188.302 196.99472 117.889595 111.22743 94.60231 135.9637 152.58882 बच
59.757027 84.02881 75.77772 51.50594 262.43698 269.46042 297.97482 290.9514 बाद
94.81672 125.72814 115.961174 85.04975 276.76166 289.39136 313.29614 300.66644 अगर
440.80814 489.96555 492.95248 443.79507 161.43045 154.53174 175.81525 182.71396 मगर
-2.6025085 30.592514 43.085186 9.890163 317.71613 295.8625 314.83844 336.69208 कोई
85.91981 111.942314 103.12817 77.10566 174.24399 181.81116 212.1218 204.55463 कम
72.94264 115.072845 99.6237 57.4935 221.42358 238.63068 276.4567 259.2496 उसके
