103.87473 123.52436 117.65156 98.00193 62.070877 66.29854 93.59453 89.36687 एक
358.26746 439.88226 440.14935 358.53455 27.629839 27.093369 67.722595 68.25906 रखने
439.8311 495.22293 495.48288 440.09103 40.829178 40.280785 66.535545 67.08394 तक
412.34387 482.97888 483.69672 413.0617 109.59 107.72661 134.93762 136.80101 जगह
115.63951 136.92847 130.6996 109.410645 1.8054581 6.3754845 35.391975 30.821949 वह
458.59964 548.63403 548.68445 458.65005 5.601836 5.4781723 42.189938 42.313602 मारकर
108.48555 179.24956 185.49712 114.73311 319.42618 304.94193 335.465 349.94925 और
15.55928 53.903435 53.703186 15.359032 5.913479 6.198971 33.094135 32.808643 इस
108.84354 129.29074 123.25836 102.81116 33.463806 37.85314 65.954285 61.56495 हम
425.03677 469.43033 470.24405 425.8505 138.48676 137.00241 161.33807 162.82242 घर
