525.3254 539.5411 530.2045 515.98883 413.2842 419.24088 441.52267 435.566 लगे
506.68225 530.3214 530.324 506.6848 442.7715 442.76743 457.76566 457.76974 तभी
4.385788 41.74054 39.325798 1.9710453 146.36333 149.56908 177.70665 174.5009 और
24.839413 134.93442 145.09892 35.003918 48.36212 3.1432266 27.890854 73.10975 उसका
25.270737 125.38391 136.04674 35.933563 99.469215 58.96511 85.32021 125.82432 दबाव
380.70697 458.61597 466.3955 388.4865 417.46362 375.36035 389.7558 431.85907 एक
371.25916 458.398 467.4071 380.26825 439.7827 391.9818 408.40497 456.20587 फिर
303.5689 333.1493 338.18524 308.60486 196.26624 188.76007 208.60587 216.11203 पर
365.59433 398.205 406.15884 373.5482 340.65985 331.12006 358.30945 367.84924 रहते
3.4106026 32.868988 31.21399 1.7556021 177.53941 180.19331 198.5638 195.9099 आप
376.0058 477.54907 485.5478 384.00452 397.83676 343.8514 358.89658 412.88193 चला
360.02243 386.16812 389.48184 363.33615 326.75055 319.05566 330.31506 338.00995 सकता
