378.99646 469.53857 478.2959 387.75378 405.5533 357.00815 373.34152 421.8867 मन
440.41577 499.11145 499.1184 440.42273 114.01683 114.001755 141.08487 141.09995 सकते
439.84085 515.4271 515.433 439.8467 149.04529 149.03116 180.5216 180.53574 इसलिए
528.5648 579.90674 579.9116 528.5697 149.02876 149.01915 175.25166 175.26128 उसने
9.259506 31.311714 30.227036 8.174828 134.8427 136.69926 149.58305 147.72649 उस
250.55862 298.0544 298.1832 250.68741 435.0326 434.7553 456.81097 457.08826 और
-4.7579575 138.43304 153.50668 10.315666 260.21835 204.84366 243.82187 299.19656 झटपट
371.9907 461.9305 471.65244 381.71262 438.2145 388.85806 406.57382 455.93027 वह
121.427475 142.18927 141.74046 120.97867 295.88773 296.22842 323.58023 323.23953 से
157.44263 212.06445 212.0607 157.43887 302.7002 302.70923 325.42212 325.4131 दमक
120.2625 161.24759 161.2429 120.257805 342.56186 342.5717 362.19162 362.1818 उठा
177.8382 217.79626 217.7897 177.83163 336.04993 336.05957 363.2975 363.28784 और
8.364468 46.437412 44.313107 6.2401614 158.73723 162.06715 186.35542 183.0255 कहा
9.970322 91.33774 106.21275 24.845337 78.08194 45.31192 82.24634 115.01636 हम
