33.034798 168.04413 183.68604 48.67672 255.46774 209.52798 255.49698 301.43674 गए
168.6099 227.77545 217.4169 158.25134 479.77515 497.4408 532.13367 514.468 हम
354.4591 455.45917 450.96173 349.96167 2.8685226 11.7007065 63.13115 54.298965 उनका
291.36047 342.1676 363.9519 313.14478 378.5279 331.80292 355.49048 402.21545 कम
282.14926 359.0062 346.24515 269.3882 30.768082 72.867905 96.16432 54.0645 रहती
19.56569 111.15871 125.16997 33.57695 215.86418 183.23228 222.55986 255.19176 कोई
189.8352 216.65286 210.94556 184.1279 527.21313 535.16296 554.4158 546.46594 हर
373.6313 433.0011 429.79266 370.42285 95.74831 100.64697 139.53194 134.63327 इस
321.50073 337.99927 345.13843 328.6399 405.27966 390.1626 397.95422 413.0713 उठ
400.6623 443.1187 441.07355 398.61713 199.61824 202.88274 229.48079 226.2163 लिए
