421.5661 443.68854 439.0022 416.87976 287.51456 289.6467 338.27084 336.1387 साथ
230.66461 275.87097 269.8148 224.60844 9.156803 26.707165 42.306614 24.756252 भर
233.9003 283.93567 277.48773 227.45235 44.059547 62.955906 80.029366 61.133007 वह
295.9981 351.03912 345.28937 290.24835 67.5114 88.2982 103.52295 82.736145 एक
245.98773 318.22736 295.82623 223.58661 97.79202 137.8068 178.24811 138.23334 वह
453.5518 476.00467 469.23898 446.7861 249.948 252.38873 314.62677 312.18604 और
446.40442 463.29492 458.43732 441.5468 321.4069 323.20554 368.82175 367.0231 वह
277.8476 368.87067 357.75818 266.7351 17.165222 52.801773 81.18532 45.548767 सुपर
292.38208 333.13348 322.14783 281.39642 144.1213 166.38193 186.49286 164.23224 तार
413.29572 445.53546 438.1958 405.95605 319.26364 322.4423 396.88504 393.7064 अभी
435.94052 485.4023 480.33072 430.86893 148.4019 166.61653 180.38844 162.17381 कम
345.83548 377.65036 366.67685 334.86197 173.23346 190.75034 210.68094 193.16406 घर
376.1109 410.9873 400.06873 365.19232 189.90274 209.10522 228.936 209.73352 बन
