417.48553 490.95874 490.98468 417.51147 344.9938 344.91977 370.67892 370.75296 इसका
536.801 597.4419 597.5331 536.8922 294.57266 294.34872 319.03793 319.26187 आओगी
363.87875 412.25974 405.92197 357.541 109.74159 124.39099 145.32199 130.67259 ग्रहण
367.6326 399.3364 394.59024 362.88644 135.92186 145.68889 161.09499 151.32796 उसके
376.6466 401.27533 397.59344 372.96472 163.14943 170.87611 182.61198 174.8853 साथ
324.1762 357.9843 347.55603 313.74792 164.48454 178.87376 203.3755 188.98628 वह
358.26483 413.2146 413.26648 358.3167 326.29926 326.22546 364.859 364.9328 दिन
557.21826 584.6343 584.7268 557.3108 326.22083 326.09253 345.84985 345.97815 इस
558.5497 581.3246 581.4437 558.6688 360.4187 360.28326 380.30682 380.44226 पर
381.4539 397.82083 409.5576 393.19064 88.89276 83.103485 116.28458 122.07385 यह
