156.46124 237.07126 238.41833 157.80832 367.81232 364.8391 401.36133 404.33453 और
496.95288 539.853 535.33057 492.43042 385.03802 397.4673 413.0766 400.64734 रह
535.703 588.2167 597.881 545.3673 308.403 294.3629 330.51025 344.55035 यह
545.30615 591.61096 592.8822 546.5774 341.671 340.68997 400.69614 401.67715 दर्ज
390.25793 432.76257 432.72302 390.21838 358.6205 358.66562 395.93893 395.89383 और
33.829773 65.65586 71.42705 39.60096 12.470204 7.547474 44.858932 49.781662 हम
42.37943 69.884415 75.08916 47.58417 72.37934 68.07613 101.3435 105.646706 पर
149.99678 236.79613 237.58037 150.78102 327.86075 325.7939 358.72916 360.796 यह
456.97763 493.9561 510.46768 473.48923 157.34344 124.24167 142.68701 175.78879 साथ
432.6266 449.98987 450.02148 432.6582 386.77872 386.75235 407.5947 407.62106 वह
3.7724342 95.34343 112.00081 20.429821 142.18886 128.38081 238.84782 252.65587 सब
152.95709 214.15796 214.50143 153.30057 296.39426 295.5626 320.8375 321.66916 और
