54.87638 106.08786 106.08526 54.873775 285.1652 285.1691 319.16977 319.16586 खुश
417.9648 487.0131 486.97653 417.92825 15.052155 15.118401 53.21382 53.147575 कुछ
215.43933 285.90253 282.74838 212.2852 150.61319 156.89944 192.25446 185.9682 भर
294.37857 398.43637 395.19955 291.14175 158.43336 168.16612 202.7723 193.03954 गया
250.59686 342.65845 337.88397 245.82239 53.66076 61.300453 118.835014 111.19532 चल
23.707726 115.226944 115.17634 23.657118 111.87451 111.95151 172.09686 172.01987 और
344.32162 383.74216 381.21146 341.79092 54.215088 57.565384 87.342575 83.99228 उत्तर
7.765419 109.259315 109.229515 7.7356215 218.4903 218.5354 285.60492 285.5598 और
5.584034 97.96689 97.9785 5.595646 338.97238 338.94852 383.92923 383.9531 बाग
201.65341 244.49677 242.1105 199.26715 45.64505 49.281708 77.39427 73.757614 उस
