409.27063 549.94055 550.4324 409.76245 199.50507 198.79425 296.1242 296.83502 उनके
44.228294 88.28718 100.83692 56.778038 176.95903 171.23105 267.76184 273.48984 पड़
32.442947 130.83894 133.03873 34.64273 35.879253 32.53267 97.21077 100.55736 बहुत
329.28497 408.86212 408.912 329.33484 279.75772 279.67978 330.61624 330.69418 विनय
180.26047 226.4664 232.30743 186.1015 153.94247 149.94363 217.43591 221.43475 हाथ
179.14151 222.17578 223.16873 180.13446 45.012123 43.50936 71.94449 73.44725 वह
244.8166 324.7962 325.79333 245.81374 42.599136 39.80622 68.36081 71.153725 हरदम
348.9701 378.35107 378.3556 348.9746 42.275528 42.264786 54.59121 54.60195 जब
82.25295 168.88043 188.70087 102.07339 186.03629 156.50949 214.65985 244.18665 वह
196.61533 228.36447 228.97556 197.22641 83.148506 82.076775 100.17927 101.251 कम
195.57452 237.10995 237.88278 196.34735 112.47792 111.135635 135.04964 136.39192 उसके
