228.74042 257.3452 222.08356 193.47876 1.0334473 17.162746 79.698135 63.568836 सिर
393.7013 480.89496 476.04114 388.84747 146.6572 159.58972 192.3151 179.38257 अपना
90.047874 135.2916 94.4701 49.226387 -15.318222 8.036873 87.11667 63.761574 उसी
498.599 557.532 572.5519 513.6189 136.08096 92.56377 112.9044 156.4216 उसी
527.55554 580.60815 593.0193 539.9667 163.43565 124.76283 141.78883 180.46165 एक
279.16962 298.35602 273.03815 253.85175 -4.6169395 6.3746986 50.56826 39.576622 और
308.64526 325.15405 305.4574 288.9486 7.192383 16.790085 50.669815 41.072113 यह
231.5776 289.538 289.37454 231.41415 54.248924 54.664757 77.44535 77.02952 समस्या
305.83377 322.71976 303.71494 286.82895 44.998756 54.902817 87.30517 77.40111 तब
537.867 588.76886 597.99945 547.0976 193.02835 156.28943 169.07837 205.81729 आज
