191.49869 263.54636 300.93207 228.8844 257.9965 185.42117 222.53513 295.11044 हम
3.2467346 44.388046 43.418324 2.277012 291.51508 292.7553 324.92255 323.6823 वह
31.306412 157.13972 154.42735 28.594042 128.46315 136.80608 177.71559 169.37267 गया
460.05423 507.9365 500.49503 452.61276 221.944 239.81323 259.75333 241.8841 देख
459.78262 496.94315 489.3519 452.19138 245.34259 259.45776 279.443 265.32782 रहे
134.30388 172.19731 172.24623 134.3528 323.91772 323.81873 342.54004 342.63904 साथ
271.63138 337.59787 366.01376 300.04727 198.36493 132.3435 160.73575 226.75717 तहत
289.09378 347.51578 342.78433 284.36234 293.82065 300.90384 339.929 332.8458 लिए
45.583466 155.28871 151.4757 41.77045 35.42118 45.35314 87.47058 77.53862 यह
170.78403 205.56061 226.00644 191.22986 255.33786 243.83157 305.62704 317.13333 और
188.76468 306.12006 300.8611 183.50572 5.5196075 17.157806 70.1874 58.549202 और
