27.642609 77.46883 81.47594 31.64972 53.724113 48.695427 88.39945 93.42814 पर
117.92937 179.47328 180.61842 119.07451 246.90274 243.4183 263.64426 267.1287 जाए
353.0755 404.6419 402.02667 350.46027 236.7232 245.38168 260.957 252.29852 आने
225.49545 271.60522 275.52414 229.41437 327.95343 318.024 336.2224 346.15186 लिए
61.0364 166.75027 173.77878 68.0649 127.90522 110.686066 153.8363 171.05545 एक
87.75551 113.21521 115.13342 89.67372 28.265476 26.44662 53.296978 55.115833 जाए
121.35589 145.30124 147.75998 123.81463 10.525356 8.938362 46.037148 47.62414 और
90.617645 128.95955 132.0628 93.7209 56.61391 52.744377 83.493484 87.363014 आपके
399.35165 475.17087 472.15848 396.33926 223.79242 236.27176 254.57376 242.09442 गया
148.0765 166.39563 222.09421 203.77509 132.35687 111.18298 159.37207 180.54596 दूर
235.08536 263.8559 265.671 236.90045 12.950507 11.527927 48.236477 49.659058 यह
345.80597 400.82794 398.05927 343.0373 217.14496 226.2077 243.0169 233.95416 पर
