74.07864 222.53299 233.20578 84.751434 124.05423 99.92978 165.60681 189.73126 कर
408.33423 468.99097 465.339 404.68225 226.52896 236.57008 258.6312 248.59007 यह
6.6806736 52.445847 56.325264 10.560089 12.239635 7.5922737 45.79505 50.442413 अनेक
10.520973 66.99695 71.08476 14.608788 65.52014 59.828857 100.39319 106.08447 कौशल
349.1137 409.65454 405.90448 345.36365 224.56161 234.67674 257.1215 247.00636 वह
55.026096 119.444305 120.35623 55.938023 260.72653 256.9929 272.72684 276.46048 खाक
68.74625 97.90669 101.38257 72.22212 28.952076 26.78627 73.58557 75.75137 ऐसे
111.041336 146.46898 149.6956 114.26796 37.594105 34.010963 65.9137 69.49683 तरह
158.54909 194.25005 197.4788 161.77785 32.76796 29.157173 61.080917 64.6917 तरह
119.931786 172.94675 174.03976 121.0248 246.78935 243.78778 263.0932 266.0948 तक
