154.68779 217.5598 222.50475 159.63274 144.71898 134.02577 163.1002 173.79341 वह
11.702141 53.49343 56.339844 14.548553 27.031023 22.790112 50.83957 55.08048 लक्षण
61.43619 88.54003 91.39354 64.289696 12.071851 10.034473 47.995457 50.032833 और
96.9948 130.75333 133.6044 99.84587 18.329273 14.903515 42.998898 46.424656 अन्य
15.124945 78.3604 82.04617 18.81072 70.07376 63.702164 100.28195 106.65355 मानसिक
225.7471 266.03897 268.60422 228.31235 330.1204 321.4269 333.31613 342.0096 कर
400.40778 471.42767 468.59467 397.57477 234.86246 246.67792 263.7065 251.89105 स्टेशन
116.621086 177.91614 178.95978 117.66473 247.90324 244.42538 262.8189 266.29675 बना
133.35944 174.35547 178.33673 137.3407 9.028342 6.3847885 68.125725 70.76928 चुप
236.31517 266.05365 268.0088 238.27031 342.44717 336.06387 345.17245 351.55576 कर
453.35593 475.2454 475.7764 453.88693 8.7038555 8.329773 39.40088 39.774963 रह
345.97842 391.8361 389.24173 343.38406 230.5036 238.16006 253.69864 246.04218 घूम
