271.1133 372.39297 375.7277 274.44803 245.00516 239.7579 304.1229 309.37015 वह
341.50623 415.75812 432.82532 358.57343 484.62164 456.12366 500.5926 529.0906 कोट
124.91856 178.6257 183.08374 129.37659 362.1304 356.07126 395.58652 401.64566 हर
214.31561 300.42615 304.8794 218.76886 352.0521 342.34427 381.8456 391.55344 तरह
33.396576 111.02634 111.01735 33.38759 291.09094 291.12085 314.43866 314.40875 इतने
37.032345 109.101135 109.110565 37.041775 323.95245 323.92328 347.21796 347.24713 अभी
22.418137 163.48001 163.47432 22.41244 47.904747 47.91793 108.92336 108.91018 साथ
22.395645 221.47446 221.47122 22.392405 156.96103 156.97198 215.97327 215.96231 चलता
337.3625 399.26483 401.77905 339.8767 185.4869 182.29823 231.1074 234.29607 पेग
295.84308 366.74805 369.9474 299.04242 350.8621 342.8632 371.223 379.2219 महत्व
301.06122 351.70404 354.22052 303.5777 397.0501 391.3288 413.6037 419.325 तथा
43.93837 118.98341 118.97844 43.933395 228.97205 228.98032 273.99902 273.99075 रमा
