478.7754 504.85034 508.53778 482.46283 34.950085 32.401382 70.12637 72.67508 वह
485.53836 544.8955 545.0094 485.65225 102.02699 101.83205 136.52393 136.71887 वरदान
550.8685 580.68933 584.0228 554.202 101.854324 99.183 136.39575 139.06708 बन
44.175903 127.125084 113.828995 30.879816 106.49167 131.12622 175.89667 151.26212 ऐसी
313.4718 398.25928 398.36334 313.57587 24.917309 24.737717 73.86586 74.04545 जरूर
420.33316 463.54678 469.01193 425.7983 24.787766 20.361404 73.716194 78.142555 मर
324.5441 366.35123 373.73032 331.9232 117.17813 112.36989 176.53033 181.33858 गए
86.23265 151.12985 141.8204 76.92321 76.65018 96.179565 127.11537 107.58598 वह
185.59807 201.84099 213.62032 197.3774 80.08545 72.045105 95.84143 103.881775 सब
407.21103 469.87686 470.01675 407.35092 94.86353 94.65726 137.15424 137.36052 अगर
