55.348145 146.85617 157.05708 65.54906 136.53275 121.11722 181.67078 197.0863 और
4.2791443 50.08035 50.888542 5.0873375 27.842276 25.423138 40.72454 43.14368 इस
6.2440033 59.281235 60.33206 7.2948303 44.719944 41.933487 61.934803 64.72126 और
109.21965 150.68634 138.78186 97.31516 53.27381 71.4036 98.63171 80.501915 पर
445.4895 529.53467 529.51294 445.4678 5.10812 5.1520576 46.75457 46.710632 गया
481.82373 542.36865 547.1294 486.58447 140.79262 130.59172 158.84789 169.04878 चार
489.758 552.9941 560.70233 497.46625 187.88638 177.23166 222.98004 233.63477 दिन
542.2682 595.99866 595.9779 542.24744 5.1974907 5.2283325 41.471268 41.440426 कोई
450.3805 484.69727 484.84888 450.5321 67.34704 67.10131 88.26986 88.51559 पर
243.56279 332.37115 336.6781 247.86974 122.53844 107.57732 133.14322 148.10434 आधार
351.4779 390.4984 394.80554 355.78503 104.3585 97.78465 123.350395 129.92424 पर
1.231554 46.992485 47.79155 2.0306187 69.39119 66.99866 82.28201 84.674545 एक
