223.83499 251.34879 254.17676 226.66296 312.67206 306.29395 318.49316 324.87128 बात
231.40497 262.26346 265.0667 234.20822 332.37125 325.2579 337.41873 344.53207 लगा
17.676615 37.00597 29.65272 10.323364 150.88052 155.57587 185.84708 181.15173 दस
44.440384 71.71503 63.810486 36.535843 153.5244 160.40398 191.7422 184.86263 बारह
297.4184 471.05078 470.11877 296.4864 63.67511 65.30504 164.58876 162.95883 करने
279.47302 379.44708 368.6114 268.63733 244.86462 263.97906 320.653 301.53857 दिन
5.0393944 33.501247 29.98946 1.5276059 121.875336 125.82614 151.1253 147.1745 समय
468.58228 593.74384 593.2534 468.09186 141.32423 142.66731 188.36974 187.02666 उसका
450.26416 529.02496 528.20416 449.44336 226.37903 227.6507 278.48874 277.21707 एक
79.26536 112.37139 108.39582 75.28979 209.56415 218.92825 232.98355 223.61945 पर
223.26312 260.34686 256.3092 219.22546 237.75333 244.8523 265.94443 258.84546 भर
