8.458866 35.29526 27.649864 0.81346965 147.888 154.31631 186.23373 179.80542 इधर
41.622597 72.021034 68.36048 37.962044 155.12854 159.42178 185.3404 181.04715 उधर
113.5053 160.70956 165.74603 118.54177 189.94109 182.92097 216.78682 223.80693 पर
76.859276 109.82877 106.08584 73.11634 209.77025 219.09776 232.32771 223.0002 गए
244.6203 367.90814 361.09125 237.80339 260.04822 283.79553 319.18665 295.43933 मतलब
457.99396 558.7638 558.1707 457.4009 158.67801 159.88718 209.30792 208.09875 बाहर
7.915039 33.01913 26.060253 0.95616126 116.69267 122.63844 152.0201 146.07433 इसकी
349.69244 415.02582 408.75348 343.4201 227.75076 240.11304 273.26184 260.89957 बहुत
210.50854 352.6225 351.94843 209.83449 56.39911 57.54309 141.27933 140.13535 रुपए
376.73987 511.0954 510.1953 375.83978 29.652359 30.733871 142.55316 141.47165 रहते
205.66205 254.04858 259.95343 211.5669 317.58478 306.37006 331.84686 343.06158 वह
