16.072498 42.68268 33.725185 7.1150036 130.01419 136.41821 173.63858 167.23456 वह
200.48334 259.61954 264.75485 205.61865 319.9511 306.24915 328.4126 342.11456 अजीब
257.12405 339.2648 332.04172 249.90097 247.87921 263.62292 301.3084 285.5647 साब
362.7058 407.2033 397.52185 353.02435 17.028488 24.563004 81.73987 74.20535 तुम
341.75317 401.0327 400.6353 341.35577 94.45668 94.940765 143.60222 143.11813 खुद
332.42633 399.1753 398.76862 332.01965 162.88165 163.64902 199.02301 198.25565 ऊपर
408.92407 485.36438 484.81293 408.37262 151.16545 152.0442 200.01216 199.1334 जाओ
495.71448 555.60144 555.0476 495.16064 151.96179 152.6503 200.81964 200.13113 और
43.303417 69.02881 59.467297 33.7419 149.04865 155.51764 193.5411 187.07211 हम
117.07914 165.18295 170.21027 122.10645 192.07872 184.93095 218.7643 225.91206 यह
79.265366 112.11911 108.61333 75.75958 209.56415 218.8569 231.25134 221.95859 वह
487.08655 579.7896 578.5907 485.88763 218.88718 220.45117 291.5145 289.9505 इन
