296.88684 351.41168 351.4289 296.90405 410.18787 410.15912 442.83563 442.86438 कर
11.855106 67.19394 67.3257 11.986866 181.25253 181.0195 212.3093 212.54233 कहा
549.53796 596.2578 596.28613 549.5663 421.03436 420.98175 446.17065 446.22327 और
242.4664 275.8693 277.05356 243.65067 344.08145 340.0145 349.74118 353.80814 कर
253.8353 319.3738 319.68173 254.14322 193.44798 192.83699 225.8655 226.47649 लिए
236.48918 297.43762 297.54456 236.59612 383.18488 382.96942 413.21973 413.43518 साथ
14.771685 54.354538 54.5558 14.972948 219.56126 219.18336 240.26509 240.64299 और
407.28406 446.98334 432.55414 392.85486 181.52563 194.5239 238.59354 225.59528 और
312.85 343.33835 343.48434 312.996 176.21573 176.04071 201.47379 201.6488 बैठ
450.19336 511.44885 500.60632 439.35083 199.89365 216.5793 256.3838 239.69814 रत्न
