434.88168 470.8171 454.53458 418.59915 188.85313 201.01698 249.1201 236.95625 ऐसे
286.4891 358.4064 358.44388 286.52658 407.35385 407.25455 434.371 434.4703 बयान
543.6337 595.285 600.1573 548.50604 255.60565 246.34015 273.50153 282.76703 और
223.97696 283.41306 287.306 227.8699 318.49194 310.30292 338.55804 346.74707 रही
246.29485 292.47156 292.58643 246.40971 380.22687 380.09033 418.9272 419.06372 दिन
533.2544 585.6372 589.4883 537.10547 230.28998 220.20782 240.21625 250.2984 अब
86.00379 135.57773 136.00739 86.43343 407.8272 406.8615 428.91718 429.88287 कर
220.76097 267.22424 269.26825 222.80498 352.78802 347.4093 365.06622 370.44495 पर
412.20212 431.17258 424.08066 405.1102 179.16544 185.40564 206.9653 200.7251 और
401.86722 423.79947 418.58755 396.6553 203.98956 209.96066 229.1044 223.1333 गोल
551.2983 585.5339 587.9493 553.7137 285.63895 279.72708 293.71463 299.6265 किस
199.34872 233.07993 232.7247 198.9935 266.8462 267.6164 283.17358 282.40338 आगे
551.40405 586.8572 579.3452 543.8921 367.8317 382.66495 400.61935 385.7861 कर
199.24287 239.72084 242.45226 201.97429 307.22537 301.39334 320.3511 326.18314 ढंग
