371.2528 424.5877 424.66577 371.33087 20.096731 19.950619 48.456383 48.602497 करना
136.57089 202.89206 203.75995 137.43878 42.52935 41.04577 79.84309 81.32667 चले
98.11299 142.23473 142.93279 98.81105 138.70662 137.05937 155.75731 157.40456 चयन
61.203506 104.69878 104.68831 61.193035 4.821829 4.8392696 30.945532 30.928091 हुए
47.55401 137.14868 137.99496 48.400307 64.451485 62.442802 100.190926 102.19961 मगर
84.54871 143.81204 145.0733 85.809975 168.4574 166.24573 200.04184 202.25351 कमाई
422.62375 453.14352 441.25412 410.73434 141.14366 159.57478 179.26222 160.8311 सज
309.04556 364.60526 376.67392 321.11423 115.20515 91.72974 120.29282 143.76823 बदतर
2.991581 47.004673 47.685715 3.6726227 62.29761 61.312073 91.72662 92.71216 दिन
215.48312 258.78836 259.79053 216.48529 146.02989 144.41338 171.26091 172.87743 रहा
