-0.009048462 105.585976 108.41027 2.8152466 50.499115 42.665894 80.73851 88.57173 आपके
427.23096 475.03357 453.50177 405.69916 105.71144 137.21333 169.8868 138.3849 पर
43.970562 111.35338 111.39783 44.01501 121.21309 121.15437 172.16887 172.22758 उन
309.46222 363.5136 341.6137 287.56232 53.296745 97.65322 124.339745 79.98327 एक
423.86984 495.06223 495.36124 424.16885 322.93124 322.1356 348.8893 349.68497 रख
5.7656326 86.33159 88.674644 8.108688 25.64774 19.319988 49.15215 55.4799 समय
59.68699 95.264404 95.21114 59.633724 176.78891 176.87021 200.1814 200.1001 घर
549.72766 591.1315 590.75574 549.3519 14.198429 14.940895 35.890812 35.148346 पर
322.8232 353.8665 344.17014 313.12686 42.185204 67.673004 79.4828 53.995003 आज
362.0293 382.7309 373.04156 352.33997 74.375015 91.3719 103.17316 86.17627 वह
475.34528 514.75146 514.9035 475.4973 333.55255 333.25452 353.36096 353.659 पर
