139.80666 182.1595 190.30852 147.95567 326.94348 312.42224 336.1897 350.71094 पर
228.23882 251.50945 251.56691 228.29628 21.236551 21.157612 38.09913 38.178066 तक
257.4327 274.52902 279.24503 262.1487 21.180489 17.793343 41.596817 44.983963 वह
282.855 306.31802 312.54056 289.07755 12.635035 8.241676 41.47345 45.866806 बेहद
233.84589 277.25467 277.41354 234.00476 47.51776 47.241135 72.17064 72.447266 कमजोर
532.6279 559.8656 550.8672 523.6295 109.18811 115.27844 155.52197 149.43164 हुआ
195.20863 253.58241 254.0995 195.72572 143.44868 142.54918 176.10466 177.00417 इसलिए
258.1334 288.8063 289.14224 258.46933 150.51471 150.05087 172.26746 172.7313 नन्द
402.96036 463.7836 461.36288 400.53964 237.56384 241.28717 280.8316 277.10828 संत
278.8556 349.59253 349.8476 279.11066 46.37484 45.864853 81.24301 81.753 भवन
358.62247 444.0602 444.29642 358.85867 48.412434 47.796463 80.56207 81.17804 बनाया
