161.94684 257.4233 270.94287 175.4664 63.862328 45.726105 116.89866 135.03488 एक
59.53695 256.01642 256.03125 59.55178 255.26442 255.21799 317.88593 317.93234 केवल
292.54443 417.15784 417.16296 292.54956 270.71796 270.7044 317.89307 317.90662 एक
64.47267 185.69157 185.69301 64.474106 355.7399 355.73605 401.24173 401.24557 कर
220.61508 426.97568 426.9794 220.6188 340.78012 340.7673 401.25546 401.26828 उनकी
77.61023 380.0951 380.0852 77.600334 437.72583 437.79376 481.71484 481.6469 आवश्यक
424.70377 507.88266 507.87277 424.69388 437.76523 437.7839 481.7435 481.72482 था
338.57272 380.61166 387.80173 345.7628 55.95941 47.99124 85.925125 93.893295 कर
437.15265 486.01495 486.01483 437.15253 335.00214 335.00226 372.32245 372.32233 वह
441.55594 484.5546 483.03268 440.03403 379.3252 380.69916 428.32825 426.95428 भी
505.62292 594.04736 594.0437 505.61923 394.18665 394.19672 426.97168 426.9616 अटक
264.997 334.98254 346.06073 276.0752 64.464676 51.202667 109.66388 122.92589 इसके
513.91656 590.48254 567.9261 491.36008 7.051193 53.342102 90.65094 44.36003 ऊपर
306.85165 432.7515 432.7759 306.87607 148.86891 148.83543 240.60555 240.63902 बहुत
