158.41487 190.2307 154.98051 123.16469 315.08426 335.78848 389.95688 369.25266 इस
242.5029 295.37564 295.42374 242.551 23.9179 23.84298 57.78389 57.85881 इस
58.248436 90.83521 72.352776 39.766 156.9607 198.55328 213.03381 171.44122 बस
229.71593 277.36816 280.48853 232.83629 250.00919 244.38242 270.80832 276.4351 और
182.63934 237.68942 250.73505 195.68497 171.88928 149.88608 182.52509 204.52829 बदा
12.221985 34.983013 21.841648 -0.9193802 173.59987 201.86815 212.4493 184.18102 खुद
5.7750607 28.848904 19.07311 -4.000732 199.08948 227.39459 235.36365 207.05853 ऊपर
28.942886 56.340233 43.564278 16.16693 220.1579 253.85934 264.24545 230.544 जाओ
216.2047 239.19148 243.3752 220.38841 150.41422 141.2092 151.6568 160.86182 गया
33.384663 64.24452 70.49075 39.630894 31.565332 22.98328 45.443848 54.025898 पर
177.85594 194.66197 172.35545 155.54942 351.7216 362.85342 396.53012 385.3983 बहू
35.842216 76.14889 52.323296 12.0166235 170.67892 221.33801 240.29474 189.63565 उसने
68.952095 95.883125 80.35311 53.42208 228.50092 262.14447 274.57596 240.93242 सब
