200.03467 349.30096 336.62286 187.35657 200.73651 235.05345 290.19858 255.88164 निश्चय
360.70294 446.74982 437.56146 351.5146 252.49548 272.29474 312.22687 292.4276 कर
526.14355 564.23047 565.6035 527.5166 284.52362 283.674 345.22437 346.07397 वर्ष
37.62007 140.01251 138.93907 36.54664 45.408325 46.741226 129.20161 127.86871 निकालकर
177.8128 301.3117 286.56122 163.0623 118.15712 147.93736 209.10783 179.32759 उठ
335.24832 468.1558 452.7037 319.79623 157.73764 189.68076 253.97311 222.03 कर
410.6193 450.94113 444.4053 404.08347 31.544449 42.323807 66.77214 55.992783 आप
80.93587 98.69156 93.10219 75.3465 118.034424 121.4281 150.67172 147.27805 यह
70.51249 87.08608 81.73887 65.165276 172.56949 175.73721 203.7139 200.54617 वह
139.71826 170.23575 160.12015 129.60266 70.48952 76.833145 125.49663 119.153 कौन
