424.4117 439.92642 438.33304 422.81833 446.8034 449.83197 457.99445 454.96588 भाग
224.81311 376.58728 363.7489 211.97473 93.88025 131.58182 183.26483 145.56326 समय
406.07556 490.61578 478.14948 393.60925 140.4968 161.49701 211.6825 190.68228 पर
224.87976 343.04126 323.9286 205.7671 150.79236 178.48088 260.0448 232.35628 कई
224.97137 344.9773 328.65674 208.65082 228.97476 255.77475 328.8555 302.0555 दफे
370.21222 460.39917 448.06342 357.87646 282.4018 302.50787 357.84064 337.73456 वह
566.7641 593.73663 590.03815 563.0656 128.75456 135.73943 150.02113 143.03627 चार
567.3728 593.96277 590.40686 563.8169 158.77214 165.51018 179.54283 172.8048 चार
341.5408 386.8201 381.4982 336.2189 198.28828 209.21227 231.27126 220.34727 व्रत
394.1584 466.54468 461.26837 388.88208 211.18274 228.64648 250.51639 233.05264 पालन
340.91714 405.14236 398.67026 334.44504 233.9407 249.00055 276.60205 261.5422 करने
503.9696 539.6106 534.75757 499.11658 357.18307 364.73447 387.63943 380.08804 सर
506.09076 547.43384 542.55304 501.21 404.30118 412.69345 436.7374 428.34512 एक
555.7273 598.2667 591.90564 549.3662 404.9447 413.59497 444.8767 436.22644 ओर
