317.0696 452.01328 448.1465 313.20285 217.93405 231.54016 269.8904 256.2843 अब
203.60693 274.27704 273.0552 202.3851 69.42689 71.660194 110.32369 108.090385 काट
241.99619 325.1195 325.11404 241.99074 7.4250736 7.4437695 31.715101 31.696405 एक
342.38846 429.19003 429.1846 342.38303 7.447651 7.4671745 31.69207 31.672546 बार
457.04837 491.82297 492.8049 458.0303 69.79799 67.63637 83.43318 85.5948 पर
444.43475 553.2749 548.877 440.0369 221.37778 232.05884 276.87286 266.1918 भूल
349.16666 393.77243 439.54367 394.9379 71.1523 50.62471 150.08406 170.61165 पिस
103.6922 195.17981 195.17676 103.68914 10.278763 10.294319 28.320564 28.305008 मदद
322.58118 446.79517 442.8145 318.60052 263.26987 275.38004 316.20975 304.09958 सही
74.99126 103.27234 103.28754 75.006454 78.41704 78.38522 91.89493 91.92674 करते
113.377686 135.61183 135.62778 113.39363 77.47375 77.44912 91.8491 91.873726 और
74.85131 112.1339 112.148705 74.86611 97.87014 97.8144 107.71813 107.77387 सम्मान
75.81386 99.03313 99.0509 75.831635 113.7135 113.671814 123.57231 123.614 भाव
