79.42951 106.616554 107.34185 80.15481 401.47046 400.88477 434.55096 435.13666 आ
116.98018 146.80687 147.04335 117.21666 401.4477 401.25482 437.83038 438.02325 गए
160.82068 257.2671 257.0924 160.64598 118.81935 119.11546 176.01558 175.71947 कुछ
157.0971 294.4119 294.062 156.74722 196.63385 197.48666 253.82147 252.96866 आनंद
9.92037 27.214159 28.560045 11.266256 407.51566 406.62595 432.78757 433.67728 हम
35.270058 71.14333 72.49189 36.618614 396.35843 395.11087 433.88773 435.13528 इसकी
265.72205 570.02856 569.6074 265.3009 107.36363 108.66496 207.14388 205.84254 भारतीय
57.21321 110.40387 110.31178 57.121124 115.822205 115.943695 156.25632 156.13483 बंद
56.04843 112.629395 112.492645 55.91168 180.73053 180.98639 211.22632 210.97046 कर
522.25494 570.85077 567.05634 518.4605 266.5537 278.78198 293.86108 281.6328 वह
