299.82498 371.1158 371.11215 299.82132 135.7372 135.75227 153.03114 153.01607 अगला
298.64722 358.063 358.0598 298.64404 169.4343 169.44351 189.96628 189.95706 कदम
372.46692 429.71802 429.71387 372.46277 164.04726 164.05766 186.73729 186.72688 उठाते
516.0539 600.47144 589.42377 505.00623 40.173492 120.25903 131.9043 51.818756 औरत
412.2302 470.19998 468.84787 410.87808 41.47364 43.349617 85.13148 83.2555 फिर
471.43298 528.6896 528.685 471.42844 186.31192 186.31876 224.12042 224.11359 सके
361.05835 385.37286 390.98962 366.6751 323.4734 314.88202 330.778 339.3694 वह
279.31082 347.361 347.35086 279.3007 5.730385 5.7516785 38.13877 38.117477 उन
279.33112 337.66827 337.66064 279.3235 80.010254 80.02402 112.419556 112.40579 पर
555.50146 599.3026 590.7805 546.9794 60.530235 102.14802 111.11718 69.4994 हद
