12.651139 34.793457 34.813248 12.67093 12.807381 12.794403 46.56321 46.576187 है
55.4121 112.360344 112.35859 55.410347 22.304535 22.309036 44.45981 44.455307 मगर
406.99536 464.91882 464.91754 406.99408 99.99836 100.002495 117.97469 117.97056 लगता
152.14017 219.45084 202.07962 134.76895 106.12027 135.79147 175.199 145.5278 इस
125.16176 227.32541 213.50453 111.34087 167.32219 212.39955 243.72331 198.64595 समय
428.40625 536.9691 536.9728 428.4099 196.55904 196.55064 243.97649 243.98488 रहती
511.02576 553.2937 553.2755 511.0076 99.93384 99.96031 129.01611 128.98964 उसे
223.55411 273.47424 258.6456 208.72548 126.5271 148.55048 182.16226 160.13889 और
203.74939 257.15442 247.43301 194.02798 171.51611 195.07825 217.11243 193.5503 आप
197.09686 305.693 305.70245 197.10632 10.502163 10.476524 50.55837 50.584007 आइए
193.639 256.89474 256.907 193.65128 67.03717 67.018295 108.148865 108.16774 हम
287.99207 366.00635 366.00305 287.98877 55.442772 55.44831 101.852486 101.84695 उसी
6.885605 51.217514 42.502792 -1.8291173 196.50093 217.63423 235.91533 214.78203 करना
554.2593 596.655 596.6382 554.24243 118.97003 119.00943 137.06876 137.02936 आपने
