452.12024 579.2041 579.1063 452.02243 33.640015 33.866867 88.644135 88.41728 तरफ
16.24472 93.13411 92.72232 15.832933 5.0840073 5.6934853 57.642727 57.03325 वह
278.57916 359.65924 359.63885 278.55878 27.340881 27.377167 72.97476 72.93848 उसी
278.58426 329.26913 329.2711 278.5862 112.222046 112.21896 143.89688 143.89996 पर
399.72284 457.67407 457.63245 399.6812 93.09943 93.17981 123.167145 123.08676 अपने
480.97705 536.7863 536.759 480.9497 102.51325 102.58721 123.257225 123.183266 आस
182.74931 205.74648 204.8521 181.85493 98.14028 99.20594 118.50686 117.4412 उठे
16.0635 92.16651 91.877525 15.774515 68.2193 68.909 100.79733 100.107635 निगल
89.59509 119.139984 129.96078 100.41589 161.2129 144.37389 163.35951 180.19853 हर
131.62573 257.22467 257.17554 131.57658 17.088943 17.192642 76.729965 76.62627 एक
50.66358 73.49136 73.050545 50.22276 320.70868 321.22394 340.7533 340.23804 गई
