454.79114 577.60205 577.56226 454.75134 90.635376 90.71123 155.24074 155.16489 आधी
23.214539 57.292313 57.1174 23.039629 81.40678 81.70428 101.74026 101.44276 तुम
342.62326 453.7783 453.7557 342.60068 50.34783 50.426964 82.165016 82.085884 अपना
336.81693 404.60495 404.57504 336.78702 108.535645 108.57733 157.25021 157.20853 देश
148.49245 188.4511 188.21962 148.26097 120.93019 121.28743 147.17857 146.82133 गयी
209.49304 251.60431 251.35492 209.24365 119.472046 119.84851 147.74298 147.36652 और
255.3096 289.05228 286.91183 253.16916 90.39336 94.152084 113.367096 109.60837 घर
3.891655 31.739399 31.761436 3.9136925 37.287724 37.253933 55.41496 55.44875 फिर
523.9658 569.48364 569.4656 523.94775 8.605724 8.641083 31.90588 31.870522 गया
523.9907 592.78235 592.7656 523.974 53.44577 53.495224 76.76425 76.7148 सहसा
74.12069 111.09278 110.855995 73.8839 95.88461 96.209076 123.190506 122.86604 भूत
