172.35333 292.39124 296.7419 176.70401 146.39796 134.71834 179.43285 191.11247 सतीश
270.33832 335.02698 339.22693 274.53827 194.89099 187.62045 224.98886 232.2594 पर
66.88037 192.65598 192.6835 66.9079 5.0317254 4.9870605 82.48608 82.53074 हम
275.7688 549.6095 549.6457 275.805 4.9597054 4.82666 79.352066 79.485115 अक्सर
409.8873 429.88358 428.9872 408.99094 246.31729 247.89212 259.27393 257.6991 उस
364.02994 573.1472 573.20056 364.08322 82.97302 82.8345 163.28857 163.4271 लक्ष्य
548.54517 591.6018 589.6687 546.61206 184.30275 188.2549 209.3152 205.36305 आती
303.36963 328.8319 330.32257 304.8603 99.72211 97.234604 112.49318 114.98068 जीत
497.34827 535.2429 536.73315 498.8385 215.91846 212.73962 230.50388 233.68271 कर
9.31868 104.72873 104.75374 9.343689 130.27092 130.21443 172.44609 172.50258 पास
