541.5847 581.5111 579.57434 539.64795 179.4115 183.08142 204.1525 200.48257 अब
408.88852 429.21048 428.0452 407.72324 242.80328 244.40375 259.19974 257.59927 इन
209.99603 276.13464 280.09796 213.95935 132.45985 126.014206 166.68169 173.12733 इसी
260.93735 314.53275 318.73257 265.13718 202.08485 196.0601 233.42137 239.44612 और
397.27042 468.9213 468.93222 397.28134 17.856623 17.827099 44.29377 44.32329 अगर
396.24878 459.08563 459.10187 396.265 62.560112 62.527657 93.90926 93.94172 तरह
484.05255 582.1956 582.2144 484.07135 51.737225 51.687584 88.94365 88.99329 सोचना
396.30667 471.9128 471.93198 396.32584 107.28162 107.23547 138.62999 138.67613 वजह
165.94547 218.81824 221.09357 168.2208 186.00937 180.8641 204.24539 209.39066 मुगल
320.95508 397.68616 400.63507 323.904 190.22777 181.61235 207.87636 216.49178 सफर
200.00989 334.53528 334.5517 200.0263 7.533763 7.488758 56.509953 56.55496 फतहसिंह
269.65073 336.84848 339.0333 271.83554 112.252594 105.693085 128.07516 134.63467 करता
421.4575 458.7875 460.82773 423.4977 202.46454 198.27045 216.42938 220.62347 उठ
