547.93604 595.88403 604.89966 556.95166 180.2294 166.86871 199.22366 212.58435 गई
182.60939 249.70985 248.15245 181.05199 64.70522 69.24691 92.25655 87.71487 गया
311.40497 328.885 345.6314 328.15137 251.1972 241.49225 271.65503 281.36 रहा
330.9785 350.0574 371.60696 352.52805 286.45212 275.85947 314.67343 325.26608 खैर
365.50354 383.92902 401.92676 383.50128 291.31104 280.86615 312.6153 323.06018 हम
46.577766 88.61415 88.60653 46.570145 4.767082 4.779602 30.356808 30.344288 फिर
46.729973 113.2742 113.26795 46.72373 53.047646 53.071556 70.451096 70.427185 उठकर
126.9124 180.99863 179.02681 124.940575 69.9626 73.637924 102.65524 98.97992 हाल
345.97006 396.30832 398.319 347.98074 260.89026 257.0406 283.33197 287.18164 तरस
209.20828 292.18207 292.17404 209.20027 5.423317 5.4482536 32.05465 32.029713 अपना
310.27127 401.44113 401.43314 310.26328 5.4495773 5.4769783 32.08748 32.060078 बालक
