384.03934 461.70175 473.7986 396.1362 143.81026 109.17253 136.2953 170.93303 उसके
204.66403 241.13077 257.60013 221.13339 91.57172 54.865738 71.22775 107.93373 एक
212.14716 252.91678 265.3898 224.62018 131.53166 91.222336 103.83778 144.14711 बटन
356.69608 401.79062 369.3127 324.21817 -4.286415 16.54766 86.844765 66.01069 उसी
537.0735 574.4182 572.479 535.1343 255.03604 259.19797 276.5983 272.43637 सबरी
582.79553 594.0565 593.0194 581.7584 265.05872 265.96228 278.8875 277.98395 न
272.0058 320.39417 334.81354 286.42517 191.75546 159.43439 181.02182 213.3429 लग
498.9231 546.7905 558.5868 510.71936 89.32543 67.963234 94.39564 115.757835 और
443.19626 481.95096 481.88382 443.12912 244.86276 244.99826 264.2056 264.0701 अब
331.00977 361.42468 334.81262 304.3977 59.466995 73.53537 131.06894 117.000565 नई
