498.81433 570.00146 570.0676 498.8805 67.63909 67.47535 96.21731 96.38105 आया
495.36313 565.60986 565.6758 495.42905 113.66443 113.5038 142.34604 142.50667 साफ
368.38724 410.4836 412.01315 369.91678 98.25841 95.60245 119.84482 122.50078 वह
142.89809 254.15825 254.13188 142.87172 75.76169 75.80272 147.25906 147.21803 पर
490.7461 536.37354 536.4302 490.80273 37.70489 37.599133 62.023495 62.129253 राय
345.738 367.83212 369.40323 347.3091 107.076385 105.70532 131.02316 132.39423 हुए
278.40854 305.22256 305.217 278.40298 52.388077 52.398094 67.28609 67.27607 जिस
315.06903 330.96216 330.95807 315.06494 56.37216 56.37809 67.29569 67.289764 पर
278.44598 302.2774 302.27307 278.44165 74.620674 74.62934 86.53925 86.53059 हाथ
443.98645 488.6836 488.779 444.08185 65.42654 65.323845 106.85206 106.95475 गई
