10.529888 110.194855 110.206085 10.541119 4.913747 4.8676662 29.16502 29.2111 लगभग
132.39648 169.06885 169.08145 132.40909 4.8397527 4.823448 33.187855 33.20416 हर
10.601288 92.89538 92.910164 10.616074 44.384743 44.352196 81.74059 81.77314 सहित
115.10048 214.7726 214.77864 115.10652 53.436676 53.411926 77.68318 77.70793 लगभग
352.1063 437.53964 437.52457 352.09122 5.826809 5.864773 39.843956 39.805992 साथ
485.0263 595.36005 595.34515 485.0114 6.8842964 6.932705 40.887173 40.838764 रहकर
190.54848 231.32127 231.33055 190.55775 23.04659 23.031013 47.334023 47.3496 इस
377.58105 408.74976 408.74756 377.57886 52.406937 52.412704 64.40941 64.40364 चल
419.57785 455.7487 455.7465 419.57565 52.41472 52.421387 64.41527 64.4086 गया
461.7057 557.07086 557.06274 461.69757 45.02896 45.050507 81.025955 81.00441 कहना
