401.98578 430.669 430.6656 401.98236 6.1745033 6.181286 20.51022 20.503437 पर
442.59195 493.82004 493.8163 442.58823 6.1785507 6.1918526 20.525148 20.511847 समय
401.9546 514.6776 514.67224 401.94925 28.077988 28.108772 47.573067 47.542282 मध्यकालीन
401.91815 436.7669 436.75482 401.90607 60.22831 60.247017 82.79214 82.77343 युग
448.70065 488.6815 488.67532 448.6945 60.25213 60.26925 74.61849 74.60137 तक
37.10386 121.427216 121.415306 37.091946 5.350029 5.3793907 39.60017 39.57081 मगर
372.50345 399.66757 400.23514 373.071 125.25069 124.02345 136.58675 137.81398 लगा
2.0893478 55.22106 49.389023 -3.7426906 239.12613 252.73087 275.50717 261.90244 जब
490.32565 565.33435 577.333 502.3243 133.6768 96.80397 121.212326 158.08516 सका
132.40121 192.29004 192.27591 132.38708 28.606918 28.626167 72.617516 72.59827 गये
