431.12006 456.9599 455.94122 430.10138 70.07142 71.81878 86.88293 85.13557 दिन
355.07376 400.85928 400.91867 355.13315 36.77706 36.68479 66.1687 66.26097 पर
466.98975 528.68945 528.6728 466.9731 109.926834 109.95601 145.01118 144.98201 सिर
146.35135 180.91983 179.80933 145.24084 354.31042 357.32782 370.05035 367.03296 हालत
534.7876 593.006 593.21606 534.9977 180.26259 179.75182 203.69615 204.20692 कण
536.68677 580.14453 580.1312 536.67346 115.976074 115.996704 144.03476 144.01413 सही
496.49918 563.9691 563.9889 496.51895 20.913761 20.883476 64.96895 64.99923 और
448.7485 491.99918 492.24387 448.9932 182.02003 181.64113 209.57149 209.9504 वह
19.85545 65.22719 62.820705 17.448965 330.26013 334.21588 361.8178 357.86206 और
190.50293 240.05997 240.06284 190.5058 4.948389 4.942938 30.99491 31.00036 गुजर
