436.9895 505.04523 505.04907 436.99335 105.970184 105.9659 166.98868 166.99297 देश
207.7993 247.4695 249.94063 210.27043 161.61758 157.75964 183.16959 187.02753 बेल
267.18637 296.69986 298.47775 268.96426 163.0125 160.14482 178.44249 181.31017 पर
292.35202 335.80057 338.2993 294.85074 194.28314 189.39676 211.61462 216.501 हल
354.40094 422.03436 424.4192 356.78577 187.30792 179.70175 200.90741 208.51358 करता
549.8908 592.94806 591.0125 547.95526 181.23798 185.1943 206.25854 202.30222 पता
43.014454 116.00406 116.00624 43.016636 108.01012 108.00401 134.00906 134.01517 परिश्रम
421.0038 470.44077 473.04874 423.6118 207.62595 202.06549 225.25266 230.81311 तक
11.810486 124.79965 124.80481 11.815643 59.403915 59.39292 112.40411 112.41511 एक
14.007969 123.988266 123.99434 14.014042 141.8183 141.80963 218.80884 218.8175 और
409.0779 432.78452 431.3264 407.61978 240.53949 242.4455 260.5815 258.6755 पर
241.87238 280.54547 282.2323 243.5592 130.98627 127.21323 144.50308 148.27612 रुक
300.1895 327.6784 329.55402 302.06512 125.295044 122.625595 141.9401 144.60954 गए
