72.0054 151.0163 151.02444 72.01355 11.97515 11.965965 81.9933 82.00249 हुए
489.44125 536.2722 537.6708 490.8398 215.45404 211.52365 228.1875 232.11789 बात
537.1851 584.46 582.6213 535.3464 181.13379 185.47614 205.49405 201.1517 चल
264.2069 331.8979 335.4181 267.7271 203.79068 196.17557 227.46664 235.08176 बना
77.852325 95.84883 95.849304 77.8528 186.81633 186.81557 197.81557 197.81633 वह
105.44639 125.44169 125.44213 105.44683 186.81479 186.8139 196.81424 196.81512 थक
77.85111 96.84678 96.847115 77.85145 203.61623 203.61559 213.61522 213.61586 कर
77.84941 95.845276 95.845566 77.8497 220.41531 220.41495 234.41397 234.41434 चूर
428.39716 472.799 475.06744 430.6656 200.66441 195.67088 215.84135 220.83488 बाद
208.15182 264.1107 266.3922 210.43335 132.42831 126.96997 150.36026 155.8186 इतना
279.41724 314.03455 316.1184 281.5011 125.47162 122.09465 143.45618 146.83315 वह
211.79506 257.57263 259.6513 213.87376 169.84889 165.39156 186.74025 191.19759 स्पष्ट
410.1972 487.2489 487.25372 410.20203 35.93897 35.929718 75.95102 75.960266 गत
523.0753 596.1134 596.0664 523.0283 17.8545 17.899055 95.00142 94.95686 हुई
409.05807 488.10153 488.10428 409.06082 119.977356 119.97214 161.98813 161.99335 वह
483.2973 511.28394 512.5786 484.59198 196.8922 194.56862 210.16243 212.48601 जिस
335.32007 389.83496 392.56042 338.04553 190.68066 184.54935 208.78189 214.91321 बना
