19.082603 45.483894 49.178078 22.776787 21.767673 14.684013 28.452484 35.536144 हाथ
18.556185 44.780815 48.39573 22.171099 48.585896 41.65843 55.343052 62.27052 कहा
16.419815 45.114487 50.265045 21.570374 68.979416 61.517548 81.324066 88.785934 रहते
545.4002 588.39154 587.9814 544.99005 46.6969 47.46122 70.531235 69.766914 उस
58.56559 108.979416 104.74044 54.32662 196.9962 207.79445 227.58498 216.78673 फाग
290.615 319.9303 319.95935 290.64404 165.11026 165.06555 184.11563 184.16034 दवा
62.631065 97.97429 96.69169 61.34847 30.904778 31.819061 81.400185 80.4859 उस
534.83453 595.45514 594.9993 534.3787 4.483612 5.1790085 44.919136 44.22374 यह
76.412346 97.62733 96.97733 75.76235 84.76598 85.31707 110.33962 109.788536 सब
488.9157 523.8447 523.18616 488.2571 59.34034 60.483162 80.611275 79.46845 घर
3.821766 45.862404 45.290127 3.2494895 184.53003 185.94418 202.95703 201.54288 वह
