16.508652 89.22364 87.26701 14.552022 75.716095 78.37334 131.91626 129.25902 ओर
315.95898 537.5676 537.65796 316.04932 38.76178 38.607056 168.0022 168.15692 पार
176.4057 279.60846 278.2272 175.02443 186.48856 190.3982 226.85938 222.94974 परिवर्तन
139.44662 227.4573 225.47665 137.46597 88.282104 91.47398 146.08722 142.89534 डंक
315.6508 366.90024 366.79617 315.54672 258.93948 259.18234 281.14432 280.90146 वह
319.44608 363.55515 363.57846 319.4694 5.825503 5.786165 31.92166 31.960997 फिर
319.47882 378.5692 378.58124 319.49084 48.230816 48.19158 66.25601 66.29525 स्वस्थ
36.085175 91.58644 90.52127 35.02 178.98354 181.10262 209.00099 206.88191 लगने
194.10612 237.6646 236.99577 193.4373 144.93909 146.53806 164.75806 163.15909 मगर
467.37595 506.49643 506.50027 467.3798 144.19327 144.18753 170.19907 170.2048 और
521.47455 573.6436 573.6453 521.47626 152.19376 152.18887 170.20001 170.2049 नरक
140.37709 174.53041 173.593 139.43968 181.89146 183.18922 207.85887 206.56111 हुए
