257.67532 374.82144 374.83237 257.68625 45.522465 45.505432 120.6031 120.62013 गयी
257.95715 407.05365 407.06104 257.96454 173.48486 173.4653 229.53043 229.54999 चन्दर
457.1885 575.3157 575.3251 457.1979 173.45874 173.4432 244.5267 244.54224 कुछ
78.40681 213.53238 213.54184 78.41627 4.6934276 4.6731796 67.75836 67.77861 तक
217.5055 249.50436 249.58188 217.58301 20.093842 20.023193 55.136505 55.207153 के
267.22607 329.2751 329.27875 267.22974 30.100187 30.091064 55.124832 55.133957 पतन
346.92444 382.97375 382.97742 346.9281 30.088467 30.083164 55.117153 55.122456 पर
400.60504 509.67188 509.67694 400.6101 21.068106 21.051956 55.098564 55.114716 अफसोस
217.63123 261.68 261.68353 217.63477 76.56932 76.563065 101.59532 101.60158 रहा
217.71457 267.7805 267.7852 217.71927 114.0173 114.01041 148.05261 148.05951 और
