550.57666 586.801 587.59033 551.36597 6.0441723 5.3466644 46.33792 47.03543 और
551.9435 581.463 581.4877 551.96814 66.67387 66.64777 94.590645 94.61674 दम
214.35143 259.74243 283.48895 238.09792 151.03505 131.37733 186.20958 205.8673 पर
185.78055 211.49072 210.49026 184.78009 252.46622 253.82584 272.74448 271.38486 वह
111.15582 144.39618 155.23111 121.99075 178.36148 158.61203 176.84833 196.59778 घर
414.6941 492.96344 493.01117 414.74182 5.8241844 5.7661667 70.18486 70.242874 करने
195.56805 220.22647 236.8823 212.22388 178.37788 167.5501 205.48085 216.30864 वह
492.22693 537.72144 537.74475 492.25024 42.107594 42.073174 72.81763 72.85204 गल़त
187.76364 212.14163 207.88657 183.50858 125.596054 130.23732 152.5869 147.94563 धरे
126.79975 146.27666 152.75217 133.27525 202.34782 190.75212 201.6288 213.2245 वह
