8.803856 70.608604 66.91141 5.1066556 47.56289 56.949562 81.29311 71.90644 उसका
517.0096 557.80597 557.8022 517.0058 4.124157 4.133581 20.305342 20.295918 अगर
516.0226 552.0775 552.06665 516.0117 24.090813 24.1055 50.68792 50.673233 कोई
390.99774 421.09515 421.065 390.9676 98.9494 98.998886 117.323105 117.27362 पर
157.71086 260.51544 260.5177 157.71315 6.647454 6.6439514 73.54545 73.54895 होकर
19.64184 58.20259 58.271843 19.711092 96.639114 96.4836 113.654724 113.81024 अब
306.8473 344.0157 343.9579 306.7895 102.02616 102.133 122.249825 122.14298 पर
301.5284 361.142 361.14127 301.52768 14.892796 14.894104 48.845013 48.843704 कर
59.282646 82.81112 82.87908 59.35061 100.764404 100.6579 115.67354 115.780045 वह
26.71104 37.59998 40.21343 29.32449 136.9429 135.22977 151.84122 153.55435 पर
5.3405237 17.446068 20.211021 8.105475 136.7237 134.73846 151.59872 153.58395 सच
