115.44214 203.58936 203.57364 115.42642 74.62917 74.66227 116.51502 116.481926 गरज
8.0 73.0 73.0 8.0 8.0 8.0 41.0 41.0 तरह
4.9898186 44.82624 43.020668 3.1842463 340.57797 344.74966 361.99136 357.81967 रहा
497.50476 592.68335 595.1105 499.9319 87.8222 84.756485 160.10916 163.17488 इस
53.96116 124.45841 123.08938 52.592125 160.3419 163.40016 194.95857 191.90031 पता
18.81012 103.637375 103.61878 18.791523 77.79032 77.837776 111.08578 111.03832 पक्षधर
263.04877 299.57074 299.5736 263.05164 6.6238556 6.6210556 44.036087 44.038887 गई
263.04605 298.58994 298.5297 262.9858 37.316437 37.371918 75.96695 75.91147 हुई
405.04477 475.72537 477.49405 406.81345 10.023849 7.7445984 62.593094 64.872345 तुम
407.92252 489.35397 491.18045 409.749 97.76274 95.14218 151.89787 154.51843 खुद
145.52034 195.09276 195.06886 145.49644 120.77998 120.81795 152.02861 151.99065 पर
146.0 211.0 211.0 146.0 6.0 6.0 33.0 33.0 कचरे
58.011772 75.99982 75.006935 57.018887 349.62717 351.51205 360.98752 359.10263 पर
307.28552 353.37518 353.3615 307.27185 29.885746 29.907352 59.110638 59.08903 यह
258.714 367.6228 368.66266 259.75385 113.14925 109.642136 141.9341 145.44121 उठकर
