388.98526 443.43155 443.181 388.7347 341.45673 342.71442 353.5614 352.3037 खाकर
8.0 68.0 68.0 8.0 14.0 14.0 50.0 50.0 आगे
402.03006 587.5089 590.8165 405.33762 51.685028 45.716095 148.4956 154.46454 नाम
34.011314 69.457375 68.01304 32.56698 344.49557 348.20883 361.9962 358.28293 अब
100.40683 203.64297 203.61035 100.374214 77.81023 77.87694 128.34421 128.2775 अपने
229.1282 279.14575 279.12582 229.10826 5.9685707 6.000641 37.151215 37.119144 मन
277.06833 324.76804 324.13907 276.43936 329.10535 330.26746 356.08417 354.92206 झूठ
274.9628 341.90665 341.84763 274.90378 16.296803 16.381046 63.276203 63.19196 और
384.2204 473.50336 475.01813 385.73517 16.97154 14.094593 61.104553 63.981503 एक
29.572067 73.61932 73.60272 29.555466 70.308624 70.33136 102.48193 102.4592 और
265.10208 312.71457 312.82864 265.21616 209.92769 209.7375 238.29796 238.48814 लोग
