51.610004 98.61 98.61 51.610004 8.6 8.6 28.599997 28.599997 शक
112.81 130.81 130.81 112.81 8.6 8.6 28.6 28.6 न
145.01 184.01 184.01 145.01 8.6 8.6 28.6 28.6 कर
291.81442 352.8079 352.03598 291.0425 328.30508 329.8116 361.0627 359.55618 तुम
218.99792 248.99857 249.0003 218.99966 202.99153 202.98863 220.98973 220.99263 यह
272.48093 316.94424 317.05832 272.595 209.89653 209.71892 238.28105 238.45866 और
47.362556 95.87605 94.979744 46.46625 124.2054 126.53685 145.18742 142.85597 वह
104.68814 187.51819 187.49661 104.666565 90.69829 90.7361 137.99974 137.96193 लगने
382.4845 451.59564 451.12653 382.01538 336.97614 338.5492 359.16064 357.5876 दरबार
13.447052 82.20344 82.177414 13.421026 66.03065 66.06948 112.147606 112.10877 पर
