305.8006 342.91327 343.79572 306.68304 99.59259 97.975174 118.22366 119.84108 रखा
298.87732 334.8593 335.70038 299.71838 138.11717 136.5949 156.47493 157.99721 गया
305.13763 341.5448 341.53497 305.1278 65.94566 65.96355 85.946976 85.92909 भर
412.3288 526.93445 526.9319 412.32623 12.082115 12.086327 81.017715 81.013504 एक
512.03174 593.4009 587.6173 506.2482 119.39737 131.08054 171.36078 159.67761 जब
142.21819 194.04033 194.0374 142.21526 5.054756 5.059654 36.033424 36.028526 इस
217.68933 299.372 299.3692 217.68651 5.0649147 5.072853 34.045277 34.03734 समय
144.4763 207.25984 207.25911 144.47557 61.0129 61.014473 90.00213 90.00056 आप
454.6517 506.83444 503.7054 451.52267 125.59114 133.08653 154.87074 147.37535 बाघ
30.089428 157.67545 157.67865 30.092632 95.99683 95.98967 152.99533 153.00249 पतिदेव
274.03247 298.04846 297.9607 273.9447 196.77571 196.88881 215.52989 215.4168 अब
