314.35684 337.78488 337.19778 313.76974 181.01775 181.48601 210.85847 210.39021 सबसे
544.78143 587.20184 592.39557 549.97516 117.45241 108.39662 132.72581 141.7816 पर
435.97647 474.16183 477.54404 439.35867 92.62711 88.24233 117.696465 122.081245 बूझ
440.8544 477.95193 480.44388 443.34634 134.50427 130.26672 152.08234 156.31989 कर
104.158875 200.37729 200.3797 104.161285 67.02651 67.02198 118.0272 118.03173 होकर
330.43674 381.001 379.8434 329.27914 101.04851 102.66806 138.80873 137.18918 नए
341.2388 355.30893 354.69022 340.6201 179.6551 180.02754 203.40321 203.03078 और
81.9232 125.06996 125.05809 81.91133 6.603752 6.6202774 37.63359 37.617065 वह
142.35893 192.44032 192.4319 142.35051 6.626892 6.6460724 28.646294 28.627113 कब
205.20749 294.25183 294.24548 205.20114 36.837456 36.85241 74.8323 74.817345 लेकर
208.28981 292.35913 292.36707 208.29774 87.609184 87.592896 128.56512 128.58142 आयी
