331.49033 384.10202 383.012 330.4003 100.05289 101.736176 135.80585 134.12256 पर
37.196693 102.43317 102.423546 37.18707 27.402435 27.417747 68.44588 68.430565 यह
123.16243 197.32147 197.31184 123.152794 27.42263 27.440048 68.44308 68.42566 कह
36.984398 103.25123 103.25695 36.99012 77.83647 77.82823 123.83237 123.84061 गये
548.23553 589.8139 593.8809 552.30255 129.40147 120.55745 139.67747 148.5215 बात
447.51877 506.44266 509.68533 450.76144 116.280136 109.54347 137.9063 144.64296 कर
312.3232 343.6238 344.1193 312.8187 181.94757 181.38016 208.71231 209.27972 अजीब
195.71628 296.7412 296.7335 195.70857 29.438866 29.461159 64.44575 64.423454 बढ़कर
197.67545 261.7916 261.79816 197.682 81.81441 81.80461 124.77925 124.78905 और
317.36603 382.3009 382.2964 317.3615 10.098469 10.11021 35.07034 35.058598 करता
542.0614 589.6808 593.76624 546.14685 108.95665 98.78102 117.8996 128.07523 उनको
419.67264 468.7404 471.36526 422.29752 95.162285 89.53881 112.44201 118.06548 बाद
