129.10947 150.21378 150.20935 129.10504 18.321167 18.330456 28.353966 28.344677 सब
129.21637 150.32794 150.32431 129.21274 36.761936 36.76781 49.788692 49.782818 एक
158.51761 185.6036 185.59982 158.51382 36.77297 36.78317 46.79559 46.78539 साथ
129.30002 158.41733 158.41504 129.29773 51.186195 51.19094 65.20326 65.19852 उठते
226.67743 378.71918 378.7083 226.66658 6.5453873 6.5764847 59.644966 59.61387 आचार्य
411.5323 573.01355 573.0068 411.52548 20.667015 20.690323 67.66408 67.64077 महाशय
1.7031908 30.836124 34.907406 5.774472 180.3111 170.8877 183.47427 192.89767 गए
1.6971359 26.83857 30.917557 5.776123 203.35876 195.2164 207.81122 215.95358 पर
19.048576 49.30117 49.300453 19.04786 60.372787 60.37378 82.40184 82.40085 हुए
66.97513 103.21275 103.21089 66.97327 52.370026 52.37285 76.40172 76.398895 और
