270.41446 386.5521 385.78574 269.6481 51.331078 53.013863 105.90537 104.22259 तरह
11.058506 78.68942 78.6985 11.067585 59.133167 59.11226 88.4669 88.48781 इसकी
11.056122 69.55807 69.54385 11.041907 106.64296 106.68405 126.92174 126.880646 जगह
445.01947 523.0221 523.0234 445.02072 12.977615 12.9750595 52.010162 52.01272 छुआ
209.62233 301.59998 301.61334 209.6357 4.79573 4.763912 43.37118 43.403 कलंक
382.32324 478.9721 478.39124 381.74237 63.12709 64.50691 105.19295 103.813126 घास
80.55803 138.32646 138.3257 80.55727 72.62599 72.62764 98.99556 98.99391 चल
175.19662 226.1709 226.17014 175.19586 72.55457 72.55602 98.998055 98.996605 कर
53.556175 98.482796 98.48914 53.562523 16.009077 15.997841 41.387817 41.39905 पर
477.77844 528.6156 528.1949 477.35776 77.72715 78.45249 107.93728 107.21194 लोग
569.9918 595.9884 596.0366 570.04004 7.4647226 7.3989544 26.45478 26.520548 पर
105.57396 150.49013 150.49855 105.58238 24.114311 24.101044 52.561485 52.574753 बैठ
