571.2703 596.2264 596.2659 571.3099 10.845953 10.783815 26.66606 26.728197 एक
571.3047 596.2285 596.2095 571.28564 31.086105 31.115906 47.017143 46.987343 एक
10.878876 105.8054 105.76292 10.836396 62.04911 62.11773 120.87658 120.80796 पर
416.00653 477.02704 477.02026 415.99976 9.95084 9.96558 38.01189 37.99715 करने
275.28714 356.78622 356.29227 274.79318 67.68801 68.851555 103.449776 102.28623 पलट
241.24182 298.52264 298.5345 241.25366 5.799472 5.779812 40.3156 40.335262 ओर
113.887314 180.92374 180.90907 113.87266 87.38396 87.4198 114.838715 114.80287 आप
494.0208 528.0326 528.02747 494.01566 4.959738 4.9685154 25.00291 24.994133 हुआ
393.33252 468.63855 468.23206 392.92603 75.50168 76.5768 105.0479 103.97278 खँडहर
508.99274 529.9966 529.99384 508.99002 29.001965 29.005718 44.019176 44.015423 और
485.93494 517.45984 517.2466 485.7217 75.820244 76.261375 91.50254 91.06141 उनके
41.33178 95.439 95.447105 41.33988 4.8496313 4.835228 35.290794 35.3052 वह
