276.0696 366.58975 366.77994 276.2598 421.63632 420.9581 446.34555 447.02377 उसका
485.1217 574.16846 571.807 482.76028 3.0118408 14.613003 32.738358 21.137196 शौचालय
483.0786 541.5332 539.08563 480.63104 24.405373 31.977753 50.87159 43.29921 दिवस
333.94528 392.20547 392.1298 333.8696 5.782833 5.896656 44.630005 44.516182 आता
422.99207 514.9938 511.0108 419.00906 46.615143 58.405228 89.48607 77.695984 सबब
535.22107 586.0038 580.8745 530.0918 51.905518 58.413345 98.43915 91.93132 भी
312.55103 352.85663 352.82074 312.51514 48.13742 48.20848 68.568634 68.497574 लाकर
364.89734 385.9817 385.9458 364.86145 48.229713 48.266884 68.622246 68.585075 रथ
482.5464 540.57526 539.5112 481.48236 88.60773 96.02272 104.34978 96.934784 आवश्यक
310.28098 349.89493 349.85855 310.2446 94.7738 94.83533 118.26019 118.19867 बाहर
