339.53452 372.13657 365.02554 332.4235 126.674164 132.27332 173.67868 168.07953 नाश
70.60596 182.36166 182.31235 70.55664 9.058178 9.227329 41.80477 41.63562 उसका
423.49667 495.2274 495.20737 423.47665 30.194504 30.233582 67.033264 66.99419 होकर
423.4107 482.83032 482.82153 423.40192 80.07621 80.0985 103.60227 103.57998 कान
498.54755 594.7691 594.7603 498.53876 80.10442 80.14051 103.63061 103.59452 लगाकर
277.17398 395.07645 395.04843 277.14597 35.43358 35.49565 88.67212 88.61005 शायद
339.15744 403.5469 403.43295 339.0435 355.72794 356.20975 371.44046 370.95865 कहा
496.15912 540.2224 540.2044 496.14108 4.8838997 4.911686 33.532528 33.50474 और
496.04736 533.9624 533.95056 496.03555 53.944633 53.962227 79.50802 79.490425 इस
548.55206 596.6794 596.6694 548.54205 53.968994 53.991333 75.44627 75.423935 बात
