388.4278 403.48474 395.5708 380.51385 95.12448 98.06177 138.62952 135.69223 ओर
378.17618 391.67807 386.0565 372.5546 147.72879 150.35022 179.30457 176.68314 चल
379.5977 414.91373 397.53348 362.21744 158.83975 166.23685 249.21564 241.81854 शोध
154.67026 209.5282 219.82407 164.96613 134.89597 113.53348 139.97281 161.3353 यह
15.403313 96.0683 96.69199 16.027008 89.34306 87.893326 122.59639 124.04613 आकर्षित
34.82905 85.32691 86.115974 35.61811 134.474 133.25479 165.93704 167.15625 करने
83.67303 109.84304 126.300606 100.13059 134.54588 124.025955 164.96678 175.48671 और
57.47307 79.84061 93.739136 71.3716 187.08185 177.66974 210.6991 220.1112 इस
71.05121 124.76817 125.88071 72.16374 218.62735 216.69214 247.5733 249.50851 दिवस
317.78256 346.17953 338.3583 309.96133 94.48349 113.51077 125.18346 106.15617 यह
317.42047 344.38513 336.74664 309.78198 118.977615 136.77194 148.34691 130.55258 रहा
317.1449 350.94025 341.57904 307.7837 137.61194 159.65341 174.00656 151.96509 उसी
406.15973 423.43988 411.06964 393.7895 102.6631 106.24327 165.94954 162.36937 दर्द
303.78622 335.26633 347.18655 315.70645 30.658209 2.0407906 15.15341 43.77083 माह
132.46126 153.42616 165.47737 144.51247 215.13817 206.79033 237.05592 245.40376 और
