126.80913 216.76262 216.77614 126.82265 553.54974 553.50824 582.7917 582.8332 कसकर
233.30511 303.7304 303.73944 233.31415 553.41473 553.39764 590.6817 590.6988 पकड़
324.06705 357.55283 353.71005 320.22427 538.2817 541.17584 585.63824 582.7441 लो
256.80145 338.79993 331.6496 249.65111 130.67685 141.638 195.12854 184.16739 हाथ
234.32108 276.08472 296.39145 254.62782 17.480957 4.0309143 67.085266 80.53531 मच
297.76553 341.8505 361.30057 317.2156 17.449425 3.8154678 66.706726 80.34068 गया
52.089043 85.098145 75.77305 42.76395 320.8086 327.60083 372.919 366.12677 और
29.873222 123.32827 123.33732 29.88227 537.7953 537.78015 593.6106 593.62573 बना
289.0053 331.039 344.1468 302.1131 359.96103 340.0309 367.67587 387.606 पर
10.461395 52.75544 52.685963 10.391917 382.9637 383.0953 405.42307 405.29147 हमारा
59.958946 99.18844 99.1244 59.894905 382.99393 383.1111 404.55142 404.43423 जनम
108.14897 176.86946 176.9724 108.25191 477.48877 477.36597 534.9858 535.1086 तरह
332.66504 366.7943 382.4375 348.30823 74.7114 64.19845 114.98258 125.49554 कर
