3.961197 101.54941 100.70761 3.1193993 45.334236 46.491325 117.48768 116.33059 साब
262.84012 310.57703 300.96835 253.23146 261.9507 281.1746 305.03488 285.811 कर
563.93134 595.82684 598.1386 566.2431 364.75082 362.7338 399.29044 401.30746 लिए
60.79368 108.646 94.098366 46.24604 291.93573 302.8888 366.44525 355.4922 इन
26.734121 78.236275 78.65863 27.156477 400.6125 400.04425 438.32343 438.89166 पर
471.85516 586.1998 586.1934 471.84872 7.0771637 7.086838 82.872925 82.86325 फिर
36.55604 58.259274 47.557056 25.853825 109.07144 115.97153 149.63376 142.73367 इस
14.348934 52.0927 51.656292 13.912525 155.45107 156.11412 180.95631 180.29326 तरह
64.1961 85.776085 74.888954 53.308968 149.59126 156.63121 190.00417 182.96422 इस
107.89051 173.37283 174.44019 108.95786 290.8993 289.40558 336.19568 337.6894 उसे
94.61397 178.29884 179.02586 95.34099 346.7535 345.36057 389.03848 390.43143 कभी
153.7038 182.02765 165.3245 137.00064 66.98811 76.584854 125.88263 116.28589 और
132.09561 156.44531 141.57486 117.22516 127.01558 135.2595 179.18172 170.93779 गेट
