73.264404 191.4281 192.8186 74.65491 307.6395 305.6865 389.81656 391.76956 यह
563.4334 595.3868 597.7797 565.82635 357.79593 355.7753 393.61667 395.6373 एक
105.63214 136.2973 136.2663 105.601135 419.16986 419.20972 443.0423 443.00244 इस
261.88092 338.06622 337.22772 261.04242 146.8009 148.193 194.0805 192.68842 रूठ
135.02763 173.16142 152.12236 113.98857 9.201439 21.831657 85.35384 72.723625 और
103.78405 138.1163 122.15818 87.82593 97.78914 109.14703 157.3847 146.02681 दम
291.68213 394.89294 396.3291 293.1183 290.50204 288.52896 363.6519 365.62497 इसी
573.04535 589.25323 589.2087 573.0008 398.04416 398.09732 411.68137 411.6282 पर
28.071053 95.70799 95.48216 27.845222 13.386101 13.79171 51.45098 51.045372 तंगदिल
12.621506 101.540504 101.19637 12.277377 67.9761 68.90649 101.79621 100.86582 वक़्तपरस्त
15.873928 43.32846 29.75373 2.2991977 89.356064 97.93503 141.37709 132.79813 और
