498.81607 596.7556 601.5012 503.56168 282.97595 268.36652 300.1806 314.79004 और
42.283264 145.94072 144.24709 40.589634 270.09766 274.55426 313.94647 309.48987 काम
222.0924 439.8728 439.3639 221.58348 6.330353 7.16185 140.4528 139.6213 अधिक
455.48883 489.313 495.0542 461.23004 211.2178 200.14044 217.67084 228.7482 कर
218.12599 260.8423 260.89294 218.17665 288.06583 287.97153 310.90744 311.00174 औरत
507.6123 576.7117 578.7092 509.60986 264.09796 253.55566 266.64893 277.19122 पर
350.5073 410.0367 409.89133 350.3619 105.92221 106.154495 143.41766 143.18538 मना
415.38934 469.4167 469.27106 415.2437 106.11496 106.325775 143.64935 143.43854 कर
4.6267624 42.321697 41.19272 3.4977822 282.63977 284.25995 310.5271 308.90692 रंग
177.78477 216.11473 190.89223 152.56227 3.6311188 15.675629 95.94266 83.89815 हुई
121.33066 194.18866 193.99625 121.13824 145.7759 146.14363 184.26839 183.90065 भगत
449.83765 490.352 495.36694 454.8526 236.11566 222.85266 238.17181 251.43481 सकती
219.27432 246.98993 247.07364 219.35803 242.39693 242.27725 261.66302 261.78268 पर
