132.71268 199.06961 211.7266 145.36966 307.77258 267.88098 288.935 328.8266 एक
142.9581 201.13037 211.22754 153.05527 338.28873 304.09927 321.27927 355.46872 रमा
151.25658 231.9069 244.16566 163.51534 369.99216 323.05905 344.12466 391.05777 इतना
124.484085 177.93593 186.92638 133.47453 168.09088 131.92618 145.21414 181.37885 एक
129.53381 186.13559 199.04303 142.44125 193.5043 156.61057 176.41296 213.3067 पाई
202.22182 252.57198 265.8429 215.49272 145.33084 112.51199 132.87198 165.69083 गई
143.44034 215.2424 223.5151 151.71304 227.52953 181.18907 194.00719 240.34764 भारत
398.3954 419.22986 365.6349 344.8004 218.80292 242.01486 290.12045 266.9085 और
432.3065 441.32138 407.29428 398.2794 254.05124 264.35495 294.12582 283.8221 न
14.935133 54.164207 65.14986 25.920782 170.47458 143.78638 159.9342 186.6224 तरह
