68.07452 114.27601 116.120476 69.91898 83.07115 79.99425 107.68994 110.766846 पर
477.85083 563.08167 563.07764 477.84683 6.715191 6.7223053 54.48794 54.480827 आप
434.91592 461.814 464.0449 437.14682 103.65247 100.29432 118.16335 121.52151 नई
473.08084 505.90292 507.38998 474.5679 103.93294 99.837616 111.75546 115.850784 बात
318.84338 349.0832 347.96765 317.72784 90.72404 92.3415 113.197624 111.58016 भर
410.4338 471.75986 471.75827 410.43222 19.17025 19.173004 54.48385 54.481094 सब
285.20853 312.61862 315.39078 287.98068 198.41559 193.91464 210.79678 215.29773 एक
557.6225 596.46173 599.1812 560.342 93.99034 89.15715 111.01105 115.84424 मग्न
128.48079 189.04488 191.70949 131.1454 62.557842 58.524483 98.53555 102.56892 रखी
353.35074 403.23727 403.23587 353.34933 18.127579 18.130188 45.13292 45.13031 तय
