548.1647 587.99646 590.72656 550.8948 91.1302 86.158264 108.03015 113.00209 रहती
418.20734 474.33228 474.3307 418.20575 15.432529 15.435406 46.590645 46.58777 पर
512.947 577.4164 577.41455 512.9452 15.439774 15.442375 60.09677 60.09417 धूल
546.02185 598.4553 599.5845 547.151 171.72308 169.4114 195.02206 197.33374 पर
39.10828 109.956345 112.5524 41.704334 66.44729 61.729683 100.71665 105.43426 बच
417.57828 456.41708 459.14865 420.30984 96.3323 91.478004 113.33323 118.18752 पर
286.9007 376.24982 376.24786 286.89874 7.7376823 7.7424545 44.09288 44.088108 मगर
283.13882 320.71323 319.6512 282.0768 92.99174 95.00533 114.82261 112.80901 मन
460.9112 484.79608 486.0376 462.1527 95.965775 92.98227 102.921616 105.90512 तक
55.40068 136.45364 136.45177 55.39881 11.873207 11.877129 50.313225 50.309303 नजर
113.79035 149.71985 151.01816 115.08866 61.680573 59.287964 78.784454 81.17706 उम्र
116.26582 165.5084 166.66951 117.426926 97.79079 94.51129 111.94551 115.225006 साठ
