366.90317 429.51517 429.53317 366.92117 533.466 533.43097 565.67377 565.7088 लोग
7.193283 97.84384 89.65463 -0.99592686 532.60846 561.74554 587.2236 558.0865 आप
338.75064 387.217 375.23776 326.7714 447.41025 465.0375 497.97464 480.34738 और
290.59424 314.02386 314.03076 290.60114 5.9881454 5.979185 24.014399 24.02336 पर
431.24878 518.1007 518.0377 431.1858 11.2299385 11.362614 52.630306 52.49763 तक
250.129 345.73856 345.804 250.19443 512.16846 512.0939 595.9115 595.9861 भरे
121.784805 206.56255 225.47032 140.69258 62.119164 13.13253 45.854904 94.84154 मिलकर
522.2999 589.08826 589.0587 522.2704 39.6605 39.740448 64.410866 64.33092 गया
480.6469 592.40924 592.44904 480.6867 525.8992 525.8281 588.3451 588.41614 गए
7.8965206 50.300858 67.87928 25.474943 56.88183 32.671135 63.459236 87.66993 उसी
63.53222 109.46171 121.40278 75.47329 38.20902 11.985645 32.900097 59.12347 समय
12.009899 45.32125 42.157726 8.846375 570.3665 580.5462 590.89825 580.71857 बीस
