426.44525 486.7798 493.8648 433.53027 53.79052 42.694252 81.21827 92.31454 वह
6.9842663 47.92286 47.97361 7.035021 146.93466 146.82657 166.04974 166.15784 गया
399.84723 467.06378 467.472 400.25543 122.31795 120.8289 139.25533 140.74437 सफल
381.62347 448.3388 451.12598 384.41064 22.0497 13.689041 35.92977 44.29043 सहसा
465.15363 507.66907 510.203 467.68756 11.58166 6.253645 26.473602 31.801619 एक
234.29318 313.33524 313.3361 234.29404 12.156572 12.153255 33.04042 33.043736 द्रव
490.61658 569.81006 575.26355 496.07007 47.079784 32.5131 62.161884 76.72857 जरूर
144.2561 245.11084 245.12741 144.27267 4.915238 4.834923 25.630112 25.710426 शायर
4.4544067 84.17817 87.45251 7.7287445 43.63619 23.863636 37.0659 56.83845 अलग
525.0195 592.36725 593.25714 525.90936 92.40402 90.910645 131.0437 132.53708 यह
295.36078 344.85223 347.7647 298.27325 40.462135 34.26014 57.501595 63.70359 जब
