96.86686 150.81363 162.0415 108.094734 381.2916 336.5897 350.13962 394.84152 वह
127.3176 191.50217 203.89194 139.70737 403.88385 353.09253 368.7494 419.5407 एक
281.0233 378.10202 377.61868 280.53995 394.82025 395.84406 441.67273 440.64893 उस
1.5344505 62.365925 62.218777 1.3873029 404.22998 404.45355 444.4887 444.26514 राहत
289.09778 342.43597 341.7602 288.422 316.80685 318.1832 344.37167 342.99533 लोग
285.77982 325.44534 325.07834 285.4128 361.01752 361.69806 383.08972 382.40918 इस
61.315437 130.82184 148.89624 79.38984 375.09406 314.33704 335.01428 395.7713 दिन
65.01698 103.005905 102.9258 64.936874 422.7036 422.84326 444.6383 444.49866 हवा
532.03076 584.7263 585.84045 533.1449 23.978361 21.610622 46.40545 48.77319 दवा
296.16016 355.909 359.75604 300.0072 27.963064 18.108376 41.43313 51.28782 गई
