535.91113 593.353 593.5603 536.1184 299.01547 298.66745 332.87277 333.2208 निकल
525.962 561.4434 561.5191 526.03766 358.09918 357.99127 382.87323 382.98114 गया
515.1337 577.3898 561.8389 499.58286 8.89386 20.301483 105.16922 93.7616 दिन
70.184204 121.15123 106.47644 55.509415 15.578766 31.554321 78.371506 62.39595 तुम
527.1854 551.7827 551.8157 527.2184 385.31052 385.26688 403.8406 403.88425 जब
566.224 588.7461 581.7295 559.2074 380.26404 385.1598 417.43866 412.5429 कुछ
520.2711 542.78235 542.77075 520.2595 425.60144 425.6159 443.64423 443.62976 धन
552.0284 580.78925 580.77765 552.0168 425.58023 425.59866 443.6685 443.65005 जमा
459.5832 498.30878 488.93286 450.20728 64.73145 71.63227 124.24758 117.34676 वह
119.82547 173.05865 158.55133 105.318146 69.3624 86.04412 132.3386 115.65687 आगे
438.22736 500.7563 500.7564 438.22748 384.82608 384.82596 433.046 433.0461 समझने
5.0107822 38.901703 40.058907 6.167982 126.38084 124.2796 142.94421 145.04544 बात
197.49048 251.8602 240.62747 186.25775 98.66121 115.69983 151.54315 134.50453 एक
