106.5695 145.82779 145.86009 106.60181 324.80176 324.78394 396.00146 396.0193 वह
217.35025 246.00537 246.15594 217.50082 329.91592 329.85715 403.24612 403.3049 यह
106.052475 155.46498 164.29643 114.88393 270.13885 257.73798 292.92767 305.32855 और
276.23196 304.5341 300.15012 271.848 79.9143 87.643364 103.6966 95.96754 पर
276.23016 314.00232 308.0385 270.26636 107.28189 117.51434 139.52927 129.29681 दिन
276.22803 315.58826 309.95496 270.59473 139.91629 150.4985 171.4515 160.8693 फिर
118.32006 142.93149 142.95132 118.3399 390.4804 390.46814 430.29663 430.3089 पर
211.2338 237.15247 229.27893 203.36026 380.5533 403.7167 412.52676 389.36337 पान
211.30121 237.71515 229.85693 203.443 410.15994 433.79416 442.57663 418.9424 छात
376.87585 440.8299 440.823 376.86896 494.91254 494.92328 535.8753 535.86456 मौत
376.86896 453.81915 453.81915 376.86896 543.6638 543.6638 584.61304 584.61304 किस
481.84283 564.7391 564.7391 481.84283 555.66205 555.66205 590.6086 590.6086 वजह
422.45807 474.82666 474.0672 421.6986 297.01984 298.79126 321.24402 319.4726 एक
232.32094 269.08118 254.636 217.87578 396.2018 429.0676 445.22446 412.35867 सब
