322.8268 374.70914 354.85837 302.97604 218.5549 265.58624 287.48447 240.45314 बीच
259.3861 367.3778 367.3778 259.3861 543.2471 543.2471 594.202 594.202 तक
402.76093 565.59283 565.59283 402.76093 524.29834 524.29834 594.2031 594.2031 अपनी
218.99391 244.97438 245.15547 219.175 356.5535 356.50168 447.24576 447.29758 गई
187.84142 237.3535 238.95815 189.44606 258.60004 256.58264 295.9651 297.98248 और
271.4513 301.1958 297.36835 267.62384 88.09861 96.207436 110.24728 102.13845 कर
271.457 300.67404 296.33804 267.121 113.08008 120.99373 137.00227 129.08862 यह
271.4612 303.6733 298.29245 266.08035 131.55147 140.22884 160.20369 151.52632 उसे
221.62727 236.47694 236.54762 221.69795 348.3079 348.27963 385.43967 385.46793 ओरे
185.59653 220.95688 221.87619 186.51584 220.31566 218.88734 241.6465 243.07481 जब
486.3332 597.19916 597.18304 486.31708 380.297 380.3546 411.31012 411.2525 उठकर
486.3332 550.26587 550.25507 486.32236 440.21317 440.23563 471.1935 471.17105 चल
229.55374 273.4862 258.30988 214.3774 320.8459 360.01068 377.0345 337.8697 साथ
