16.835577 62.38327 62.4252 16.877508 12.654914 12.579472 37.896156 37.9716 और
17.955093 63.466217 63.48793 17.976807 55.96005 55.91355 77.16484 77.21134 तरह
17.953117 52.323326 52.334267 17.964058 87.100716 87.0891 119.44575 119.45736 हुई
6.486946 49.521385 43.054306 0.01986599 277.8228 292.11652 311.5871 297.2934 सब
6.518013 50.28208 43.154427 -0.6096437 320.65228 335.0725 356.70435 342.28412 एक
347.8107 391.65732 391.5574 347.7108 417.82794 418.02747 439.97992 439.7804 बाद
15.034706 51.389954 51.385635 15.030388 127.12154 127.128006 151.38008 151.37361 गए
15.026321 78.65941 78.65103 15.017943 157.43144 157.44902 187.76003 187.74245 बिखर
353.01532 390.50696 390.4721 352.98047 442.92844 442.98825 464.8428 464.783 वह
18.958015 66.41694 66.39194 18.933016 201.84042 201.90231 221.0679 221.00601 मगर
28.044327 53.894302 50.145134 24.295156 255.97931 264.62317 275.83527 267.1914 वह
