11.591167 49.520435 49.33088 11.401611 248.22787 248.5198 273.14938 272.85745 वह
287.1134 336.08655 340.55603 291.5829 177.42189 166.45189 186.40495 197.37495 डर
4.6817417 56.67002 56.67211 4.683832 17.61505 17.611755 50.610367 50.613663 वह
79.96596 144.96042 144.96254 79.96808 5.610201 5.6068344 46.606606 46.609974 फिर
4.6843605 61.671337 61.67152 4.6845436 79.21174 79.211464 117.20678 117.207054 चुप
4.6852074 58.672062 58.67246 4.685604 140.80531 140.80455 168.80061 168.80138 मन
417.21216 590.2524 590.25433 417.2141 5.587212 5.577957 42.582775 42.59203 अचानक
416.10333 529.12854 529.12994 416.10474 56.193565 56.190453 108.194725 108.19784 उसने
291.5934 331.59518 333.36923 293.36746 219.52277 214.43027 228.36542 233.45792 पता
61.681217 188.66496 188.66513 61.681385 50.810795 50.810196 87.804504 87.8051 कमलिनी
61.681488 113.67204 113.67221 61.681656 108.60751 108.60727 144.60342 144.60367 सुन
