415.3673 498.37964 498.38147 415.36914 18.38787 18.38388 56.38964 56.39363 इधर
523.0263 592.04974 592.05133 523.0279 20.382679 20.379292 53.384624 53.388012 रात
413.1611 487.17044 487.17178 413.16245 60.79261 60.79075 113.79638 113.79824 दिन
272.56378 312.55176 316.64398 276.656 182.44984 173.49251 191.7613 200.71864 पड़
63.73571 126.72703 126.72721 63.735893 16.411312 16.41106 61.407406 61.407658 पुन
62.636124 199.61818 199.6184 62.636337 69.80998 69.80937 119.80342 119.80403 उपयोग
492.48706 541.496 541.4977 492.48877 56.58995 56.5876 92.59187 92.59422 और
492.47906 563.49115 563.4921 492.48004 103.19528 103.19318 137.19595 137.19806 उनकी
492.46436 560.4816 560.48206 492.46478 147.7987 147.79791 185.79956 185.80035 कमाई
216.32219 242.0598 252.407 226.66939 135.33098 121.30611 140.2947 154.31956 इन
4.9230614 50.668747 50.43622 4.6905336 229.18253 229.47928 265.32425 265.0275 कई
