395.4264 433.1198 427.54437 389.85095 297.3264 304.0953 335.1429 328.374 डूब
125.42561 175.52463 168.55455 118.45554 340.3549 357.5009 377.8668 360.7208 यह
358.6222 410.11902 410.09314 358.5963 7.280384 7.3195076 41.370293 41.33117 मैल
468.1351 491.56924 485.2831 461.84897 138.98582 152.69237 163.43977 149.73323 गया
525.3373 576.9094 576.8644 525.29224 56.76024 56.842575 85.04437 84.962036 कुछ
525.34503 569.84576 569.804 525.3033 90.56827 90.67079 108.809784 108.70726 कर
525.3508 586.0996 586.0222 525.27344 116.344376 116.517105 143.75374 143.58101 पहले
21.958473 64.877205 64.697975 21.779245 4.4613914 4.7126007 35.332867 35.081657 और
62.700287 126.56561 106.58194 42.716618 68.79602 100.560974 140.73935 108.974396 कर
33.330162 107.49758 80.85313 6.685706 127.94165 164.83972 218.39673 181.49866 टिक
435.7554 465.93607 465.91495 435.73428 47.382225 47.42456 62.492157 62.44982 गठरी
435.74054 461.9101 461.87952 435.70996 65.85419 65.90103 82.98386 82.93701 लिए
367.245 394.52838 390.58075 363.29736 293.1779 298.08585 320.03073 315.12277 रह
21.980515 96.138214 76.66208 2.5043793 239.47089 276.38464 315.5111 278.59735 इनके
430.17633 464.28766 464.27722 430.1659 8.46899 8.493132 23.219852 23.195711 कहा
