386.66922 466.63083 455.15494 375.19333 231.40933 257.38443 292.7117 266.7366 जरा
202.67737 329.10175 325.8714 199.447 323.45026 331.5735 381.84857 373.72534 करना
545.00964 591.5665 591.527 544.9701 74.3033 74.39467 94.55121 94.45984 जल
550.5854 587.0904 587.0168 550.5118 114.602295 114.70471 140.93175 140.82933 भुन
545.04645 583.5782 583.5046 544.97284 154.9075 155.0481 175.23846 175.09787 कर
6.265152 78.79341 78.60439 6.0761347 6.4217033 6.916313 34.633244 34.138634 कुन्दन
372.31326 421.36807 421.35367 372.29886 10.70192 10.731537 34.558517 34.5289 जब
85.37126 142.02206 130.23685 73.586044 60.025238 88.20273 111.89691 83.71942 पास
64.71084 121.360016 108.54923 51.90006 107.31755 135.49995 161.25078 133.06837 आए
444.0191 540.76 540.7215 443.98056 37.556984 37.672737 69.86636 69.75061 अनुसार
442.8884 504.36435 504.3024 442.82645 72.29486 72.41319 104.608 104.48967 जिस
316.52368 369.734 368.45593 315.2456 357.45648 360.873 380.77814 377.36163 रहस्य
120.078384 175.72665 167.26588 111.61761 333.65897 352.7042 377.42575 358.38052 सर
501.5257 545.1039 544.97797 501.39975 185.99455 186.18205 215.45842 215.27092 और
