390.75507 410.8468 425.93915 405.8474 181.30133 173.77768 214.08145 221.6051 पर्व
418.65195 457.4468 458.86075 420.0659 149.14772 145.98122 163.30437 166.47087 एक
287.55984 370.61343 370.60837 287.55478 38.703323 38.70958 105.7798 105.773544 की
410.36383 551.4334 551.42975 410.36017 56.73419 56.74446 106.79271 106.78244 तरफ
79.56029 169.59961 169.60692 79.567604 12.877403 12.858604 47.880615 47.899414 समझेगा
188.05365 225.07031 225.0683 188.05164 20.871643 20.87452 46.90909 46.90621 यह
79.56697 168.59593 168.59383 79.564865 44.895638 44.901894 74.93679 74.930534 सोचकर
187.04886 249.06985 249.06769 187.04669 45.904884 45.909508 74.9427 74.93808 विनय
79.57367 137.57945 137.58655 79.580765 76.94476 76.93266 110.95203 110.96413 पहले
236.6622 266.2182 265.09695 235.54097 275.56735 277.4211 295.29758 293.44382 पर
365.65814 385.76392 396.02368 375.9179 188.21559 180.64888 207.9105 215.47722 गए
373.495 399.92407 400.836 374.40692 160.0398 157.88403 169.06421 171.21997 बात
559.36676 586.5441 586.52094 559.34357 161.82397 161.85379 182.98544 182.95563 रह
559.39154 596.5527 596.5274 559.3663 188.9833 189.018 216.08746 216.05276 और
151.00378 260.0216 260.01953 151.00171 84.94885 84.9532 136.99152 136.98717 ऋण
