550.69385 587.7604 587.6643 550.5978 44.44536 44.593185 68.69742 68.54959 वह
550.6635 588.81134 588.6463 550.4985 78.8403 79.153625 99.24716 98.93384 मन
552.83154 597.2101 596.86804 552.4895 104.267426 104.77042 134.94666 134.44366 और
550.60266 590.95715 590.60535 550.25085 147.65834 148.33095 169.4417 168.76909 कर
93.8918 156.17291 156.16286 93.88175 41.906303 41.92083 84.96093 84.9464 तब
544.1483 588.0984 588.08435 544.1343 11.022652 11.054993 30.13322 30.10088 बदा
48.263504 84.431885 84.42822 48.25984 79.13017 79.13753 97.15439 97.14703 आप
48.28257 93.48782 93.48501 48.27975 108.35681 108.36212 132.38123 132.37592 अपने
284.7086 398.02786 398.0145 284.69522 52.97677 53.012062 96.02407 95.98878 बाहर
434.4234 470.51166 470.50336 434.4151 53.023407 53.031296 91.033676 91.02579 न
