332.05515 363.9728 365.0712 333.15353 23.01045 20.606094 35.18701 37.59137 वन
292.0861 435.39413 447.32016 304.01212 83.731964 61.03827 136.34958 159.04327 करते
544.79346 587.99426 585.48096 542.28015 374.2793 377.89288 407.93884 404.32526 चुप
312.96338 355.7964 346.40808 303.57507 170.73776 197.62558 212.58136 185.69354 कुछ
306.3488 340.14725 333.71762 299.91916 192.00253 213.25525 223.48041 202.22769 वह
18.922926 60.06096 60.062805 18.924772 17.57806 17.573307 33.58932 33.594074 समय
68.31862 90.39958 90.40143 68.320465 17.572355 17.569801 33.586037 33.588593 पर
18.948212 50.061897 50.064316 18.95063 37.197464 37.194046 59.213127 59.216545 कई
18.981236 51.09551 51.09776 18.983486 62.81939 62.81611 84.83187 84.83515 दफे
59.35185 84.43938 84.441086 59.353558 68.819916 68.8174 85.82944 85.831955 वह
19.021988 47.11611 47.1176 19.023476 94.441124 94.438515 110.44741 110.45002 इस
57.576885 91.68709 91.68866 57.578457 94.437546 94.43439 111.44385 111.44701 शहर
270.85788 316.44705 317.87772 272.28854 30.382092 26.965729 46.056637 49.473 जेल
406.9478 461.552 466.6067 412.0025 145.78914 137.1479 169.08849 177.72972 हुआ
416.23776 477.6675 481.28036 419.85062 188.29527 178.56914 201.3878 211.11394 आता
326.63104 357.22778 352.28815 321.6914 165.93575 185.1393 193.00957 173.80602 तरह
508.96185 597.2513 597.2579 508.96844 72.97848 72.96973 140.01456 140.02332 हुए
