19.617607 153.82874 156.60327 22.392159 101.340096 93.157455 138.66528 146.84792 तुम
32.595222 142.85934 145.46136 35.197243 149.40125 142.48895 183.99612 190.90842 रहे
22.230293 94.392914 94.41405 22.251427 10.374107 10.345192 63.091805 63.12072 रहा
121.73662 216.4217 216.42451 121.739426 9.011159 9.005253 54.111374 54.11728 आस
239.38792 275.74792 275.76343 239.40343 318.78717 318.75787 337.9892 338.0185 पर
39.01931 83.383896 83.33424 38.96966 274.31805 274.38922 305.34747 305.2763 पर
3.4358406 51.843918 50.176804 1.7687266 362.07025 365.35223 389.94153 386.65955 चल
100.405396 158.97443 149.2841 90.715065 221.28204 264.74634 277.80423 234.33995 इस
509.52618 586.9253 586.91486 509.51578 58.452896 58.473694 97.10109 97.08029 साथ
27.894371 74.84804 72.89068 25.937016 326.76443 329.8575 359.57047 356.4774 चोट
144.93404 208.10439 209.76445 146.5941 152.02315 148.0761 174.64458 178.59163 तरह
448.20905 485.91345 485.89368 448.18927 125.27527 125.30179 153.46481 153.4383 भर
444.33234 485.19897 485.1643 444.29767 171.30806 171.35246 203.23076 203.18636 वह
345.81863 391.57956 393.84128 348.08035 269.1981 263.3466 281.03427 286.88577 झूठ
344.855 394.37717 395.70334 346.18118 289.60876 283.29163 293.68805 300.0052 चल
