363.56628 443.87164 457.227 376.92163 209.64597 182.90121 223.00278 249.74753 मर
555.464 596.26917 596.29614 555.49097 17.447027 17.388596 36.23793 36.29636 रखिए
555.45575 582.7259 582.7493 555.4792 39.86605 39.830322 57.723732 57.75946 तेज
546.91833 598.8417 589.11414 537.1908 67.09502 79.19116 120.94685 108.85071 कई
270.21548 344.37766 347.34402 273.18185 157.35663 141.01303 154.47363 170.81723 रूम
265.9099 340.73083 345.51263 270.6917 175.10136 158.37022 179.7541 196.48524 दिए
264.85266 327.8167 331.40802 268.44397 203.80167 189.5379 205.39084 219.6546 हम
502.95813 542.75977 542.7964 502.99475 6.674484 6.616459 31.699753 31.757778 अंग
245.46855 351.0827 357.12006 251.5059 226.89824 202.57024 228.77989 253.1079 यह
427.3509 473.12567 467.43542 421.66064 32.805313 43.46961 67.89418 57.229885 रूप
