211.66998 266.04092 262.77573 208.40479 358.74863 370.5815 385.58463 373.75174 पर
213.93106 280.93576 277.829 210.82431 391.18246 405.47897 420.0397 405.7432 धन
164.47702 225.75812 230.7721 169.491 320.24194 309.26007 337.23895 348.22083 वह
257.9154 301.09454 287.43402 244.25488 122.21788 147.84657 170.86177 145.23308 और
257.05988 299.23712 285.63226 243.45502 161.95375 187.05388 209.91493 184.8148 फिर
301.10242 335.46057 336.0251 301.66693 351.4356 350.47528 370.6723 371.63263 कर
298.73413 336.01953 336.7 299.4146 403.15195 402.11276 426.5275 427.56668 वह
431.79077 474.1156 479.96655 437.64172 270.7342 261.9052 289.95367 298.78265 वह
437.78256 473.50497 474.59415 438.87173 305.00717 304.19913 352.35165 353.1597 गई
236.65628 288.1319 285.62003 234.1444 252.82996 264.9229 275.6153 263.52234 एक
239.98203 294.03152 291.8447 237.7952 270.92938 283.4995 292.90253 280.3324 आप
236.6713 294.07135 291.5128 234.11275 287.46265 300.67682 311.7907 298.57654 कहा
