91.29961 144.66457 135.35023 81.985275 189.55716 226.19617 239.76254 203.12354 मन
89.93483 150.26608 137.1122 76.780945 221.65152 262.72122 282.04422 240.97452 चुप
268.09808 334.47772 324.9781 258.59845 181.97731 224.09029 239.06389 196.95091 पर
268.324 365.84332 350.02457 252.50523 209.29184 270.6264 295.7776 234.44302 कोई
268.71207 355.80118 346.55246 259.46335 256.2025 310.15753 325.08594 271.13092 बाप
266.91263 345.57773 332.09164 253.42654 281.82733 330.13934 352.09833 303.78632 उसे
487.01147 594.0951 594.1029 487.0193 35.94872 35.936325 103.961105 103.973495 बात
295.0073 375.8312 358.61765 277.79373 142.94838 195.14427 221.79897 169.60307 रहे
25.031322 56.020863 56.020878 25.031338 28.028566 28.028542 47.02385 47.023872 पर
52.017265 99.005516 99.00854 52.020287 97.0242 97.01976 129.01773 129.02217 दिन
