469.8563 532.8955 532.8994 469.86014 11.541577 11.530525 33.539684 33.550735 गया
470.94556 536.98456 536.98785 470.94885 48.156265 48.14679 71.1552 71.16467 आज
470.9339 586.9959 586.9986 470.93658 86.76995 86.75718 110.76464 110.77741 इजलास
256.9563 349.19153 338.88696 246.65175 232.72284 290.1666 306.71222 249.26846 बार
74.84953 150.60852 141.33138 65.572395 199.42044 251.15207 264.73807 213.00644 ऊपर
18.034126 151.99542 151.99582 18.034508 66.01079 66.010025 132.0127 132.01346 महल
217.95895 252.20343 238.82047 204.57599 199.25574 235.9834 248.46155 211.73389 भर
262.36688 370.43875 354.07874 246.00687 113.326706 183.30516 208.57088 138.59242 ऐसा
258.71164 346.5626 333.9857 246.13474 161.79237 217.77882 237.51384 181.52739 यह
259.10953 357.4835 346.57883 248.20486 204.59958 266.44983 283.79388 221.94363 तक
82.03461 157.85379 144.4688 68.64962 167.13574 219.4061 238.82126 186.5509 पर
259.12903 350.15533 337.08502 246.0587 267.91995 323.9908 345.20938 289.13852 खुद
