439.037 537.2616 537.1786 438.95398 19.049538 19.166039 89.15144 89.03494 गए
171.19458 293.61932 293.57428 171.14954 45.852478 45.919647 128.02628 127.95911 अर्थ
541.2716 589.08167 589.0502 541.2401 24.32399 24.377274 52.586716 52.533432 और
539.81714 597.3955 597.3865 539.8081 71.165825 71.19245 90.798225 90.7716 साथ
53.959435 121.36586 121.32581 53.919388 18.894348 18.945175 72.05496 72.004135 हठी
54.361893 127.73753 127.71025 54.334606 84.22647 84.26419 137.34549 137.30777 और
326.1221 367.9767 368.01846 326.16385 43.79706 43.706726 63.042297 63.13263 एक
326.06836 359.88745 359.9195 326.1004 77.198006 77.15205 100.73458 100.78054 पड़
203.98782 253.14691 253.1229 203.9638 8.818626 8.862255 35.9084 35.864773 मेज
328.97775 368.40762 368.0604 328.63052 165.93166 166.51411 190.02092 189.43846 और
329.17996 362.20633 361.89822 328.87186 201.45853 202.02582 219.96411 219.39682 इस
