541.6666 577.19995 589.60547 554.07214 268.45563 258.7531 304.1855 313.888 इस
511.4133 595.438 595.661 511.63632 65.11187 64.75004 116.55027 116.9121 करा
70.57018 104.06281 104.12141 70.62878 412.19788 412.11902 436.99683 437.07568 वह
90.447784 109.85649 114.08444 94.675735 138.7425 135.45917 160.4519 163.73523 पर
4.945118 88.32356 92.49275 9.114307 130.21033 120.61807 156.85776 166.45001 आप
5.803692 71.52255 75.98068 10.261814 202.70952 194.76213 231.6274 239.57478 कर
3.586052 138.03952 144.77594 10.322472 260.57608 243.68893 297.32346 314.2106 पेशकार
4.7825775 145.06866 154.7705 14.4844055 32.847134 17.815315 108.358734 123.39056 और
387.5416 439.47824 439.72604 387.7894 107.93587 107.63783 150.81563 151.11366 उसी
392.49173 425.48367 425.70908 392.71713 169.73636 169.48013 198.49866 198.75488 पर
108.80539 146.66483 146.71681 108.857376 410.12128 410.02728 430.9685 431.0625 तय
