88.528725 114.67742 114.72527 88.57658 138.73746 138.68 160.45053 160.508 और
462.18506 507.97675 507.56494 461.77325 326.19147 327.51215 341.79108 340.4704 बाद
459.76395 517.5664 517.6494 459.84695 20.921246 20.806492 62.618473 62.733227 कर
535.42303 581.4698 581.55255 535.5058 20.906029 20.814621 62.49163 62.58304 आ
464.30493 560.692 560.876 464.4889 91.84627 91.37906 129.32007 129.78728 धमका
41.128117 159.68143 168.36865 49.815342 47.25036 34.37088 114.33524 127.21472 घर
556.7381 587.3344 598.42474 567.8284 269.17078 260.91974 302.04456 310.2956 हर
358.81555 409.58063 409.81848 359.0534 170.22212 169.82448 200.1939 200.59154 हरम
421.07013 455.8847 458.48553 423.67096 159.18938 156.86891 195.88933 198.2098 की
11.7408905 119.928925 126.98323 18.795197 270.38712 256.70383 312.47916 326.16245 तीन
304.9469 370.65558 370.88733 305.17865 104.15652 103.79442 145.85095 146.21304 सब
386.4104 464.5116 464.73285 386.63165 103.85282 103.426895 143.99738 144.42331 काम
70.65892 108.55246 108.60719 70.71365 413.18875 413.10196 436.99338 437.08017 पर
