28.811012 58.271828 72.205315 42.7445 25.105743 16.356506 63.273956 72.02319 कर
70.55931 115.85547 132.04236 86.7462 25.008532 12.692207 72.22325 84.53957 सड़क
128.76749 153.00082 164.30533 140.07199 24.873 18.652603 62.69261 68.91301 पर
165.63257 188.54453 198.98315 176.0712 24.787155 19.253418 62.47371 68.00745 आ
4.651123 65.46962 44.514603 -16.30389 171.05078 218.89798 245.53384 197.68665 वह
44.389206 136.07442 136.75343 45.068222 83.13371 81.890854 131.98225 133.22511 कार्यक्रम
68.77709 100.22727 113.28599 81.83581 161.3419 152.02565 196.10985 205.4261 एक
62.754913 106.93051 129.37732 85.20172 205.53851 192.34555 267.50696 280.69992 वह
96.94276 165.44928 167.35184 98.845314 312.02423 309.4497 360.07605 362.65057 कम
373.45047 400.62216 388.02536 360.85367 86.44673 129.5234 137.46915 94.39247 अब
7.224354 39.461586 29.753681 -2.483552 151.05849 176.65672 188.8824 163.28416 एक
