487.52505 590.6301 590.6544 487.54935 79.44556 79.4097 149.33209 149.36795 और
389.5619 427.32385 424.6872 386.92523 241.85294 246.93484 266.52725 261.44534 तब
126.40134 160.43202 160.40207 126.37138 41.86283 41.919304 59.96656 59.910088 हुआ
460.9126 555.7431 555.7721 460.9416 4.4598823 4.4201508 73.58678 73.62651 एक
477.86053 512.5679 512.4419 477.73453 362.82617 363.02484 385.0398 384.84113 यह
159.3226 208.28473 208.23804 159.27591 39.912422 39.99697 67.03128 66.94673 कुछ
485.5301 542.86224 542.8702 485.53802 157.02232 157.00414 181.9557 181.97389 पास
485.54022 568.5959 568.5986 485.5429 202.92598 202.91722 228.66856 228.67732 जाकर
31.012413 93.18423 93.18587 31.014053 81.4924 81.487976 104.50226 104.50668 समझ
110.130554 140.19104 140.17331 110.112816 72.51362 72.53266 100.52183 100.502785 लो
