310.08337 388.2907 396.61072 318.40338 209.69962 177.422 197.581 229.85861 तुम
7.0196686 73.10208 61.102646 -4.9797673 316.17117 333.1111 379.92075 362.9808 और
127.54511 148.27475 157.50317 136.77353 304.45685 298.36365 329.7597 335.8529 यह
157.98401 183.50613 195.11234 169.59021 292.05112 285.0325 327.2366 334.25522 फैन
393.99008 433.76602 449.69095 409.915 271.96106 230.27573 245.47119 287.15652 इस
308.34286 368.60922 376.97073 316.70438 156.87518 130.77344 150.07938 176.18112 कई
318.04123 381.56906 387.87064 324.3428 185.01178 158.13956 173.03699 199.90921 एक
37.39653 69.15163 86.534775 54.77968 49.54771 40.16942 99.02908 108.40738 चले
16.713055 55.97402 49.321003 10.060039 286.37888 296.65762 322.0696 311.79086 लिए
374.79388 402.73706 389.39124 361.44806 92.08327 136.34938 144.774 100.50789 उस
120.15561 151.86478 166.72195 135.01279 54.820004 46.566536 103.646545 111.90002 और
170.96051 221.88235 222.27106 171.34921 66.99425 66.45349 103.056656 103.59741 उत्तम
