207.9671 273.80817 275.4732 209.63214 87.109856 81.38497 100.534294 106.25918 तरफ
331.8413 360.6596 368.1452 339.3269 233.30222 208.49683 217.19342 241.99881 वजह
290.36472 313.18582 313.89328 291.07217 203.91864 203.31516 230.06726 230.67075 इस
8.3638115 92.36032 92.36478 8.368267 6.8650236 6.8585663 64.82918 64.83563 और
124.37677 221.371 221.3753 124.38107 8.851823 8.84436 64.81925 64.82671 चीज
296.73392 343.00235 344.37393 298.1055 92.98698 88.97326 104.784035 108.79775 तक
429.55933 475.56146 475.56433 429.5622 49.60707 49.603195 83.59532 83.5992 और
495.46356 543.4688 543.47076 495.4655 60.599022 60.595947 91.59045 91.59352 खुद
426.26105 534.2725 534.2739 426.26245 89.19838 89.19374 121.18919 121.19383 घसीटकर
429.56305 495.5719 495.57288 429.56403 126.79314 126.79106 158.78938 158.79146 अपनी
515.4767 588.4979 588.4989 515.47766 135.78874 135.7856 158.7856 158.78874 कछार
313.99118 423.9874 423.98972 313.9935 4.034179 4.029701 61.00875 61.01323 विनय
