438.0408 489.9631 489.96805 438.04575 21.641739 21.634132 55.570206 55.577812 जल
20.178055 49.74067 28.921135 -0.6414814 292.58057 323.78284 343.50836 312.3061 ईश्वर
547.15204 582.2415 609.2786 574.18915 242.94554 186.24057 202.97136 259.67633 गया
325.0572 371.02985 371.30334 325.3307 193.7196 193.14679 215.09503 215.66785 पल
68.211235 117.000725 116.996376 68.20689 11.603355 11.611046 39.195168 39.187477 करते
128.94331 162.88924 162.88512 128.9392 11.6129265 11.618004 39.202026 39.19695 और
68.25856 130.80913 130.80629 68.25572 50.432602 50.44139 70.5952 70.58641 सम्मान
68.29683 105.410965 105.408325 68.29419 81.82911 81.83398 101.98412 101.979256 भाव
226.73227 266.06946 265.8958 226.55861 166.7075 166.94121 196.17155 195.93785 उसे
55.028976 84.37039 69.94937 40.607952 315.60202 346.6633 360.2858 329.22452 करने
98.69577 153.1278 156.25073 101.8187 176.6547 168.28882 188.60797 196.97385 कर
292.8727 427.4476 427.4598 292.88492 40.706543 40.682663 109.61954 109.64342 अगर
14.134659 51.39068 38.99778 1.7417607 257.03986 296.56464 308.24615 268.72137 अदब
