246.397 281.75217 281.79922 246.44406 365.33234 365.2613 388.68365 388.7547 पर
323.06006 373.0183 373.2898 323.33154 193.74448 193.12637 215.07043 215.68854 कण्ठ
29.016304 66.27518 66.20837 28.949497 366.80475 366.9248 387.65668 387.53662 कर
71.456924 196.57114 196.56285 71.44863 52.97895 52.994728 118.750084 118.73431 कहिए
224.97232 333.0812 333.07492 224.96603 68.91141 68.92503 118.76729 118.75366 अगर
33.960747 78.79834 59.50016 14.662569 283.52872 330.99454 349.22415 301.75833 कारण
219.57275 262.95532 262.80768 219.42511 176.0507 176.32991 199.27293 198.99373 कर
159.4902 214.87112 215.08282 159.7019 322.78284 322.45416 358.12958 358.45825 जिस
558.7379 588.901 608.09753 577.93445 217.05942 168.28928 180.1619 228.93204 आराम
344.80585 468.7729 468.7763 344.80927 62.98887 62.981743 122.36657 122.373695 बात
306.6452 359.64624 359.6416 306.64056 34.343834 34.351334 67.23343 67.22593 कई
18.749144 37.007324 25.687136 7.428956 258.7013 278.08295 288.74695 269.3653 पर
