485.0451 589.4626 589.46796 485.05048 15.883164 15.873779 74.9928 75.00218 कुछ
381.83307 442.99677 443.03314 381.86945 78.06196 78.00306 115.81356 115.87246 एक
137.14604 161.20137 161.21107 137.15575 132.17708 132.1591 145.1584 145.17638 कह
136.93541 159.00807 159.00111 136.92845 155.36037 155.37215 168.40526 168.39348 रहा
21.674469 47.671112 47.671898 21.675257 90.4388 90.43765 108.42476 108.4259 वह
55.86376 86.84916 86.84995 55.864555 90.437294 90.435936 108.42501 108.42637 सब
21.77029 56.752773 56.7513 21.768818 124.80556 124.80763 149.76534 149.76326 कुछ
443.00555 495.18658 495.21417 443.03314 87.14921 87.09896 115.76916 115.819405 रखिए
189.78906 251.86142 271.54175 209.46939 83.08386 36.5188 62.753174 109.31824 दिवस
11.008461 160.97485 160.98157 11.015175 7.997801 7.9713173 46.01213 46.038612 मारकर
