166.57724 194.12256 195.97855 168.43323 100.51841 97.5489 114.765144 117.73466 यह
29.183708 58.593315 58.479485 29.069876 15.429115 15.57476 38.56064 38.414993 तुम
73.37595 97.59344 97.51591 73.29842 15.676626 15.802019 30.777086 30.651693 पर
29.381561 101.75842 101.66641 29.289549 37.417686 37.735344 58.700348 58.38269 कमलिनी
29.633049 55.991554 55.904617 29.546112 65.36772 65.45967 90.38051 90.28856 गई
71.86743 95.09981 95.024506 71.79213 65.54475 65.62841 86.539055 86.45539 थी
109.94882 146.99847 146.94476 109.8951 71.674736 71.80816 86.72602 86.5926 मगर
121.11757 170.41171 170.23128 120.93714 10.956429 11.185253 50.05448 49.825657 एवं
164.67421 198.0938 189.3556 155.93602 178.54147 196.97229 212.81677 194.38596 पर
11.389816 55.78833 54.859062 10.460549 240.41248 242.74203 260.4526 258.12305 कर
9.626968 87.0279 86.95392 9.552986 94.20581 94.40408 123.28386 123.08559 धड़कने
