161.61003 216.70741 216.69377 161.59639 32.385914 32.41847 55.500652 55.468098 भला
157.24786 202.30008 202.29495 157.24274 78.13006 78.14005 101.18838 101.17838 उस
226.4544 279.43225 279.42166 226.4438 78.15828 78.179886 104.214966 104.19336 तरह
303.57455 331.54214 331.4962 303.5286 68.1499 68.18877 101.249695 101.21083 के
439.1795 469.5027 469.7256 439.4024 222.73079 222.36 240.58989 240.96068 घर
543.70123 594.34686 601.7746 551.12897 200.78749 179.87843 197.8697 218.77876 लग
5.48394 93.953224 93.939384 5.4700985 37.692337 37.711395 101.96611 101.94705 और
102.11832 149.38702 147.4286 100.159904 292.45087 296.52655 319.23956 315.16388 कब
436.63626 460.6085 460.89395 436.92172 243.15889 242.6753 256.8252 257.3088 एक
531.498 573.4122 573.3946 531.4804 30.070686 30.104134 52.119102 52.085655 जब
