376.09747 412.12628 416.97662 380.9478 48.60685 45.06405 94.39008 97.932884 और
461.5088 523.38574 523.3645 461.48758 28.011555 28.061932 54.094357 54.04398 बस
461.30408 558.0305 558.01074 461.2843 66.051346 66.10034 105.09181 105.042816 इतनी
3.998726 33.957775 31.532307 1.5732558 201.37932 204.66737 226.76692 223.47887 यह
543.5916 592.2326 600.81793 552.17694 200.78862 180.7512 201.59215 221.62956 खुल
180.99124 317.09494 316.9785 180.87479 18.746246 18.867004 150.13956 150.0188 हर
322.37842 351.36792 350.76166 321.77216 246.93298 248.10092 263.14902 261.98108 और
11.0265045 106.48061 106.458954 11.004842 18.193249 18.250408 54.43189 54.37473 तंगदिल
11.207199 134.58806 134.58144 11.200578 71.04405 71.075424 97.16548 97.13411 वक़्तपरस्त
13.546417 62.75647 62.759865 13.549812 109.770065 109.76485 141.8311 141.83632 और
