532.8864 585.6036 585.81 533.09283 8.690593 8.299938 36.153244 36.5439 एक
434.1516 458.17346 452.66602 428.64417 128.26785 139.55551 151.27615 139.9885 कर
548.8783 589.1188 591.3479 551.1074 125.27961 122.416534 153.74734 156.61041 उठे
177.43211 234.91612 242.58308 185.09908 360.66736 346.31494 377.0224 391.37482 और
119.00915 212.19592 212.53247 119.345695 41.884724 41.020195 77.29767 78.1622 आप
191.50891 306.90054 307.21313 191.8215 26.696514 26.013443 78.82056 79.503624 इतने
207.74449 258.0561 258.7658 208.45418 114.63614 109.28171 115.95004 121.304474 और
233.14493 277.96127 278.618 233.80167 120.457405 115.53277 121.50927 126.43391 अंत
126.57109 188.16048 194.01588 132.4265 384.9618 369.50433 392.83496 408.29242 व्यय
296.19763 356.7763 357.45917 296.8805 117.21565 110.46599 116.59491 123.344574 रूप
550.3443 587.5788 587.68085 550.44635 38.369537 38.20195 60.863342 61.03093 लगे
222.065 266.6594 272.2382 227.6438 354.66074 343.58426 366.04477 377.12125 घर
