559.99243 596.4198 596.44653 560.01917 108.12227 108.10304 158.74559 158.76482 यह
81.708855 115.494026 115.481636 81.696465 6.246258 6.2652054 28.364964 28.346016 पर
81.76487 118.73095 118.7212 81.75512 42.452805 42.46649 68.79544 68.78175 यह
518.31 550.30426 550.304 518.30975 37.80553 37.805897 59.80422 59.803852 और
517.2091 544.2041 544.20435 517.20935 69.60282 69.60241 87.6 87.60041 इस
201.06102 263.28748 263.79205 201.5656 124.6265 123.353485 148.01825 149.29126 एक
273.84314 336.98987 338.53552 275.3888 57.956905 53.67466 76.46727 80.74952 दरबार
21.53836 65.88701 65.87871 21.530062 42.633667 42.651146 63.719284 63.701805 रख
430.01205 499.00644 499.0081 430.0137 21.008446 21.004166 48.00032 48.0046 बाहर
338.29572 374.5586 375.8933 339.63043 58.791557 56.3323 76.01339 78.47265 पर
558.0393 584.03406 584.03357 558.0388 6.207754 6.2087364 20.208193 20.20721 भरा
558.03735 590.0304 590.03 558.037 29.406647 29.407234 48.405533 48.404945 हुआ
559.1355 594.12695 594.12695 559.1355 52.60447 52.60444 66.602325 66.602356 थाल
