404.40796 496.05536 491.22437 399.57697 54.564102 65.11139 107.08855 96.54126 चाय
109.43391 181.52652 181.54764 109.455025 5.1132536 5.079151 49.708923 49.743027 बहुत
134.00159 197.44376 191.7716 128.32944 71.43633 83.35969 113.540306 101.61695 वह
490.81055 538.167 537.4828 490.12634 178.6222 180.8511 195.38742 193.15851 पर
560.0073 590.3301 589.67456 559.3518 181.87903 183.30621 197.23282 195.80563 न
446.53702 513.1218 513.16003 446.57523 5.7120595 5.611883 30.995106 31.095282 जरा
241.00589 317.45392 311.62625 235.17822 80.748375 95.01043 126.24816 111.98611 करते
291.34003 336.2024 336.18475 291.3224 204.78006 204.81561 227.03568 227.00012 घर
347.7071 407.7649 404.73468 344.67688 52.95414 59.85772 86.21923 79.31565 कहा
251.24823 328.68256 328.69476 251.26044 7.359123 7.333233 43.932144 43.958035 अपनी
200.5194 247.67851 244.32213 197.16301 86.8637 95.68284 113.630714 104.81158 कम
