419.8441 467.9703 467.9678 419.84158 16.327408 16.332382 40.339794 40.33482 सब
419.98688 469.22235 469.21753 419.98206 62.59825 62.606934 89.89311 89.88443 एक
486.59882 545.6743 545.67084 486.59534 60.42433 60.43219 86.6315 86.62364 साथ
420.096 483.56128 483.5547 420.08942 97.9617 97.97366 132.90607 132.8941 उठते
365.8667 445.5429 447.3634 367.6872 193.44952 189.5539 226.78802 230.68365 अपना
361.5843 421.53033 428.66003 368.714 459.26724 447.01297 481.89023 494.1445 वह
255.85721 312.70288 312.70108 255.8554 10.425285 10.42865 40.976486 40.97312 सांस
337.02936 412.43738 412.43488 337.02686 16.976414 16.984287 40.988827 40.980953 भरकर
255.98413 311.7331 311.72876 255.9798 56.24743 56.25666 82.44436 82.43513 कहा
332.41803 389.31726 389.3128 332.41357 45.345154 45.351456 85.73151 85.725204 ईश्वर
427.6479 534.4301 536.4907 429.7085 202.51254 197.5419 241.8085 246.77914 सरगोधा
188.59978 253.10728 253.10365 188.59615 27.874657 27.880142 70.43168 70.42619 और
339.6032 381.46216 317.26068 275.40173 153.82169 177.95367 289.31638 265.1844 वह
