562.0875 596.85315 596.9042 562.13855 6.8943954 6.8123627 28.433146 28.515179 पद
562.2055 596.04816 596.10944 562.2668 40.749344 40.639313 59.48073 59.59076 पर
36.005733 133.0061 133.00676 36.00639 43.017864 43.016922 110.986496 110.98744 वर्ष
148.07846 182.12085 182.0823 148.03992 211.97545 212.04091 232.08446 232.019 हम
505.6559 556.5692 556.6658 505.75247 39.95968 39.79174 69.05155 69.21949 आँख
165.98067 248.97572 248.98723 165.99217 6.041832 6.0256424 65.00025 65.01644 और
91.848236 128.0932 128.06941 91.824455 341.7973 341.85406 357.04883 356.99207 इस
293.22177 320.26596 321.11038 294.0662 210.66489 209.30313 226.0729 227.43466 पर
263.78238 361.79337 361.7983 263.78732 6.2302475 6.2224655 68.19948 68.20726 ओर
395.79385 483.8165 483.81723 395.7946 26.218025 26.216454 68.206 68.20757 जब
