214.48376 284.48254 284.48706 214.4883 30.828484 30.81884 63.804 63.813644 कर
315.18704 406.2004 406.2015 315.18814 17.82138 17.819382 68.805176 68.807175 गर्दन
505.6546 567.8521 567.94696 505.74945 39.959698 39.744026 67.11435 67.330025 एक
193.51093 249.64142 257.2244 201.0939 117.43482 103.1151 132.83884 147.15855 अपने
202.63644 254.35196 261.93134 210.21582 158.25323 145.05957 174.76865 187.96231 लिए
88.313446 144.89508 144.87012 88.288475 339.09918 339.16504 360.62347 360.55762 साथ
64.05284 101.6967 104.66824 67.02438 159.48534 154.13383 175.03639 180.3879 पर
71.16838 133.17145 133.17235 71.16928 23.824692 23.82351 70.8051 70.80628 और
152.21251 208.20708 208.2151 152.22054 35.83033 35.818497 73.798836 73.81067 इस
156.64684 193.4297 193.41798 156.63512 375.01047 375.03262 394.51974 394.4976 रखा
330.36087 395.30338 402.32224 337.37973 113.24276 96.67491 124.187294 140.75514 विषय
422.66498 479.67914 479.6795 422.66534 5.2203426 5.219328 26.216526 26.21754 आप
420.4569 484.4734 484.47363 420.45715 44.41378 44.4132 74.405235 74.405815 उनसे
550.8227 584.6674 584.7271 550.8824 6.913988 6.8313885 31.282473 31.365072 और
