484.56378 585.6638 585.6552 484.55518 8.355164 8.372261 59.10321 59.086113 रखते
342.78015 388.69928 386.15326 340.23413 68.20815 73.31129 96.221 91.11787 उस
112.76805 132.26047 111.04677 91.55435 215.75867 228.3588 261.1764 248.57626 दूध
-5.1199265 82.09217 94.869 7.656906 159.87881 104.175995 124.18027 179.88309 वह
102.00338 154.28033 155.42145 103.14449 109.17134 107.160034 136.81934 138.83064 और
499.6726 571.5386 571.50696 499.641 168.81232 168.88568 199.9029 199.82953 अनुतप्त
329.92 394.90866 394.90347 329.91483 22.23043 22.24302 49.113 49.10041 आज
305.3541 341.9045 339.24246 302.69205 62.992096 67.05405 91.00766 86.94571 वर्ष
7.997101 105.17334 105.15825 7.982008 4.236229 4.2656937 54.050694 54.02123 अप्रिय
25.894753 91.617935 100.14915 34.42596 181.37085 138.30933 151.3302 194.39172 पद
