516.81213 536.0569 536.04785 516.8031 168.26822 168.28671 177.66095 177.64246 चार
520.667 539.92554 539.8987 520.64014 185.48364 185.53885 194.89905 194.84384 चार
12.937027 75.49692 70.424034 7.8641453 214.82684 223.18771 261.14542 252.78455 और
477.57617 573.5737 573.5663 477.56876 7.3622246 7.382244 43.177464 43.157444 आया
327.81998 390.4362 387.1956 324.57938 60.218506 67.177216 96.33682 89.37811 साथ
9.660667 59.561195 66.48444 16.583916 169.94386 137.9033 148.68568 180.72624 ओट
556.3961 593.4004 593.3556 556.3513 179.20389 179.2839 199.99988 199.91986 तब
143.04326 188.05049 188.04506 143.03783 14.424301 14.434105 39.313248 39.303444 रहा
212.07153 260.03992 260.03244 212.06407 4.4969788 4.507538 38.33342 38.32286 और
280.57373 324.4074 322.78687 278.9532 67.61771 72.48932 87.070496 82.19888 शरण
113.78576 154.28033 154.9768 114.48223 108.718025 107.16004 125.262764 126.82075 एक
95.27083 142.10501 138.5607 91.726524 223.39832 229.67897 256.10852 249.82787 कई
24.00663 116.14986 116.1372 23.993975 10.209587 10.236198 54.050743 54.02413 अपनी
