263.33575 353.2616 351.15942 261.23358 37.83673 45.45847 70.26085 62.63911 पकड़ना
383.57755 436.98703 420.2551 366.8456 26.555557 38.556763 113.01961 101.0184 पर
459.88593 597.06226 588.70734 451.53104 40.87358 57.57167 126.20781 109.50972 भाषण
287.97504 362.31024 405.6192 331.284 139.98053 114.82648 242.8129 267.96695 ठीक
25.785677 54.562057 54.587852 25.811472 88.1237 88.0782 104.39314 104.438644 और
16.743065 65.269905 65.14013 16.613287 358.6383 358.81714 394.03125 393.85242 और
416.46252 475.7406 469.81726 410.53918 98.54245 105.864075 153.82092 146.4993 सब
398.5924 437.73926 470.1272 430.98035 203.04492 187.03064 266.2027 282.21698 दास
212.83813 258.22504 255.5148 210.12788 57.498405 61.344658 93.32638 89.480125 और
285.47223 309.30914 308.86682 285.0299 234.98387 235.7412 249.6628 248.90547 एक
294.32147 315.3175 314.86908 293.87305 253.51566 254.29837 266.32736 265.54465 क्षण
469.3971 507.52295 548.92395 510.7981 185.07326 167.89777 259.79895 276.97446 और
