299.034 347.67017 347.6159 298.97974 383.67416 383.8314 400.62216 400.46494 और
269.89664 349.87778 349.89194 269.9108 21.32454 21.28225 48.103783 48.146072 समझ
380.77377 428.86642 428.19296 380.1003 114.92804 116.62166 135.74556 134.05194 बहुत
101.21879 121.16749 121.158485 101.209785 6.4718876 6.4862404 18.99312 18.978767 वह
130.64409 152.64607 152.63783 130.63585 6.493061 6.50889 17.965822 17.949993 सब
101.10337 126.31313 126.308235 101.09847 24.817257 24.825138 40.47034 40.46246 कुछ
371.18274 397.0307 396.5948 370.74683 91.31915 92.25548 104.2899 103.35358 मर
413.17053 454.70215 456.30804 414.77643 35.7287 32.104263 50.50615 54.130585 एक
127.141106 160.7392 171.88675 138.28867 340.8893 319.791 337.54294 358.64127 यह
107.93829 129.46915 134.76224 113.231384 354.26562 340.70972 349.11676 362.67267 भर
