113.88898 172.9722 172.96222 113.879 23.206139 23.223206 57.767204 57.750137 मुझ
191.31639 233.66634 233.65813 191.30818 23.230888 23.243378 51.1006 51.08811 पर
113.94702 184.13913 184.1322 113.940094 74.90554 74.923 102.76537 102.74792 तरस
113.992584 199.7591 199.75156 113.985054 115.44104 115.45862 152.19125 152.17368 खाओ
291.3224 323.00903 324.82123 293.13458 323.7547 320.15466 336.1048 339.70483 आये
112.08898 150.69638 151.80212 113.194725 204.63095 202.70456 224.86505 226.79144 भाग
63.952744 106.31766 106.31084 63.945927 79.57024 79.58061 107.4227 107.41232 हम
236.54883 324.54565 324.5381 236.54124 11.654533 11.681648 36.198814 36.1717 स्वच्छ
126.19224 156.50659 157.28537 126.971016 179.66647 178.17004 193.94604 195.44247 बात
433.9046 518.4397 533.8767 449.3416 37.032784 12.303368 65.07327 89.80269 भेज
