287.9105 330.84634 335.0956 292.15976 13.634966 10.247513 64.10661 67.494064 एक
342.8279 387.733 391.25192 346.34683 13.677136 10.443497 59.310276 62.543915 वक्त
9.578793 44.488583 36.880432 1.9706416 135.20157 149.64404 168.03415 153.59167 अगर
9.539528 32.361465 32.121277 9.29934 162.63943 162.7749 203.23862 203.10315 और
490.83875 519.1145 519.1129 490.83716 5.2570057 5.258848 29.208197 29.206354 जब
189.32295 243.98518 240.87297 186.21074 109.80653 113.33272 161.57747 158.05128 उसे
175.93123 199.32326 200.15617 176.76414 394.1798 392.9845 409.28503 410.48035 पर
304.2651 394.4022 391.10153 300.96445 156.14207 161.88274 213.7083 207.96764 मजबूर
389.2454 409.6318 412.56174 392.17532 13.230141 11.815914 54.05163 55.465855 रहे
4.6985016 45.85026 47.372128 6.2203674 380.82404 378.68945 408.0291 410.1637 कहा
