226.09528 266.2002 259.7813 219.6764 114.43616 120.348724 163.88806 157.9755 आने
213.24637 246.7345 244.83865 211.35052 174.26376 176.3797 206.38461 204.26868 का
254.23041 307.2364 305.34216 252.3362 176.85336 180.20251 210.18155 206.8324 सबब
7.9526405 33.741062 33.4957 7.7072783 177.63074 177.79132 217.19672 217.03613 कटे
329.53033 393.69263 393.71216 329.54987 10.766068 10.741253 61.218254 61.24307 कारण
349.98666 419.31198 416.6166 347.2913 151.24338 155.67001 197.88184 193.4552 साथ
8.552895 49.276016 50.4663 9.743179 348.91968 346.66956 368.21136 370.4615 इधर
4.374094 43.91755 44.820213 5.276758 385.96503 383.89 401.09192 403.16693 उधर
272.90915 309.74118 313.90518 277.07315 10.718611 7.719528 58.858322 61.857407 सब
519.6591 573.37286 570.2806 516.56683 117.27118 120.75192 168.47198 164.99124 रहा
