174.5679 204.98196 204.9516 174.53754 248.20685 248.24426 272.92065 272.88324 यह
484.33026 539.29474 546.7243 491.75983 34.794342 23.63771 60.240234 71.396866 दिन
8.907532 78.49837 78.022446 8.431613 129.54826 130.62746 161.31706 160.23787 तक
71.66513 101.31793 140.56177 110.908966 130.66045 110.91524 169.85054 189.59575 गए
202.27495 253.79704 253.79073 202.26863 9.033432 9.046013 34.852608 34.840027 बार
274.21814 321.4781 321.47076 274.21082 9.050999 9.062542 39.173916 39.162373 वह
552.8897 595.0184 592.3265 550.1978 278.45328 281.7429 316.21707 312.92746 पर
328.53238 386.4113 391.1555 333.27658 63.925575 52.171898 75.53384 87.28751 जल
403.67877 453.47437 459.05048 409.25488 48.65352 38.535477 65.97809 76.09613 रहा
182.57718 258.94467 258.3666 181.99911 122.879135 124.03798 162.13261 160.97377 गया
122.24324 141.20503 166.85234 147.89055 133.3947 120.59206 158.5779 171.38054 यह
180.09283 209.07315 209.06851 180.0882 43.4363 43.444622 59.581333 59.57301 राह
