394.19324 418.95837 412.42902 387.66388 361.22372 366.4263 397.50717 392.3046 एक
313.4134 347.33478 345.8081 311.88672 143.97087 146.65459 165.95143 163.26772 वह
507.76886 574.3378 577.5959 511.02692 10.449147 3.9795074 37.503685 43.973324 पर
11.7031555 125.033485 104.845146 -8.485186 63.52913 115.16487 159.47432 107.83858 सम्मान
359.8442 381.55923 374.61935 352.90433 348.21408 353.3268 382.80203 377.6893 वह
516.4946 534.9115 536.09143 517.67456 58.179935 56.299644 67.85715 69.737434 न
545.26483 594.55853 595.8332 546.5395 55.2426 50.2099 62.695168 67.72787 समझ
516.26013 560.8905 562.10156 517.4712 80.80795 76.14943 87.75157 92.410095 सका
71.71903 115.82613 117.76255 73.65545 13.883255 5.4321213 15.53846 23.989594 पर
535.4849 584.96454 587.93304 538.4534 123.427765 118.03949 145.29843 150.6867 फिर
44.04284 94.30084 83.832664 33.574657 159.93771 181.21964 205.94064 184.65872 वह
43.26635 101.10198 92.40565 34.570015 213.92651 237.99484 258.89194 234.82361 एक
