49.262653 127.032455 129.48784 51.718037 19.08541 3.6058712 15.941816 31.421354 जरूरत
299.87283 353.4755 352.02457 298.4219 143.86281 148.10362 166.44322 162.20241 आता
5.5431976 172.46523 142.14516 -24.776875 68.877396 144.5399 211.43019 135.76768 मील
534.1731 594.22046 597.2449 537.1975 22.904161 16.977028 47.617294 53.544426 कुल
533.69617 591.1626 594.348 536.8816 67.11022 61.180946 92.054344 97.98362 कुछ
534.1086 591.07733 593.5878 536.6191 111.59936 105.4646 128.77805 134.9128 बाप
351.98846 387.02673 374.49084 339.45258 351.20587 359.3039 413.54395 405.44592 लिए
375.46042 405.6685 401.3691 371.16104 142.04332 152.76015 164.87904 154.16222 उफ
261.4916 298.21896 296.84824 260.12088 142.82652 145.7346 163.04576 160.13768 कद्र
10.128403 80.963806 66.6308 -4.2046027 160.46317 189.92612 224.3858 194.92285 सिर
402.29907 433.91284 422.1977 390.58392 346.9202 353.31772 411.20883 404.8113 रही
