451.31165 496.85602 496.84485 451.30048 185.82515 185.85051 205.90623 205.88087 गया
39.540054 176.89473 176.85548 39.50081 17.499641 17.552895 118.7732 118.71995 पेट
513.00885 585.27875 585.1816 512.9117 28.345612 28.529793 66.64424 66.46006 गरीब
516.185 570.4268 570.33734 516.0955 70.48047 70.601364 110.74162 110.62073 और
512.6875 597.06226 597.0216 512.64685 127.681305 127.80765 154.9205 154.79416 जाकर
36.62351 110.03984 110.04132 36.62499 134.68608 134.68184 160.2184 160.22264 खबर
131.18156 157.78993 157.7914 131.18303 134.68063 134.67911 160.20651 160.20804 न
383.15073 449.6473 449.55838 383.0618 34.61589 34.794266 67.95027 67.7719 उस
382.886 504.78345 504.6704 382.77295 87.47075 87.7155 144.02522 143.78047 खँडहर
223.24106 254.89423 254.93161 223.27844 110.452126 110.384964 128.00397 128.07112 वह
472.23804 524.48846 524.4245 472.17407 7.1661224 7.324768 28.391258 28.232613 महत्व
