4.855301 43.346027 44.38308 5.892353 43.962456 42.347298 67.06127 68.67643 पर
476.1124 554.7561 554.77966 476.13596 15.776932 15.739731 65.57036 65.60756 हठी
479.9536 556.3578 556.34973 479.94556 89.679474 89.69176 139.44453 139.43225 और
372.2836 421.55765 421.50046 372.2264 200.20743 200.2934 233.05423 232.96826 कई
447.3287 488.1641 487.52304 446.68765 216.96396 218.21167 239.19156 237.94385 उसे
110.52319 182.82135 182.8013 110.50314 5.5729713 5.618374 37.557945 37.512543 बन्द
109.47768 204.8508 204.82643 109.4533 47.571938 47.62919 88.22805 88.1708 करके
3.0825167 33.23795 34.188637 4.033204 72.916374 71.64828 94.25556 95.52366 हर
9.238895 24.902 16.873009 1.2099032 118.31688 130.09673 140.7725 128.99266 यह
9.108467 30.60543 31.080986 9.5840225 28.287401 27.386375 38.732346 39.63337 आए
400.35864 442.42657 442.4441 400.37616 4.968097 4.9442825 35.933556 35.95737 हर
400.55615 470.21948 470.22144 400.5581 62.482517 62.477463 89.01468 89.01973 साल
