178.90544 244.25069 244.19804 178.8528 290.82748 290.983 313.1105 312.955 तब
18.741909 68.717636 68.76018 18.784458 19.312105 19.242428 49.761932 49.831608 इस
87.270966 161.79733 161.84755 87.32118 9.0434885 8.935333 43.540565 43.64872 विषय
180.39337 221.27292 221.30698 180.42743 19.086737 19.029743 43.465813 43.522808 पर
328.94684 464.93152 464.9798 328.99512 7.2865667 7.1395187 51.76519 51.91224 आया
498.01724 592.3766 592.4397 498.08035 7.1037397 7.0017014 65.36786 65.469894 इस
12.278286 69.422195 69.444534 12.300632 99.471596 99.426765 127.915306 127.96014 हाथ
12.333 108.294334 108.31345 12.352119 140.98497 140.93752 179.6107 179.65816 समर्पण
461.14023 570.454 570.5482 461.23447 88.46314 88.27666 143.51364 143.70012 जब
132.56677 186.34262 186.36673 132.59088 288.7787 288.72913 314.90234 314.9519 एवं
50.364502 92.19075 92.20854 50.382294 76.23622 76.19557 94.51062 94.55127 पास
347.59866 412.49106 412.5491 347.6567 53.58589 53.49266 93.87822 93.97145 एक
