23.822021 116.69548 116.75568 23.882217 65.07477 64.96915 117.90082 118.00644 उनकी
361.28983 414.44473 414.47836 361.32346 8.526055 8.468056 39.271847 39.329845 हुआ
362.40613 408.1469 408.1892 362.44843 45.27766 45.21485 76.02835 76.09116 और
424.96176 472.75717 472.79062 424.9952 52.62518 52.556816 75.92212 75.990486 एक
489.5425 582.85315 582.90735 489.5967 46.16443 46.035538 85.312805 85.441696 मुहरबंद
190.88336 244.56586 244.58334 190.90085 291.81754 291.77512 313.8939 313.9363 घर
315.94785 376.0701 376.07925 315.957 284.69766 284.6777 312.3298 312.34976 चार
122.7724 173.84534 173.87756 122.80463 50.713604 50.651436 77.119125 77.1813 साथ
465.39026 589.51416 589.6028 465.47888 92.70381 92.48802 143.47528 143.69107 उस
297.18704 326.30032 326.25113 297.13785 255.63156 255.7435 268.53452 268.42258 जाए
136.50089 197.19528 197.15231 136.45792 292.66415 292.79245 313.11557 312.98727 सता
