506.1317 555.9879 553.05066 503.19446 317.28415 323.84818 346.15775 339.59372 इस
236.04727 269.2721 268.96454 235.7397 86.216965 86.65199 110.143326 109.7083 और
239.61426 283.1526 282.71008 239.17177 158.60254 159.44434 182.33118 181.48938 बेहद
169.18954 236.14413 236.40845 169.45386 349.77655 348.9796 371.18707 371.984 यह
242.54306 286.82297 285.3735 241.0936 354.84302 359.14038 374.07568 369.77832 भर
210.66249 246.8644 246.47429 210.27238 159.89302 160.59627 180.67793 179.97469 वह
18.1205 61.893982 63.013855 19.240374 274.5662 272.05478 291.5742 294.0856 वह
344.79874 374.08627 356.94418 327.65665 338.35715 350.6213 391.55753 379.29337 यह
247.73929 288.25336 287.29892 246.78487 372.72955 376.29242 387.14532 383.58246 उस
177.79756 191.38902 219.91475 206.32329 370.89902 358.5942 390.1027 402.4075 प्त
