88.27496 155.32993 155.33699 88.28203 55.801205 55.783005 81.80849 81.82669 अगर
84.01869 131.08475 131.07852 84.01247 104.623825 104.63327 135.63399 135.62454 वह
84.16023 136.20403 136.19208 84.148285 153.42047 153.4444 179.4325 179.40857 उस
518.46796 597.47406 597.1951 518.189 374.78296 375.72504 399.11774 398.17566 हृदय
262.31848 307.66943 307.72156 262.3706 175.00412 174.90045 197.70554 197.8092 हम
108.750015 224.91075 224.93742 108.77669 5.940876 5.8750725 52.959774 53.025578 बहस
206.02548 236.20312 251.67142 221.49377 131.34923 114.51576 142.24602 159.07948 हुए
356.60205 394.0047 395.84766 358.445 371.008 368.03394 391.21124 394.1853 हम
33.798584 86.84216 86.85864 33.815063 11.988642 11.960476 42.99164 43.019802 पर
424.6834 511.69318 511.43207 424.4223 375.16174 376.19934 398.09497 397.05737 उसका
