366.42303 399.9442 402.22296 368.70178 362.57162 359.97598 389.40482 392.00046 उसे
355.23953 470.06918 470.0972 355.26755 11.752257 11.710083 87.96695 88.009125 अंग
258.07513 302.3418 302.32965 258.063 159.63043 159.66364 175.90097 175.86777 चला
258.14914 290.64816 290.72324 258.2242 183.24637 183.1445 207.09192 207.19379 उसे
123.85182 219.99294 220.00859 123.86748 42.97879 42.945396 87.9827 88.01609 तक
428.95102 462.56516 462.40512 428.791 381.3348 381.7158 395.8348 395.45383 उसे
300.3772 330.1772 330.32446 300.52448 413.0814 412.90347 437.5685 437.74643 यह
538.5843 592.7703 592.56854 538.3825 373.3964 373.94675 393.81174 393.26138 इस
503.7799 564.8628 564.8788 503.7959 72.967125 72.93812 106.65914 106.68815 यह
93.36842 139.43088 139.43245 93.37 92.8204 92.817986 122.8283 122.83071 वह
93.541824 153.59665 153.58276 93.52795 153.62329 153.65204 182.63986 182.61111 उस
464.54407 534.0856 533.8738 464.33228 377.17383 377.96198 396.64484 395.8567 रमणीक
193.97383 239.83617 252.61644 206.7541 152.29788 126.714355 149.62491 175.20844 रूप
