145.47067 204.85489 228.66702 169.2828 329.62057 310.30118 383.49515 402.81454 सभी
431.44202 530.0171 527.6072 429.03214 389.57486 394.145 446.12546 441.55533 साल
25.030403 107.64999 107.33477 24.715185 409.6455 410.3662 446.50226 445.78156 सकते
300.44275 442.8396 442.90686 300.51 6.6657596 6.5740204 111.02005 111.111786 एक
539.47626 568.86334 550.0496 520.66254 377.40344 390.09088 433.66797 420.98053 पर
121.13435 181.28949 181.04884 120.89371 415.33862 415.81018 446.50867 446.0371 शब्द
502.02838 535.9426 535.9123 501.99808 199.15799 199.21677 216.69101 216.63223 पर
531.03125 586.3711 586.3833 531.04346 14.56752 14.55035 53.822693 53.839863 गैस
65.99831 97.226746 97.19116 65.96272 170.76772 170.82762 189.37108 189.31117 पर
175.06944 216.06969 216.01436 175.01411 421.51437 421.6061 446.33963 446.2479 बढ़
104.04251 193.3678 193.38593 104.06064 52.970116 52.941757 109.99778 110.02614 सही
