127.59686 156.40857 150.03906 121.22736 270.01355 273.28595 329.36578 326.09338 हुआ
55.618286 87.54024 87.43552 55.51357 415.806 416.05063 429.7161 429.47147 सुलझ
-12.728774 42.747963 56.742683 1.2659454 362.99997 333.2086 359.2692 389.06058 एक
37.79636 124.02255 138.67992 52.453724 335.86765 289.56345 316.85788 363.16208 चक्कर
164.2727 214.79388 240.34521 189.82404 310.64206 294.61203 375.14127 391.1713 उसने
484.7791 534.51184 534.48315 484.7504 200.06458 200.15619 215.71896 215.62735 गया
482.6117 495.3266 525.4432 512.7283 287.59344 275.34082 306.59357 318.8462 और
209.83661 270.39838 270.27234 209.71056 425.55157 425.91974 446.6546 446.28644 अलग
217.94568 266.71362 290.33868 241.57074 297.59454 283.02417 362.09875 376.66913 और
4.3659134 64.29911 64.20751 4.2743115 408.47217 408.62708 444.07013 443.91522 उसे
