358.77118 461.89246 461.90442 358.78314 61.923386 61.897232 109.01994 109.0461 गया
106.07707 157.0992 176.33745 125.31532 356.48242 334.16357 378.1433 400.46216 गया
23.085148 91.661736 105.78174 37.205147 343.76767 306.9415 333.23532 370.0615 आया
47.77799 170.32724 170.36926 47.82001 21.896435 21.830566 100.003586 100.06945 यह
489.64194 528.681 502.18033 463.14127 371.2425 387.09393 452.36005 436.5086 और
556.0524 594.9827 565.6309 526.7006 372.504 389.5873 456.47562 439.3923 पति
158.98677 214.30528 234.69414 179.37563 329.51236 311.75833 375.28647 393.0405 गया
5.9780216 34.66199 29.498793 0.81482315 330.64557 333.18744 391.45203 388.91016 और
221.65147 335.9773 336.00903 221.68321 6.7165227 6.642872 55.907993 55.981644 कंगन
373.89572 406.967 407.0566 373.98532 19.708338 19.626614 55.886955 55.968678 न
445.06857 509.2858 509.30576 445.08853 19.669064 19.633633 55.856647 55.89208 बन
438.43744 469.85797 451.02063 419.6001 372.5374 384.5155 433.92914 421.95105 उसे
213.82773 280.139 303.01486 236.70358 302.6838 282.75204 358.85806 378.78983 रखने
113.47006 133.01367 128.38892 108.8453 281.49875 283.6252 326.13034 324.00388 दफे
