309.67767 345.34003 345.4873 309.82495 226.52618 226.33594 253.94147 254.13171 और
326.42212 372.9674 372.98596 326.44067 72.97626 72.926315 90.214355 90.2643 विजयगढ़
108.00813 126.66795 120.369705 101.709885 153.83556 158.5898 183.30959 178.55534 पर
488.40338 532.9629 532.90027 488.3408 70.710106 70.84795 91.08747 90.94962 मन
246.64026 279.77496 279.75946 246.62476 28.648384 28.676842 46.75226 46.7238 उन
246.71417 279.79907 279.79517 246.71025 61.58252 61.589676 79.63109 79.62393 पर
254.76106 296.0622 296.19946 254.89833 225.8406 225.61945 251.25558 251.47675 कहा
338.0883 382.67343 382.69687 338.11172 54.713844 54.659508 73.87655 73.930885 सब
136.42058 196.98094 196.95479 136.39442 4.5756493 4.6159935 43.88684 43.846497 और
134.53998 198.9668 198.96646 134.53964 58.92122 58.921814 96.04144 96.04085 उसी
341.19897 369.76337 369.8744 341.31 229.32057 229.1674 249.87724 250.03041 पर
501.64755 521.98425 522.9574 502.6207 221.37628 220.73062 251.38174 252.0274 उसे
483.8932 542.92554 542.8834 483.8511 6.9866066 7.0536194 44.14501 44.078 वाई
