371.45294 399.38556 399.3228 371.3902 265.9106 266.00174 285.23056 285.13943 खुद
280.42236 351.08295 351.1065 280.44592 16.83291 16.780064 48.2698 48.322643 सुबह
361.95532 456.81744 456.83643 361.9743 16.768776 16.69159 40.055233 40.13242 उठकर
468.82043 535.44336 535.47034 468.8474 4.496111 4.4455185 40.000664 40.051254 लॉन
282.61392 339.16873 339.19168 282.63687 45.882366 45.8425 78.367584 78.407455 और
351.1488 405.67273 405.69122 351.1673 54.975254 54.937057 81.37158 81.409775 एक
11.990469 57.845894 58.00918 12.153753 44.471607 44.238983 76.42508 76.65771 अर्थ
497.20248 596.2258 596.2594 497.23605 57.71597 57.643257 103.41286 103.48557 बाल
4.757923 96.50905 96.70973 4.9586143 12.383727 11.676399 37.708637 38.415966 मतलब
138.95107 210.64803 210.67265 138.9757 24.455198 24.402557 57.92633 57.978973 दहला
