445.7422 591.86255 592.0448 445.92444 21.837614 21.539536 110.910675 111.208755 अब
54.17592 88.21379 88.18248 54.144608 220.87914 220.92882 242.38374 242.33406 यह
36.936012 98.70477 98.68401 36.91525 16.395927 16.42868 55.599373 55.56662 पर
36.96721 136.71404 136.70424 36.957413 90.46933 90.49429 129.6766 129.65164 जमा
377.1802 418.96646 418.98093 377.19467 57.92858 57.892967 74.89463 74.930244 बात
270.95328 314.47348 314.48288 270.96268 84.18565 84.16843 107.9711 107.98833 एक
180.82947 267.44446 267.42065 180.80568 11.274063 11.319756 56.400467 56.354774 यह
324.52307 406.98322 407.03516 324.575 9.077418 8.93922 39.91552 40.05372 आधीन
103.47986 150.96857 150.95505 103.46633 14.542511 14.571011 37.11724 37.08874 तक
104.80098 153.48685 153.47179 104.78592 42.785736 42.807793 76.03812 76.01606 और
