435.8204 593.9408 594.0906 435.97018 39.86728 39.602264 129.0 129.26501 सत्य
254.3807 314.47324 314.47476 254.38223 80.02729 80.02277 100.73257 100.73708 अगर
27.91114 77.782455 77.74854 27.87723 214.72687 214.81424 234.17337 234.086 अगर
106.094055 185.64203 185.61777 106.069786 20.7146 20.75158 72.96776 72.93078 सिर
361.37903 410.11 410.14758 361.41663 24.98694 24.919033 51.90561 51.973515 कर
437.76672 478.66772 478.72186 437.82086 10.81965 10.768238 53.816345 53.867756 रहे
84.311516 127.98092 127.950264 84.28086 230.09785 230.1704 248.62529 248.55275 आप
12.215446 43.103386 43.095627 12.207686 37.508816 37.52564 51.77135 51.754528 सब
12.225685 43.117653 43.10962 12.21765 65.05126 65.06432 84.060875 84.04781 एक
57.646103 94.459885 94.45361 57.63983 65.073746 65.08995 79.33478 79.31857 साथ
12.233273 51.438835 51.43165 12.226087 85.47263 85.48582 106.85879 106.845604 उठते
