297.58572 370.59195 370.59152 297.5853 32.258915 32.260204 56.24426 56.24297 बनाए
389.04514 462.0524 462.0505 389.04324 32.26806 32.27381 56.261368 56.255615 रखना
297.58487 363.58804 363.5875 297.58432 79.440155 79.441345 111.423065 111.421875 बहुत
299.7841 421.78732 421.78683 299.7836 126.62727 126.62962 150.60393 150.60158 आवश्यक
440.2414 462.24225 462.23828 440.23743 116.637985 116.64049 151.62337 151.62086 है
201.55644 229.0093 227.05302 199.60017 293.44174 295.78592 318.6962 316.35202 हर
273.701 323.8202 323.80225 273.68304 295.8284 295.85745 326.7867 326.75766 लगे
276.206 325.65277 325.7539 276.30713 339.00006 338.8349 369.12238 369.28754 तभी
45.710526 108.713196 108.71861 45.715942 27.63242 27.622929 63.599636 63.609127 वह
131.01501 245.02182 245.0264 131.01959 13.658596 13.647907 62.609203 62.619892 अपनी
45.718597 197.71896 197.72678 45.726414 81.23822 81.21533 133.16039 133.18327 रसिकता
472.01715 595.0316 595.019 472.0045 52.07025 52.086823 146.04475 146.02818 बजे
337.4944 370.25513 371.01373 338.253 308.4903 307.3266 328.68286 329.84656 पर
