256.17395 333.18567 333.1186 256.10687 365.548 365.74112 392.48648 392.29337 कण्ठ
55.86304 97.89264 98.63869 56.60909 69.42026 68.16643 93.174866 94.428696 वह
118.887886 222.94568 223.66135 119.60355 67.54009 64.438255 88.447044 91.54888 जलपान
243.61848 314.69788 315.74188 244.66249 52.798637 50.679832 85.70222 87.82102 लेकर
560.5453 593.20337 593.2046 560.5465 236.16524 236.16289 252.67656 252.67891 काम
54.195023 106.197556 106.11714 54.114613 356.26816 356.48917 375.4091 375.18808 उस
211.21472 281.23895 281.06616 211.04192 323.3666 323.7225 357.7272 357.3713 राय
103.373184 156.0214 155.66084 103.012634 312.93088 313.58395 342.64932 341.99625 कर
321.54153 441.70944 443.05075 322.88284 59.486023 55.90616 100.930756 104.51062 आप
150.72818 171.71585 185.96017 164.9725 318.5926 310.82935 349.33832 357.10156 रहे
13.425189 42.466324 43.273304 14.232169 36.63181 35.7645 62.785625 63.652935 रहे
