515.48035 557.6079 557.54785 515.4203 194.11147 194.22038 217.44673 217.33781 तुम
486.35962 563.0647 553.292 476.5869 73.78984 92.37555 132.7086 114.122894 उस
502.794 578.5738 578.57477 502.79498 29.653198 29.651138 64.16939 64.17145 एक
554.1508 596.0904 596.0423 554.1027 194.992 195.0896 215.75125 215.65366 इस
396.31717 437.6968 434.7651 393.38547 75.24546 85.27183 97.37119 87.344826 सम्हल
446.87347 469.0786 466.39124 444.1861 87.49536 92.87572 103.96684 98.58649 कर
391.24878 424.5539 421.6225 388.31738 96.22037 104.29028 116.388306 108.31839 रहता
9.997749 95.83867 95.846565 10.005646 37.37311 37.35785 81.78601 81.80127 एक
137.31734 231.90034 231.91139 137.32838 21.562641 21.545563 82.74785 82.76493 दिन
10.271912 92.0765 92.09208 10.287491 109.2204 109.189606 150.5744 150.6052 रात
129.39148 184.52261 184.53601 129.40488 110.96379 110.94353 147.38972 147.40999 और
128.45276 199.23508 199.2474 128.46509 177.32764 177.29071 200.8919 200.92883 ऊपर
