302.24234 343.58096 343.68893 302.3503 320.88992 320.72794 348.28073 348.44272 इस
350.09875 386.39453 386.4995 350.20374 320.55978 320.39023 342.8591 343.02866 पर
393.82224 474.56796 474.74722 394.0015 320.33167 319.69476 342.41882 343.05573 आसक्त
466.44714 528.1644 525.2057 463.48837 65.58005 72.9003 97.84601 90.52576 छह
527.84393 586.60614 586.6109 527.8487 15.904304 15.892288 38.99463 39.006645 जान
397.00293 445.76587 447.60413 398.8412 134.98994 131.59795 158.02422 161.41621 यह
310.44006 375.75665 370.5783 305.26172 27.3368 39.213852 67.69172 55.814667 निकल
442.02557 505.09015 505.086 442.02142 4.372036 4.3824577 29.43499 29.424568 जीवन
214.13281 289.79358 282.7553 207.09456 12.200882 25.967201 64.64996 50.883644 पान
349.10156 386.6646 386.6902 349.12714 346.0583 346.01227 366.92346 366.96948 पर
113.39841 196.71411 190.09631 106.7806 6.8330917 21.999687 58.353783 43.187187 दोपहर
