522.0244 573.1885 573.194 522.0299 15.905493 15.895027 42.861397 42.871864 जिस
339.10825 376.6152 370.24417 332.7372 81.46305 96.28297 112.40711 97.5872 वह
386.51584 426.10483 427.9379 388.3489 140.15657 137.40794 163.81041 166.55904 खुश
238.6066 342.9148 333.1721 228.86388 10.7137375 29.700722 83.22415 64.23717 अगर
390.69812 444.03027 444.13763 390.80548 320.67624 320.47134 348.4163 348.6212 कर
440.10425 482.93378 482.93066 440.10114 5.33342 5.3391724 28.466007 28.460255 बना
427.5091 500.50916 502.65924 429.65918 126.90985 121.828674 152.71814 157.79932 पहला
95.35503 146.89291 140.27342 88.735535 2.3646698 11.745995 48.111244 38.72992 तुम
338.8353 399.1453 399.25644 338.94644 319.7114 319.491 349.9023 350.1227 हक
484.5562 515.63074 515.6298 484.5553 8.221315 8.22262 29.398794 29.39749 भोर
153.73923 225.73105 219.31439 147.32257 16.49308 29.59903 64.8462 51.74025 पहली
