531.4098 589.31116 590.28357 532.3822 105.401115 103.637695 135.5679 137.33133 और
458.15186 549.4675 549.44977 458.13412 8.02293 8.069126 43.13044 43.084244 जाए
406.54224 537.4308 536.3939 405.50537 265.38947 266.28308 418.14764 417.25403 आज
43.115116 56.83163 62.19266 48.476147 268.22806 265.2764 290.18942 293.14108 एक
475.49487 531.2613 532.00494 476.23853 108.199295 106.47876 130.58287 132.3034 अब
130.64716 286.16357 286.1425 130.62605 10.470932 10.546974 53.69055 53.61451 कहकर
320.6518 431.9619 431.94135 320.63123 10.563797 10.618225 52.7081 52.65367 प्रकट
350.0254 377.07068 377.0315 349.9862 370.11642 370.17148 389.42484 389.36978 लगा
352.14575 384.7602 384.74255 352.1281 398.39514 398.4167 425.10828 425.08673 अपने
5.79916 43.15076 41.562645 4.211043 263.59692 267.09674 284.0459 280.54608 बलराम
443.38965 480.05853 480.45386 443.78497 107.36796 106.20757 118.69967 119.860054 जीवन
34.597237 95.97219 95.96435 34.589394 28.313473 28.336323 49.402027 49.379177 आया
32.71996 75.950424 75.95204 32.721577 74.82154 74.81835 96.80697 96.81016 तब
185.86209 237.49472 244.1926 192.55997 294.4327 289.61453 361.39053 366.2087 की
265.07483 338.87506 338.7265 264.92627 316.3765 316.58218 369.88083 369.67514 तरह
196.82413 273.80472 273.81262 196.83203 391.68585 391.67462 446.0592 446.07043 इधर
