407.43835 465.02423 457.8083 400.2224 12.973648 23.57837 62.76258 52.15786 चन्दर
494.91022 592.1286 606.257 509.03864 339.51416 285.27234 310.59485 364.83667 अपने
-2.5956001 46.550053 49.983974 0.8383217 404.82672 399.39746 430.4812 435.91046 भर
186.77296 224.58144 224.4261 186.61763 258.8615 258.95264 323.40845 323.31732 सैर
233.44333 296.3168 288.7861 225.91263 7.195999 18.798817 59.60614 48.003323 अगर
306.50153 373.43427 364.86792 297.93518 20.62796 32.9852 79.384735 67.0275 रहना
516.42834 574.6266 583.2406 525.04236 376.70908 343.3334 358.3539 391.72958 भर
9.762489 48.08917 48.0725 9.74582 4.138218 4.167925 25.67299 25.643284 कर
563.20087 591.2 577.7702 549.77106 83.73767 93.10858 133.23528 123.864365 लगे
527.20544 577.2654 586.3788 536.31885 398.75677 369.41443 384.96246 414.3048 वह
528.8722 586.65564 593.79834 536.0149 426.17926 391.71344 403.68842 438.15424 कम
4.2969723 42.83998 43.18332 4.6403065 33.851364 33.226654 54.409515 55.034225 कुछ
391.629 448.6299 449.97086 392.96994 321.66434 317.57004 336.23917 340.33347 एक्शन
