498.59207 538.3721 538.62915 498.84915 368.97876 368.61322 396.59357 396.9591 रहे
237.17874 277.18332 278.16953 238.16495 5.3366017 1.3710346 11.319914 15.2854805 फिर
385.45074 596.2206 596.22015 385.45032 6.940033 6.94149 66.66321 66.66175 उसका
386.7947 505.21194 505.22122 386.804 112.436195 112.417755 172.16647 172.1849 रख
169.23462 221.21417 208.12097 156.14142 207.55109 232.13344 259.8191 235.23674 लिए
250.24806 310.44257 314.13196 253.93745 336.1298 328.07425 355.6429 363.69846 उसके
29.24643 106.327545 106.260895 29.179781 16.981537 17.086632 65.96987 65.86478 मुख
141.88081 197.02034 196.96544 141.82591 17.23294 17.32302 50.93672 50.84664 पर
31.694283 96.74728 96.734886 31.68189 88.22619 88.25016 121.87351 121.84954 अब
132.33235 189.58589 189.57234 132.3188 88.32342 88.34449 125.154366 125.13329 वह
301.67023 386.25348 386.25476 301.6715 49.078205 49.075638 90.781876 90.78444 इससे
72.99985 112.02399 111.997055 72.972916 53.338654 53.384796 76.16678 76.120636 कर
539.5428 598.4554 598.66046 539.74786 368.60248 368.0611 390.37805 390.91943 तब
100.57127 124.374146 124.368225 100.56535 106.0621 106.07024 123.39906 123.39093 पर
100.57146 129.77028 129.77039 100.57156 133.78482 133.78464 152.17944 152.17963 यह
