112.461426 158.25458 158.24402 112.450874 37.841873 37.859222 65.69204 65.67469 वह
417.72568 467.8638 467.8743 417.73618 93.54077 93.518005 116.68562 116.70839 कम
182.97107 239.03436 239.42029 183.357 95.375 94.43425 117.43404 118.37479 अब
264.83847 313.88968 314.34293 265.29172 94.005684 93.18212 120.17666 121.00022 यह
231.22209 270.27893 270.67828 231.62144 34.75812 34.108135 58.105488 58.755474 इस
286.125 345.1577 345.48932 286.4566 33.847523 32.868435 52.860897 53.839985 समय
233.04678 282.09323 282.42667 233.38022 73.13405 72.31615 92.31142 93.12932 आप
7.696742 38.449036 38.48401 7.731715 40.201546 40.148308 60.35148 60.404716 पर
531.20044 582.1975 582.7335 531.73645 74.35874 73.503746 105.4773 106.3323 तीन
533.29663 588.26416 588.6349 533.66736 127.29453 126.36742 148.34894 149.27605 बाल
