1.7001686 46.018837 58.88514 14.566473 5.314401 -3.5241776 60.990417 69.828995 पर
190.02974 341.5157 341.57135 190.0854 170.99286 170.84119 226.40842 226.56009 खत
354.95947 516.1974 516.1205 354.88254 43.88832 44.009308 146.49901 146.37802 यह
66.18486 104.95404 115.25537 76.48619 11.640759 4.09684 57.0367 64.58062 और
-0.7345543 34.791363 43.111073 7.5851555 196.43854 186.84204 217.6413 227.2378 पर
219.16678 343.06573 343.03384 219.13487 7.454956 7.5681343 42.50193 42.388752 भीतर
212.48184 299.0809 299.0554 212.45633 63.118156 63.175636 101.61352 101.55604 घुस
212.3211 305.9419 305.92487 212.30408 102.50325 102.54883 137.52055 137.47498 सके
457.2192 500.40042 500.38052 457.1993 20.698845 20.735764 44.001945 43.965027 पर
518.6106 594.3878 594.3551 518.5779 9.123688 9.192436 45.24298 45.174232 लपेट
