459.33173 557.65967 551.01215 452.68417 267.23505 283.28925 324.0042 307.95 इस
153.72672 212.43686 210.57233 151.86218 291.6778 297.8228 315.63666 309.49164 कर
224.17203 307.53253 304.89175 221.53123 291.71893 300.69733 325.21594 316.23755 उनके
321.5991 432.08676 429.63345 319.14578 302.91675 314.78326 337.62585 325.75934 अगणित
453.92 584.1067 584.1864 453.99973 23.380785 23.23957 96.74817 96.88938 सभी
487.05566 543.50635 541.6903 485.2396 221.26016 225.84738 248.19641 243.60919 तरह
102.83975 157.2073 159.39365 105.02609 141.00728 137.18669 168.29851 172.1191 शशि
260.29828 320.84784 319.36926 258.8197 334.98883 340.50714 356.7309 351.2126 एक
136.93307 226.93991 226.99426 136.98743 19.772469 19.671959 68.34001 68.44052 कतई
562.3325 593.8666 592.6804 561.14636 231.29767 233.86353 248.44046 245.8746 वह
42.59861 80.26388 81.535034 43.869766 148.3089 145.65631 163.70609 166.35867 मत
507.22742 573.117 570.80774 504.91815 192.26573 199.40211 220.72353 213.58714 उत्तम
431.1917 485.9474 484.55347 429.7978 329.27695 334.79562 348.62607 343.1074 सब
267.91324 417.99496 418.05276 267.97104 25.58453 25.409836 75.072266 75.246956 परेमकथा
