442.68262 585.8514 577.17395 434.0052 252.6229 275.2836 330.10703 307.44632 इस
245.65724 289.09772 290.82654 247.38606 149.96216 147.08502 173.18799 176.06512 सभी
115.29006 160.3623 162.05496 116.98272 146.19055 143.02252 167.10431 170.27234 यह
113.62033 210.3089 208.18625 111.49767 305.50787 314.93726 336.703 327.27362 आप
236.88788 337.13477 334.011 233.76408 307.36823 317.5689 348.26752 338.06683 लोग
503.61572 541.8152 539.7272 501.5277 193.92534 198.06593 217.32924 213.18864 मन
558.6895 589.63043 587.52264 556.5817 199.86975 203.24884 222.54907 219.16998 पर
284.74567 379.79865 379.8418 284.78882 31.521267 31.415321 70.15576 70.26171 मगर
403.74564 477.85074 477.91275 403.80765 14.496926 14.414345 70.04647 70.12905 उसे
377.88486 438.23795 435.15543 374.80234 277.75452 288.22858 305.99066 295.5166 साथ
57.976395 148.9503 148.9988 58.024887 30.794668 30.693687 74.38477 74.485756 कल
523.10126 562.3693 560.78986 521.5218 226.14943 229.34084 248.77492 245.58351 गए
388.52307 481.16284 478.51538 385.8756 312.0187 321.8895 346.7368 336.866 साथ
174.91379 270.94003 270.9929 174.96664 7.8122497 7.703541 54.386757 54.495464 जल
