29.411179 43.475433 43.852592 29.788338 232.48343 232.18231 249.79779 250.0989 यह
51.947197 82.16488 82.16819 51.95051 232.47913 232.47339 249.91241 249.91815 कहकर
81.890335 104.14125 100.6286 78.377686 158.07117 168.35748 175.9559 165.66959 सर
80.20502 107.64484 103.36043 75.92061 172.03964 184.61841 193.9646 181.38583 एक
118.56758 145.89008 141.106 113.7835 186.21567 198.75397 209.17908 196.64078 ओर
322.65146 395.15616 390.60544 318.10074 119.14172 135.1907 155.74942 139.70044 पर
328.75497 415.12704 409.58926 323.2172 161.64883 181.67227 205.55972 185.53629 यह
13.702045 49.040524 68.39003 33.051548 46.69991 18.788788 43.287342 71.19846 एक
41.284138 77.2897 95.61809 59.612522 82.16883 53.73922 76.951775 105.381386 क्षण
482.29205 517.81506 517.8036 482.28055 300.37772 300.40207 317.18887 317.16452 बात
103.73674 154.00887 182.92195 132.64983 45.542595 5.8555756 42.480186 82.167206 तरह
504.3284 553.0912 553.1344 504.3716 237.63196 237.54993 263.23816 263.3202 बन
30.509964 44.09562 44.53853 30.952873 206.02263 205.72847 226.18486 226.47902 पर
289.2047 318.5728 318.60138 289.23328 243.92992 243.88947 264.61603 264.6565 हर
322.72482 373.8945 371.01016 319.84048 102.714005 113.752396 127.123 116.08461 बात
