456.69577 519.2877 519.5349 456.94296 175.68597 174.82962 192.89685 193.7532 एक
479.345 508.80093 508.78745 479.3315 296.80756 296.8297 314.76385 314.7417 अपने
507.0888 595.6198 541.7941 453.26312 14.007736 85.38071 152.14609 80.77312 आए
3.335209 78.48967 116.06273 40.908276 110.95149 51.622513 99.21788 158.54686 कुसल
37.332054 62.542816 63.47744 38.266678 218.09825 217.52853 258.8861 259.4558 सूद
465.22736 507.66687 507.86768 465.42816 155.6156 154.96115 167.98294 168.63739 जब
326.1772 399.71265 396.59436 323.0589 115.58554 131.6738 145.92664 129.83838 लाए
421.6919 480.9203 453.5089 394.28052 5.9314117 53.67096 87.679016 39.93947 महत्व
93.22274 139.83282 172.59192 125.981834 53.844795 17.050293 58.548454 95.34296 एक
318.84827 423.67676 418.1026 313.2741 163.57132 187.97888 211.91956 187.512 एक
559.2954 597.90405 567.41223 528.8036 119.27814 142.79938 192.84967 169.32843 वह
65.383896 80.97621 81.55995 65.967636 230.23279 229.818 251.76181 252.1766 वह
