130.47273 230.89745 230.82347 130.39876 281.89246 281.99127 357.1938 357.09497 कर
275.69507 342.17206 340.6933 274.2163 74.80307 77.404144 115.19791 112.59683 और
115.99376 160.9395 161.64067 116.69493 89.41134 88.286125 116.294 117.41921 खाक
233.70016 307.3344 307.21072 233.57646 252.75964 252.9292 306.66028 306.49072 बात
332.81702 395.94055 395.8172 332.69366 253.12628 253.2716 306.86426 306.71893 तय
46.69291 94.60235 93.44903 45.53959 69.21722 71.066765 100.94146 99.09191 इस
100.80986 129.47519 143.21526 114.549934 122.63944 114.823654 165.21704 173.03282 वह
6.2745075 51.476933 58.85977 13.657345 227.21858 221.71002 282.2923 287.80087 कई
15.444433 59.732002 65.85804 21.57047 288.86603 283.47974 333.84967 339.23596 दफे
78.81591 117.79409 122.2768 83.29862 300.12338 296.1237 339.80905 343.80875 वह
24.730442 70.22586 70.22676 24.731335 356.79745 356.79642 395.9387 395.93973 इस
87.13052 140.44301 140.44295 87.13046 356.85916 356.85928 394.9976 394.99747 शहर
351.7569 401.13745 400.20337 350.8228 74.2704 76.11342 101.141266 99.29825 व्रत
331.32202 383.12427 382.0653 330.26306 124.55618 126.780975 151.43741 149.21262 रख
