28.02868 55.35688 68.69561 41.36741 281.36447 251.80167 264.13217 293.69498 चमार
335.85464 411.6141 411.6201 335.86063 26.136316 26.12606 70.35891 70.36916 कुछ
442.84644 513.567 513.5711 442.85052 26.121828 26.112247 56.283524 56.293102 कम
335.93253 380.3378 380.38626 335.981 83.231285 83.18573 130.44507 130.49062 हो
411.58926 493.37222 493.3773 411.59433 95.31049 95.2972 126.43697 126.450264 मगर
-2.2817378 18.245708 31.895706 11.36826 323.11896 301.16492 313.92792 335.88196 यह
139.77322 199.3609 199.36542 139.77774 30.987011 30.979767 68.16023 68.16748 लोग
139.92441 189.38818 189.38544 139.92166 83.8282 83.83342 109.93689 109.93167 उस
140.01228 229.80876 229.80424 140.00777 114.54892 114.55957 152.69925 152.6886 खँडहर
259.1746 323.82138 323.8254 259.17862 42.432312 42.42659 87.647385 87.65311 और
