503.05127 553.16345 553.14514 503.03296 246.48276 246.52237 269.68564 269.64603 सब
455.10178 522.7875 523.0657 455.38004 179.68562 178.79253 199.88249 200.77559 उस
80.94278 130.80994 122.29477 72.42761 174.07806 196.78894 215.48602 192.77515 कटे
28.199562 115.76525 160.10944 72.543755 81.353714 12.228439 68.40225 137.52753 हालत
530.63324 588.66895 547.8881 489.8524 14.944458 61.79696 112.31187 65.459366 पति
518.8108 554.3894 554.4348 518.8562 224.84431 224.76024 243.9536 244.03767 जब
149.7024 168.72665 180.29382 161.26956 25.522144 10.50201 25.152813 40.172947 बच
162.81375 186.92474 203.28201 179.17102 45.28746 26.25528 46.977547 66.00973 रहती
323.39697 415.64783 409.53003 317.27917 162.16919 183.64828 209.92358 188.44449 चुप
85.83943 148.18416 141.65306 79.308334 150.10103 179.19551 193.19057 164.09608 अलग
3.003973 44.795113 78.62531 36.834175 125.366005 96.068375 144.32495 173.62257 और
