22.853851 100.435684 100.43521 22.85338 37.655273 37.65645 68.63927 68.63809 देखकर
113.31775 198.85757 198.85648 113.31665 47.57512 47.579185 70.85959 70.85552 पहचाना
214.1768 253.21294 253.22655 214.19041 37.606586 37.58947 68.64163 68.658745 और
330.56287 443.0075 442.99457 330.54993 9.608326 9.643787 50.702538 50.667076 समझ
474.8318 539.2909 539.28375 474.82462 9.67791 9.691788 42.93714 42.923264 गए
503.63013 589.22034 586.04126 500.45108 114.66931 123.538635 154.21722 145.3479 साथ
408.3059 458.26538 459.76178 409.8023 140.72028 137.75201 162.9378 165.90607 बट
429.91272 492.2603 492.26862 429.92102 57.343697 57.33039 96.23647 96.24978 और
470.1146 503.92587 502.05875 468.24747 130.42432 133.94315 151.88348 148.36465 पर
178.3142 244.10286 244.10063 178.31197 71.74595 71.74995 108.435844 108.43185 आगे
503.58383 552.5206 552.521 503.5842 44.925613 44.92488 71.56089 71.56162 होइए
564.4626 595.61163 595.6119 564.4628 52.698814 52.69834 71.560234 71.56071 हम
