207.94815 238.13443 238.0763 207.89001 149.41692 149.51826 166.8329 166.73155 वह
512.9175 554.1599 551.3103 510.06787 117.770615 122.045425 149.5377 145.2629 पर
351.51758 394.78534 395.5786 352.31085 125.52514 123.817154 143.91202 145.62001 बना
76.19888 198.33032 198.32767 76.19622 10.84536 10.850807 70.63767 70.632225 साथ
421.67084 453.89154 455.6244 423.4037 135.72437 133.82028 163.1427 165.04678 भई
470.2184 507.19724 505.22025 468.24142 129.36758 133.21606 152.21252 148.36404 एक
204.84912 286.16122 286.20157 204.88947 5.3214235 5.2473793 49.550144 49.624187 गया
309.62012 333.91833 334.3368 310.03857 134.60645 133.64471 144.2172 145.17892 जान
203.92014 246.34576 246.33118 203.90555 83.95864 83.98397 108.43717 108.41184 यह
2.638235 23.768578 23.684008 2.5536654 115.323555 115.51156 125.0169 124.828896 कर
