246.6919 277.06128 277.14844 246.77905 238.48792 238.33392 255.52805 255.68204 इस
266.11728 412.9763 413.05453 266.19553 10.805851 10.683815 104.86519 104.98722 और
464.15482 497.81546 497.6749 464.01425 346.55963 346.7821 368.0468 367.82434 पर
395.74805 419.01416 418.98358 395.71747 259.39966 259.44965 273.6789 273.6289 पर
467.39825 503.49316 503.5271 467.4322 21.417482 21.366554 45.428764 45.47969 बहुत
468.49792 539.6456 539.66736 468.51965 54.287094 54.206078 73.26568 73.346695 आवश्यक
547.9198 561.9569 561.93933 547.9022 48.146133 48.155968 73.26613 73.256294 है
461.7604 493.94583 494.06198 461.87656 309.42834 309.22815 327.89734 328.09753 जब
116.57734 159.34659 159.36859 116.59934 81.72704 81.69343 109.67222 109.70583 और
116.60599 238.00476 238.0134 116.614624 124.28699 124.23163 143.20532 143.26068 आवश्यकता
