440.59082 503.80103 510.7079 447.49768 31.935816 15.694481 42.575645 58.81698 वह
438.96863 549.66907 558.96796 448.26752 77.71627 50.498177 88.31834 115.53643 झटके
444.5276 546.1884 553.80615 452.14532 131.5996 107.577194 139.81496 163.83736 अपने
15.965546 142.17723 154.02724 27.815552 393.1507 368.35297 428.66534 453.46307 चार
16.489017 130.92268 141.41325 26.979588 523.5739 502.8907 560.9317 581.6149 पार
482.53296 539.29126 543.48706 486.72876 174.45839 161.45302 179.76445 192.76982 पत्थर
2.253521 80.187454 90.30473 12.3708 461.72443 446.97546 500.43536 515.1843 रह
116.39253 181.95541 181.09984 115.536964 38.95555 40.943275 69.16284 67.17512 बनी
116.45889 185.74316 185.08264 115.79836 84.895584 87.32622 106.15436 103.723724 लगा
422.0315 521.4281 534.53577 435.13916 211.08426 189.61066 250.2832 271.7568 गई
102.82213 169.18727 175.06627 108.701126 471.2803 458.7651 489.9401 502.4553 जब
