131.92369 189.36427 189.5341 132.09352 8.673616 8.277424 32.89776 33.293953 स्तर
90.26343 144.75787 204.64758 150.15314 57.620445 31.850235 158.49484 184.26505 देश
222.70544 262.7898 258.85785 218.77348 354.02075 365.55823 379.21893 367.68146 होकर
267.726 303.37836 303.94318 268.29083 544.97437 544.1212 567.7239 568.577 पैर
79.18335 158.6908 180.08691 100.57947 396.50433 347.09882 381.53125 430.93677 और
93.53583 171.81473 186.52426 108.24536 464.79974 412.9178 435.11133 486.9933 गाय
28.61411 71.770424 79.113075 35.956764 78.89102 56.74147 71.04793 93.19748 पर
91.91077 128.85025 129.02103 92.08154 9.907682 9.651707 34.295555 34.551533 पर
77.55695 143.12854 155.66446 90.09286 307.43652 268.21362 289.17078 328.39368 और
84.15508 153.58836 163.0947 93.66142 343.9961 301.5865 317.15033 359.55994 मदद
