378.9923 417.8518 427.2621 388.4026 329.99088 304.50327 318.85056 344.33817 कर
375.1348 418.783 432.56735 388.91916 362.87357 334.5947 355.8707 384.14957 हरि
342.5661 384.86285 381.47638 339.17963 418.13885 421.89032 460.07166 456.3202 रहे
68.55096 118.13439 117.81849 68.235054 7.968033 8.6378975 32.021255 31.35139 मंच
279.90378 326.52377 319.97427 273.35428 430.9241 441.98788 469.58597 458.5222 एक
139.40053 173.76662 172.16164 137.79555 540.7182 543.9006 561.2327 558.05035 पर
281.86667 309.001 305.5038 278.36948 410.6998 417.0233 432.02982 425.70633 और
11.911049 50.522026 50.33455 11.723574 44.853943 45.265022 62.873474 62.462395 पर
68.056175 113.00663 112.790855 67.8404 45.540504 46.005554 66.86128 66.39623 यह
129.8891 180.04889 179.8634 129.70361 46.296646 46.83069 64.25255 63.718506 जरा
