258.36713 327.7732 329.6516 260.24554 410.85056 407.0096 440.95273 444.79367 चाय
148.60735 174.62267 177.46584 151.45052 132.0195 129.64203 160.7533 163.13077 वह
149.7698 205.25705 207.76868 152.28143 415.07208 411.27887 448.01923 451.81244 एक
170.94441 202.80067 202.95753 171.10127 332.4302 332.21268 355.18277 355.4003 बाद
102.84172 123.97302 93.48198 72.35068 384.6199 398.6356 444.60666 430.59097 तौर
69.31996 86.35071 63.726856 46.69611 436.07855 447.3341 481.5661 470.31055 पर
283.65054 314.08768 315.37686 284.93973 384.57785 382.92697 406.69522 408.3461 दूध
182.86795 248.33783 248.36105 182.89117 16.849525 16.806572 52.19552 52.238472 बकरी
187.05693 247.73305 247.77318 187.09706 67.16636 67.09722 102.32778 102.39692 उसमें
260.73453 329.72385 329.75363 260.7643 76.170784 76.09217 102.23437 102.31298 आकर
191.89519 236.99605 237.03615 191.93529 125.2816 125.209366 150.2548 150.32704 चरा
2.2735405 86.6922 88.97101 4.5523567 410.78497 406.35968 449.83105 454.25635 हर
28.911789 172.38277 172.50758 29.036606 6.9545426 6.780792 109.84928 110.02303 उसने
