155.5617 182.33075 182.2037 155.43466 134.3646 134.53976 153.95499 153.77982 सच
142.21053 209.38112 212.39842 145.22783 419.10397 414.46255 458.129 462.77042 गया
243.87689 283.25476 283.29083 243.91296 132.02539 131.9609 153.97946 154.04395 कहा
246.72589 280.6643 280.7077 246.76929 167.22946 167.16238 189.11157 189.17865 एक
290.64618 327.4261 327.485 290.70508 158.1708 158.09845 188.02313 188.09549 दिन
249.5659 309.4541 309.5047 249.6165 202.32178 202.1832 224.06332 224.2019 आएगा
255.99532 284.3295 285.34747 257.01328 397.71423 396.16284 414.75446 416.30585 पर
257.2893 303.4474 304.48785 258.32977 434.0478 431.44617 449.90643 452.50806 जमा
133.36969 156.76022 159.5159 136.12537 142.19945 140.03099 169.75569 171.92415 वह
123.38949 230.57697 230.62598 123.4385 4.905304 4.8201904 66.526855 66.61197 खोज
19.877518 86.03958 86.11833 19.956268 212.77786 212.63235 248.43866 248.58417 घुस
23.296211 95.20006 95.283806 23.37996 250.18819 250.00409 282.71893 282.903 सके
