426.98724 544.386 544.4168 427.01807 320.2298 320.13068 356.65027 356.7494 समस्त
425.99457 512.0569 512.0732 426.01086 374.54395 374.51953 431.8418 431.8662 ईश्वर
424.3452 568.82886 568.82043 424.33676 445.19107 445.21634 493.48227 493.457 रिआयत
421.44824 479.40295 479.37616 421.42145 525.42865 525.4692 563.8024 563.7619 हम
523.2579 569.5693 569.57196 523.26056 54.99969 54.99682 97.35736 97.36024 अपने
520.68835 572.7201 572.7208 520.6891 118.25149 118.25058 159.89185 159.89276 जीवन
476.73273 581.0107 580.9593 476.68134 519.6642 519.75073 581.6382 581.55164 हम
380.2708 430.5161 430.51996 380.27466 23.202667 23.198578 70.27042 70.274506 तरह
442.4955 479.82632 478.70383 441.37302 5.8758163 6.628395 62.30931 61.556732 की
241.52493 288.452 288.46957 241.54251 106.11267 106.08865 140.4592 140.48322 छह
7.356682 75.595345 75.59972 7.3610535 32.92499 32.917618 73.34125 73.348625 सब
9.660873 101.0245 101.02793 9.664307 93.07153 93.06557 145.64691 145.65288 कहते
