16.734581 44.693012 44.776237 16.817806 111.94094 111.878525 149.15414 149.21657 वह
17.087719 51.22116 50.975758 16.842318 171.41301 171.66502 204.90462 204.6526 एक
93.105934 120.88686 124.575676 96.79475 191.51268 189.62163 243.81343 245.70448 गई
230.65085 321.78848 322.29782 231.16019 424.19202 422.06226 443.85785 445.9876 याद
366.2687 393.91348 393.98605 366.34128 371.6324 371.50366 387.08698 387.2157 गए
50.60486 69.11195 68.97252 50.465424 134.49854 134.6001 160.00574 159.90417 घर
50.586296 80.19371 80.01205 50.40463 178.78545 179.01482 202.46498 202.23561 चला
444.77844 482.16772 479.85236 442.46307 8.934479 13.299421 33.132446 28.767504 पर
18.07021 58.234142 58.149418 17.985485 61.223526 61.29396 109.60156 109.53113 पर
103.648445 233.27628 233.88971 104.26188 417.9598 415.34274 445.72726 448.34433 हलाल
