10.977913 50.52204 52.826736 13.282608 214.00114 209.97878 232.63637 236.65874 पहलू
58.166725 118.54916 120.34896 59.96653 209.10048 202.93315 220.55443 226.72176 बदलकर
126.05105 158.59622 160.40182 127.85665 202.10953 198.78543 216.4635 219.7876 कहा
11.591547 40.359726 41.99115 13.222967 241.33147 238.45416 254.76564 257.64294 बात
292.6691 337.50485 336.87772 292.04196 536.43414 537.43695 565.47626 564.47345 हुआ
243.95078 318.6389 327.16702 252.47891 51.31617 38.14965 86.52604 99.69256 कह
178.62491 225.94186 209.0676 161.75064 332.2718 396.73608 409.12183 344.65753 इन
31.840557 107.78122 111.22829 35.287624 98.15484 89.78424 121.05717 129.42776 आया
29.006002 80.04702 83.97192 32.9309 167.41278 162.09875 199.79733 205.11136 इस
102.44476 184.40237 187.61325 105.65564 159.49454 150.91296 181.57803 190.1596 प्रकार
226.57108 266.68582 265.98163 225.86688 427.67117 430.42557 440.68155 437.92715 सबब
239.767 410.12943 418.1686 247.80618 108.82663 102.2872 311.72137 318.2608 तब
180.47186 212.10593 199.64865 168.01459 388.63184 430.41364 439.8454 398.0636 यह
10.79303 139.94878 144.54012 15.384369 361.18552 349.9066 402.4822 413.76114 इसका
10.821457 130.32326 133.79347 14.291672 440.8704 431.1085 473.58975 483.35165 जवाब
238.60825 290.21002 289.72983 238.12804 541.79645 542.9505 564.4216 563.2675 लाज
274.87482 318.21985 323.44977 280.10474 334.42328 327.60553 360.85565 367.6734 गए
