185.8777 240.74226 240.6313 185.76674 204.27805 204.52173 229.50546 229.26178 इस
298.0545 366.62732 357.77826 289.20544 185.86105 202.24527 239.28128 222.89706 तक
400.62778 426.88083 426.8743 400.62125 201.257 201.2704 214.06804 214.05464 पर
526.8274 590.1018 590.32556 527.05115 8.591772 8.231857 47.567856 47.92777 भर
324.72342 364.34183 364.3469 324.7285 19.314478 19.307083 46.45568 46.463074 पर
49.3518 97.154915 108.11436 60.31124 40.393703 34.022728 116.25427 122.62525 तक
298.00635 331.38354 331.3327 297.9555 234.5387 234.57172 285.9085 285.8755 रहे
550.8988 586.0216 586.08984 550.96704 62.81901 62.705673 83.85274 83.96608 घर
252.83589 303.8333 304.7658 253.76839 123.879074 121.34773 140.13396 142.6653 और
231.87082 314.8732 314.87894 231.87656 20.57397 20.564117 68.700516 68.71037 खेल
1.5041885 49.158348 57.087376 9.433218 73.00839 66.18587 121.5688 128.39133 सबसे
236.5911 274.6408 275.0877 237.03798 114.32716 112.20299 120.20813 122.332306 बात
440.01337 485.84772 485.85693 440.02258 5.719474 5.7052307 35.31376 35.328003 एक
440.06403 484.72968 484.73712 440.07147 47.676735 47.66857 88.46908 88.47724 पेड़
94.788414 164.80515 175.45581 105.43908 6.53933 -1.8448715 87.0993 95.4835 बहुत
