16.739285 75.72557 89.97258 30.986294 33.35092 25.265106 129.19754 137.28336 एक
178.24425 233.83925 233.7198 178.1248 201.80362 202.0357 230.64511 230.41302 उसने
303.5282 363.03674 355.39636 295.88782 239.45297 253.69919 285.61417 271.36795 रूप
251.6775 303.69482 303.69788 251.68056 40.301815 40.29466 62.523235 62.53039 जल
325.42978 368.77634 368.7805 325.43393 32.885204 32.879414 63.75011 63.7559 रही
80.98186 122.749176 122.88907 81.12175 21.943161 21.774094 56.33326 56.502327 आप
87.86939 125.21676 131.94705 94.59968 72.58388 67.77295 120.02034 124.83127 आगे
244.80487 292.185 292.88177 245.50165 118.39208 115.92706 129.31943 131.78445 तरह
369.2723 441.06802 441.07474 369.27902 9.439525 9.4255905 43.97118 43.985115 करने
121.88403 144.33188 148.8259 126.37805 9.989569 7.2109947 43.51777 46.296345 एक
128.38792 157.352 163.01897 134.05489 57.116924 53.57158 99.868454 103.4138 और
299.88266 354.28104 344.90097 290.5026 183.9419 196.93826 236.19995 223.20358 भेष
236.10568 297.60007 298.37534 236.88095 134.05525 131.08925 147.16237 150.12837 तरह
