345.12198 367.59 372.30746 349.83945 340.46542 332.9805 347.14133 354.62625 यह
350.48602 372.90875 379.5379 357.11517 356.482 349.03387 368.99115 376.43927 इसे
7.8862667 44.21151 44.228584 7.9033413 32.707138 32.682533 57.88823 57.912834 पर
31.769196 94.48869 98.94702 36.227524 124.918396 112.29013 134.43283 147.0611 सहाय
112.59573 139.10892 145.26492 118.75174 65.17712 60.248726 93.36613 98.29452 रही
191.72807 250.28246 250.21751 191.66313 520.6234 520.7571 549.21277 549.0791 अपने
384.97134 426.52713 425.74802 384.19223 457.529 460.37488 471.75183 468.90594 वह
389.338 428.23285 427.50085 388.60602 476.50702 479.34015 489.38965 486.55652 पर
112.21243 126.14418 126.217575 112.28583 59.302753 59.198692 69.024704 69.12876 पर
326.40182 341.90677 308.91263 293.40768 66.97876 87.11661 112.52017 92.382324 गई
189.93155 228.7085 228.50745 189.7305 447.41284 447.70947 473.99493 473.6983 बंद
