15.150711 65.31453 65.30429 15.140472 563.5289 563.5561 582.44574 582.4185 स्तर
80.570496 115.118576 115.108246 80.560165 563.46606 563.48486 582.47266 582.45386 पर
118.64652 160.79451 123.743416 81.59543 204.42264 224.5152 302.23697 282.1444 ओर
343.76657 420.5262 420.34366 343.584 491.1421 491.58307 523.3595 522.9185 हाथ
260.5771 354.00238 354.6407 261.2154 309.9953 307.81677 335.1897 337.36823 समय
261.24536 354.38477 354.77917 261.63977 356.94424 355.6011 382.95206 384.2952 समय
372.87695 426.5221 426.90564 373.2605 354.98334 354.19318 380.23212 381.02228 पर
260.6139 329.47632 329.82452 260.9621 394.27927 393.70877 435.74112 436.3116 कई
262.1637 332.23358 332.3553 262.2854 442.23416 441.99332 477.41177 477.65262 दफे
350.6352 410.19043 410.24573 350.6905 451.02478 450.92108 482.6718 482.7755 वह
169.51541 214.49768 214.46948 169.48721 562.887 562.9373 588.1463 588.096 वह
