10.961592 30.878551 18.57691 -1.3400493 240.23788 247.66147 280.66592 273.24234 गई
260.44016 286.56454 286.86307 260.73868 285.59308 284.89032 295.9875 296.69025 मय
137.15019 178.79286 176.82576 135.18309 264.5697 267.47076 295.7069 292.80585 पर
362.9451 404.38712 407.28726 365.84525 273.3778 269.26953 298.5246 302.63287 और
150.30594 194.21109 193.68628 149.78113 13.6603775 14.4207535 44.724136 43.96376 उसी
146.02867 193.19286 192.73503 145.57085 60.82045 61.66902 87.11534 86.26677 तरह
206.58066 257.09857 256.55807 206.04015 53.756325 54.662468 84.79554 83.8894 चली
146.6029 180.88477 177.97034 143.68848 86.16704 88.74872 127.448944 124.86726 गई
319.17322 352.33972 351.03833 317.87183 273.20938 275.73044 292.85098 290.32993 एक
239.17575 302.69745 301.87845 238.35675 89.986145 91.175156 134.92953 133.74052 बदबू
