249.17245 376.00076 376.45224 249.62393 261.71283 260.98474 339.6305 340.35858 लोग
15.265038 70.86278 70.74583 15.148088 509.70795 509.86786 550.53656 550.37665 रंज
283.74442 365.0753 400.3411 319.01022 447.19196 429.57404 592.37384 609.99176 गया
200.29721 245.65094 247.18341 201.82968 501.7636 499.53638 530.7424 532.9696 यह
201.8041 241.08757 242.51881 203.23534 549.15295 547.20276 576.0327 577.9829 पर
357.59845 400.7791 370.55316 327.3725 200.129 215.08337 302.3605 287.40613 हुए
4.241604 84.07886 84.09502 4.2577705 401.2343 401.1772 423.77136 423.8285 कल्पना
5.2216415 86.45691 86.418915 5.183645 432.67786 432.7672 467.31238 467.22302 रियासत
5.1614113 44.07125 44.030567 5.1207275 485.11057 485.18246 507.1981 507.1262 सब
276.58435 317.71606 317.34644 276.21472 410.80652 411.32898 440.43237 439.9099 आदमी
227.13107 376.34106 367.9894 218.77943 86.6669 129.98094 158.75098 115.436935 एक
33.52688 65.98491 65.862175 33.40415 554.27997 554.4565 577.029 576.8525 रत
310.6396 350.6532 350.25623 310.2426 405.03644 405.56305 435.72687 435.20026 उधर
355.49655 391.52786 401.23416 365.20285 396.30075 388.9326 436.39774 443.7659 जंगल
