7.9004364 88.34576 88.443375 7.9980545 333.80737 333.4173 353.54944 353.9395 पर
69.63906 127.82739 119.46157 61.273235 33.841698 50.981365 79.38292 62.24325 इस
82.33002 154.03645 148.15796 76.45152 84.090454 104.155106 125.16347 105.098816 सबब
8.616255 60.082153 60.714058 9.248159 120.861305 119.89749 153.63968 154.60349 घर
197.20787 232.69832 232.75114 197.2607 452.57715 452.50012 476.8354 476.9124 तरह
63.606766 135.64145 135.93633 63.90164 518.9256 518.09283 543.6015 544.43427 दिल
92.47626 145.77596 138.42978 85.13008 114.64569 129.09021 156.19733 141.7528 घर
177.5323 210.02455 210.42699 177.93474 393.64178 393.28046 429.4713 429.83264 इस
228.49295 270.77094 270.88187 228.60388 393.45383 393.298 423.39474 423.55057 तरह
13.086941 57.71333 57.80604 13.179653 529.693 529.35144 541.464 541.80554 इस
68.99935 123.17164 116.53727 62.364983 7.5258904 23.92924 45.83933 29.43598 एक
9.706429 85.90167 87.3983 11.203056 158.69353 157.01366 224.89674 226.57661 गई
16.65415 63.203087 63.34632 16.797384 517.2052 516.62683 528.1538 528.7322 कहा
