31.64418 222.10037 220.21402 29.757835 220.93793 224.91681 315.21063 311.23175 सकता
396.81985 448.7178 448.81027 396.91232 565.9332 565.76953 595.0836 595.2473 उसे
471.3265 534.1726 534.35754 471.51144 235.7377 235.2138 257.40155 257.92545 समय
471.3125 534.06683 534.19135 471.437 276.38638 276.03384 298.20065 298.5532 समय
551.0979 584.57446 584.69946 551.2229 275.8636 275.67554 297.91693 298.10498 पर
471.26755 515.7268 515.8157 471.35648 309.26807 309.14886 342.32867 342.44788 कई
471.2825 517.90845 517.9142 471.28818 349.8501 349.84125 379.67975 379.6886 दफे
534.9909 573.97577 573.97845 534.9936 357.49048 357.48596 380.77795 380.78247 वह
66.93171 119.2185 106.94579 54.659004 7.1737022 25.652145 60.37911 41.900665 हुआ
69.920166 104.3401 106.857346 72.43741 39.927906 38.27742 90.7729 92.423386 और
115.892975 157.77829 148.68958 106.80425 67.837776 82.40162 108.54063 93.97678 एक
157.74663 230.12761 216.58565 144.20467 72.72867 97.83706 136.87503 111.76664 मुहरबंद
26.974426 174.27219 173.7871 26.489336 330.53128 331.67172 394.3267 393.18625 पर
448.79645 491.11914 491.24036 448.91766 576.35284 576.0805 594.9191 595.19147 पड़
7.439519 34.690357 38.17505 10.924211 17.429947 15.304268 59.977364 62.103043 वह
144.95439 208.36678 207.6844 144.27202 203.76707 205.24248 234.57106 233.09566 एक
493.6342 559.2611 559.6653 494.03836 191.36447 190.702 230.73917 231.40164 वंश
