256.17755 289.48535 295.0036 261.6958 222.84015 212.75784 230.98776 241.07007 यह
319.77966 389.81506 391.75677 321.72137 108.88538 104.773544 137.84598 141.95782 पर
97.12285 151.15076 156.98814 102.96024 307.94662 296.9122 325.4938 336.52823 घर
14.766102 60.84855 56.94627 10.863825 283.00397 288.37775 321.84137 316.4676 लोग
208.16795 255.00017 253.045 206.21278 4.177471 7.26585 36.9141 33.82572 रहा
70.32278 209.59143 213.587 74.31835 54.74316 47.4153 123.352936 130.6808 गए
338.0548 393.30115 392.0777 336.83136 310.48816 315.4978 328.99017 323.98053 कुछ
3.2916527 52.083424 49.692314 0.9005424 364.4809 369.87823 391.4939 386.09656 इस
260.3131 306.07947 307.40204 261.63568 99.453125 97.0069 121.75133 124.197556 धूप
62.90252 107.829414 113.69929 68.77239 319.25293 310.05225 338.71478 347.91547 तुम
503.7476 549.813 550.552 504.4866 180.54854 178.99309 200.88078 202.43623 उस
