274.75623 323.01062 324.05127 275.79688 303.107 299.80365 315.00507 318.3084 जब
416.23688 492.17346 494.62494 418.68835 115.44115 93.12099 101.461334 123.781494 पाठ
130.71234 152.57593 155.43512 133.57153 14.670659 12.982204 50.00552 51.693974 ऐसे
133.76175 186.06155 186.26358 133.96378 52.467354 52.195824 91.10874 91.38027 खुशदिल
276.11716 351.56442 351.68484 276.23758 370.3411 370.00717 397.22238 397.5563 आप
368.27844 451.75568 451.87415 368.3969 369.93326 369.5638 396.33255 396.702 अगर
359.15457 403.47726 404.76498 360.4423 333.44778 330.7457 351.86874 354.57083 यह
287.0729 320.00638 321.42746 288.494 325.72678 323.1771 341.53256 344.08224 दूर
262.80518 341.65967 341.93286 263.07837 41.213947 40.80433 93.39244 93.802055 जरूर
200.46645 280.9323 281.2984 200.83253 368.89847 368.06503 403.40897 404.2424 प्रदान
426.9978 495.7746 498.88568 430.1089 122.77674 102.45737 112.98765 133.30702 एक
193.31834 254.9058 259.30035 197.7129 29.764717 25.989601 97.68258 101.457695 केवल
