116.07582 133.76598 134.79811 117.107956 100.47439 99.83647 128.4585 129.0964 की
143.06784 174.54443 174.5138 143.0372 108.47107 108.51488 130.53545 130.49164 खबर
117.63512 138.43205 139.52074 118.7238 143.71536 142.9654 173.1554 173.90536 सुन
324.2818 372.95905 367.53333 318.85608 125.18527 133.98337 164.00217 155.20407 हर
391.68973 451.31058 445.7396 386.11874 137.54944 148.32022 179.15796 168.38718 एक
324.54214 440.42892 434.46725 318.58047 175.59926 196.00145 229.86452 209.46233 अनुसार
39.698067 120.24033 122.78338 42.24111 21.47863 19.603561 128.83914 130.7142 वह
158.72948 312.7481 312.75146 158.7328 21.475004 21.470337 131.18042 131.18509 सड़क
50.956757 86.84006 88.0999 52.2166 168.46587 167.58284 218.77779 219.66081 इन
360.3891 436.03864 430.96863 355.3191 61.75241 75.90384 103.00662 88.855194 पहला
361.9577 416.82874 412.60785 357.73682 106.88051 116.95207 139.94798 129.87642 शब्द
