182.54594 217.01772 202.48119 168.00941 313.95856 342.64105 360.11163 331.42914 पर
539.50604 569.58075 567.01483 536.9401 18.479286 20.457489 59.467247 57.489044 वह
20.95788 66.129005 128.33412 83.163 26.12847 -5.739395 82.4333 114.30116 और
63.636475 130.80176 138.0628 70.89752 271.7849 257.2644 290.85083 305.37134 इसी
6.0966415 46.996307 45.367966 4.468299 278.18643 280.16818 313.7739 311.79214 इसी
530.42786 592.0635 586.8878 525.2522 65.43576 69.4086 149.7045 145.73166 सब
170.02306 297.93695 301.09424 173.18034 143.2203 130.84229 163.46948 175.8475 गया
14.426731 56.761917 45.190983 2.8557982 155.88266 209.03555 218.25156 165.09866 भर
574.86993 594.9493 593.02924 572.9499 37.964027 39.446087 65.46005 63.977993 घर
6.93359 39.065285 30.530254 -1.6014395 183.48021 223.63585 230.46541 190.30977 वह
