9.196116 39.30102 78.034355 47.929447 58.591347 36.866936 90.5422 112.26661 वह
68.50083 95.589966 85.532875 58.443737 184.29839 192.23009 226.57811 218.64641 रात
382.65036 452.1946 452.2958 382.75156 92.75269 92.59828 138.18103 138.33543 नागर
77.74735 132.75769 132.78308 77.77273 316.55878 316.52478 357.6029 357.6369 धरती
63.19835 89.25786 79.60072 53.541218 150.81468 158.34505 191.76439 184.23402 कर
40.416405 78.569534 78.61819 40.465057 340.628 340.5636 369.39923 369.46362 रूप
16.770847 48.204437 41.704975 10.271385 166.27625 205.70508 210.8866 171.45776 जब
64.608116 123.26885 128.49323 69.83248 280.00317 267.33447 291.5252 304.1939 तक
91.16717 122.60755 120.89472 89.45434 202.44554 205.00356 226.05592 223.49791 उध्दार
317.85425 368.39172 368.41083 317.87335 20.065907 20.04528 66.90082 66.92144 गला
128.20813 152.62286 160.30542 135.89069 337.30618 332.0325 367.59927 372.87296 यह
