165.54443 262.59143 257.34192 160.29492 303.06885 316.96143 353.63208 339.7395 साथ
86.72302 145.07318 141.15823 82.808075 20.667961 29.978645 54.51365 45.202965 जिद
69.11868 97.48923 98.69754 70.326996 215.9873 213.86365 230.00592 232.12958 एक
205.51672 255.46027 255.42978 205.48624 378.9305 378.99124 404.04874 403.988 गए
61.91209 130.09807 130.35356 62.167583 152.3541 151.60532 174.87088 175.61966 कम
198.13745 263.7642 261.47763 195.85089 274.31717 284.37082 299.29678 289.24313 मन
127.8775 176.39569 173.70395 125.18575 308.71228 315.55542 334.64 327.79688 लाए
258.37787 334.4474 332.44128 256.37177 285.4194 297.07285 310.16806 298.51462 समझता
146.52908 192.83636 190.42453 144.11725 30.103054 37.42837 52.674854 45.349537 जब
257.6765 299.81213 299.77856 257.64294 381.91257 381.97116 406.11203 406.05344 और
