25.562372 82.67693 83.81282 26.69826 210.59209 208.80821 245.17632 246.96019 और
255.3396 306.52368 306.6665 255.48242 136.0281 135.82196 171.27579 171.48193 उसी
153.57578 214.70752 210.19437 149.06262 483.55988 490.22748 531.60626 524.93866 एक
178.99524 237.10461 237.84607 179.7367 206.7254 204.90213 228.53265 230.35593 सकते
258.56183 314.35028 314.45087 258.6624 96.763306 96.59192 129.32983 129.50122 कम
330.95026 406.71606 406.81647 331.05066 96.59491 96.36218 129.04611 129.27884 समय
168.3758 216.54507 212.91049 164.74121 523.0295 528.15155 562.33185 557.2098 सभी
502.05035 549.4387 546.0771 498.68875 370.2147 373.91574 416.9575 413.25644 कई
201.37198 263.75024 270.13882 207.76056 4.743392 -0.12586975 81.7159 86.58516 गई
507.87384 545.4828 544.06354 506.45462 418.77478 421.7209 439.83826 436.89215 सब
