324.86478 399.66013 399.6727 324.87735 287.80667 287.77304 315.7109 315.74454 समय
68.388824 213.83035 213.8757 68.43417 9.834827 9.660156 47.420918 47.59559 समय
227.42453 312.81522 312.86038 227.4697 9.780029 9.677475 47.302032 47.404587 नष्ट
326.7995 473.9568 474.0019 326.8446 9.745792 9.569057 47.10851 47.285244 करना
488.21643 579.4226 579.4252 488.219 217.28687 217.2796 249.62189 249.62915 पालन
100.90419 135.77235 133.96202 99.09386 155.78284 158.7757 179.86673 176.87387 वह
226.074 333.53287 333.72574 226.26688 77.67434 77.325806 136.79117 137.1397 अपना
178.04608 222.54965 224.60278 180.09921 158.11345 153.7838 174.88744 179.21709 सब
62.622623 106.59221 107.233795 63.26421 87.16012 85.807915 106.670494 108.0227 घर
304.59702 355.0375 355.06522 304.62473 319.1268 319.06448 341.4832 341.5455 तक
274.45303 306.72287 306.8242 274.55435 136.9834 136.85931 163.20801 163.33209 उसे
