475.26404 513.3831 511.77533 473.65625 258.72574 261.874 281.34085 278.1926 वह
486.33325 530.30176 528.5469 484.57837 301.46588 305.0241 326.70874 323.1505 एक
424.94385 474.34888 474.39697 424.99194 4.930315 4.853836 35.909187 35.985664 और
72.97264 135.7616 131.1284 68.33944 283.70438 293.3361 323.53976 313.90805 उस
168.1288 239.6678 235.04381 163.5048 298.36267 309.33667 339.48022 328.50623 तत्व
228.06018 271.0135 259.10553 216.15224 17.67968 34.17489 65.182976 48.687767 पर
154.27122 192.94505 193.6527 154.97887 29.474348 28.234257 50.303246 51.54334 वह
158.62096 191.17488 191.28508 158.73116 90.13979 89.959496 109.8543 110.0346 इस
212.49493 239.70547 230.9917 203.78116 118.300064 125.600296 158.0796 150.77937 रही
202.98027 235.88643 225.22176 192.3156 153.76454 166.52632 194.02507 181.26329 मौन
