417.42755 505.16083 504.43976 416.70648 106.15651 106.732925 216.48924 215.91283 पर
171.23463 220.5287 218.98656 169.69249 42.385498 44.951546 74.576355 72.01031 बाहर
181.45255 215.18356 224.3237 190.59268 92.1898 85.65979 132.87347 139.40347 चली
98.42771 145.70773 145.77603 98.495995 121.612465 121.456375 142.13953 142.29561 उखाड़
100.17916 128.47647 128.5476 100.2503 148.89107 148.78236 167.30235 167.41106 यह
179.04356 250.14308 248.33931 177.23979 148.14671 151.11635 194.30275 191.33311 जलवायु
505.10776 599.0847 601.1332 507.15622 76.80026 74.07303 144.66168 147.38892 इसके
503.77548 563.6719 564.94995 505.05356 184.76006 182.99452 226.35533 228.12086 चार
213.35289 242.48888 241.40044 212.26445 44.42639 45.966354 66.55939 65.019424 जब
245.63783 270.53973 276.44342 251.54152 46.19065 41.886795 76.04504 80.34889 कुछ
220.11546 247.60283 246.59853 219.11116 79.72369 81.09423 101.23621 99.86567 धन
250.81927 284.4533 283.45166 249.81763 81.30843 82.985466 103.07375 101.39672 जमा
