286.96436 307.69128 307.66425 286.93732 65.1586 65.20366 77.65341 77.60835 सर
285.3614 310.21655 310.18048 285.32532 88.66348 88.7357 101.14334 101.07112 तक
318.01215 350.69604 350.6435 317.9596 83.08685 83.18182 101.260925 101.165955 लपेट
134.99051 178.80713 178.81076 134.99414 155.28914 155.28185 177.13405 177.14134 हम
10.077385 92.58263 98.8922 16.386955 41.06448 32.794724 95.74368 104.01344 और
449.4732 516.26025 515.0634 448.27634 168.55106 170.82571 205.96725 203.6926 कभी
394.4176 457.1408 455.93567 393.21246 43.004013 44.109833 112.46799 111.36217 पर
104.71643 186.1677 186.14151 104.69025 265.67407 265.74792 294.6117 294.53784 कर
333.7958 369.16092 369.14767 333.78256 5.684599 5.7061634 27.470503 27.448938 कर
330.2472 365.91376 365.8526 330.18604 48.616898 48.693695 77.09989 77.023094 चूर
23.004751 68.86739 70.53893 24.67629 109.91341 105.400406 122.38713 126.90013 उनकी
23.123798 67.016556 68.757034 24.86427 133.58455 129.34923 147.38655 151.62187 कमाई
513.94257 568.757 567.94464 513.1302 195.2087 197.03777 221.38191 219.55284 उस
537.2625 559.0533 557.98505 536.1943 51.150406 52.015778 78.9133 78.04793 बीच
241.93097 336.2572 336.2425 241.91626 273.0228 273.08286 296.16397 296.1039 बसाकर
327.3608 367.25247 367.15982 327.26816 145.417 145.61147 164.62117 164.42671 कर
