148.59076 254.13364 254.17941 148.63654 13.714778 13.650246 88.49282 88.55735 और
6.5191803 56.158924 53.152794 3.5130491 76.83664 85.26668 102.968094 94.538055 कर
69.43961 127.05918 123.64472 66.025154 87.52203 97.307236 117.41307 107.62787 एक
173.0915 204.21663 208.03584 176.91072 298.13968 292.46268 313.40225 319.07925 पर
13.137451 59.030052 60.005585 14.112984 172.86192 170.62419 190.63097 192.8687 इस
273.8928 311.22604 321.65158 284.31833 99.40792 69.7067 82.811226 112.51244 जब
12.22868 55.012783 52.186344 9.40224 56.120377 63.26039 80.19687 73.056854 यह
11.846186 54.42273 59.047005 16.47046 131.25964 120.595245 139.05716 149.72156 पर
11.630817 59.943485 60.50559 12.192921 196.76395 194.63199 207.36996 209.50192 बदन
118.60315 171.76959 171.78009 118.61365 12.721464 12.697453 35.957047 35.98106 रात
62.373695 124.89373 120.34484 57.824806 53.894363 64.23883 91.73143 81.38696 यह
