165.44762 211.64738 211.66441 165.46465 5.2026744 5.171604 30.47602 30.507092 मन
165.8344 273.0766 273.08984 165.84761 48.29444 48.255516 84.65209 84.69102 पछताते
309.67108 362.79883 364.5954 311.46765 281.1078 274.52594 289.02765 295.6095 आप
10.111275 64.11912 65.15937 11.151527 168.20396 165.51076 186.37126 189.06447 गए
212.3183 261.50964 261.5241 212.33276 8.4113035 8.379368 30.646133 30.67807 लग
281.5356 325.7534 325.7692 281.55142 8.366364 8.337654 32.647636 32.676346 रहा
364.4378 409.4939 411.12384 366.06775 269.6619 264.04825 277.13022 282.74387 पास
154.19276 204.57106 193.74904 143.37074 242.82968 261.6747 290.6052 271.76016 पर
18.174269 60.976433 61.87693 19.074766 190.84322 188.98265 209.6985 211.55907 रहा
61.786285 107.997086 108.01668 61.805878 5.8792887 5.8484116 35.170715 35.20159 कुछ
127.00964 164.15353 164.16638 127.02249 5.8357086 5.81089 25.037212 25.06203 बच
