16.029057 50.794033 51.554836 16.78986 10.975935 9.587557 28.638086 30.026464 पर
182.51201 226.53102 226.51027 182.49126 4.991684 5.023243 33.963234 33.931675 और
181.24295 232.72601 232.70459 181.22153 46.996452 47.050682 67.39272 67.33849 साथ
357.71558 410.38647 410.39807 357.72717 139.8072 139.77159 156.96507 157.00069 आशा
217.67125 274.77704 275.32617 218.22038 120.23662 119.41249 157.4634 158.28752 कर
285.49844 380.28372 377.20822 282.42294 19.72734 25.892014 73.17967 67.015 बात
330.73746 393.51083 391.96945 329.19608 82.03938 85.801834 111.5188 107.75635 साथ
202.11203 239.60983 239.56381 202.06601 167.48383 167.56882 187.87082 187.78583 कर
259.89288 322.12183 322.0758 259.84686 167.60298 167.744 188.05782 187.9168 अलग
55.530815 93.881195 93.78547 55.435093 111.75513 111.95499 130.32109 130.12123 तरह
