226.01273 317.9899 317.81583 225.83865 27.52732 27.955482 65.34988 64.921715 उपाय
233.6847 304.14014 304.1247 233.66927 88.13248 88.155914 134.52065 134.49721 एक
267.82956 318.17587 318.17038 267.82407 289.752 289.76428 312.15704 312.14478 इधर
134.86577 194.16795 207.16731 147.86513 92.39358 66.21052 95.65284 121.8359 घर
4.2685013 86.21326 66.0798 -15.864949 245.5781 274.73404 331.32053 302.16458 वह
18.498745 113.48221 113.9729 18.989437 19.19219 17.98484 56.587547 57.7949 आधार
202.45802 225.54375 225.7387 202.65297 194.29042 193.91127 205.7801 206.15926 मन
204.14783 252.01065 252.2781 204.41528 208.71532 207.97292 225.2159 225.9583 पछताते
131.46014 176.41617 185.65305 140.69702 54.771606 35.213623 56.44551 76.003494 वह
62.28644 105.71744 106.11804 62.687046 152.36746 151.73941 179.44162 180.06967 बहुत
275.22946 330.75357 331.1235 275.5994 198.06749 197.16344 219.88264 220.7867 जरा
245.83139 290.90643 290.83975 245.7647 65.63588 65.78888 85.43318 85.28018 बाद
