5.2024918 57.28899 56.48591 4.3994102 42.813644 44.926956 64.7204 62.607086 जान
77.87956 139.74643 133.04533 71.178474 76.19507 94.16911 117.234314 99.26027 जाए
73.33905 136.1158 126.07178 63.295025 113.77835 132.22845 166.40338 147.95328 ईश्वर
68.93743 133.4014 124.82375 60.359787 161.14622 180.3643 209.13667 189.9186 आगे
85.76976 130.77197 130.24033 85.23811 220.46155 221.69016 241.16327 239.93466 साथ
4.500759 55.310886 55.26769 4.45756 140.85605 140.96243 161.59763 161.49124 बाल
4.5306606 50.484634 50.48816 4.5341854 183.33385 183.326 204.0143 204.02214 एक
282.56516 356.83786 362.86044 288.58774 54.127823 44.2688 89.639694 99.49872 इसे
380.31552 467.50687 471.21866 384.0273 53.590294 42.101112 70.26986 81.75904 एक
18.722843 55.86351 55.76125 18.620584 95.62851 95.7901 119.29257 119.13098 पर
22.730625 60.225166 59.38123 21.886686 18.858826 20.545982 39.301292 37.614136 पहर
451.57455 569.25323 574.28516 456.6065 86.24031 71.118 110.27557 125.39789 जगह
468.5713 583.6146 589.9219 474.87854 146.5394 132.31317 183.3183 197.54453 मधुर
