143.50774 169.5937 164.69423 138.60826 378.47903 385.1329 404.3409 397.68704 गेट
315.01202 349.80487 347.9837 313.19086 202.82356 205.53178 228.9287 226.22047 आता
4.768013 51.657867 51.573753 4.6838994 97.3132 97.525024 116.14418 115.93236 नाच
5.865589 49.885254 49.816837 5.797173 128.49248 128.5883 160.01686 159.92104 हुआ
4.8139076 58.5484 58.528057 4.7935634 161.68864 161.74712 180.43922 180.38075 तरफ
5.912779 44.055862 44.07144 5.928358 188.06125 188.03714 212.6742 212.6983 लगे
292.28967 327.23254 327.2367 292.29382 8.749519 8.741112 26.00261 26.011017 कर
170.64003 224.02663 216.84923 163.46263 379.45886 393.13263 421.15552 407.48175 एक
234.94186 304.64902 297.87784 228.17068 395.92834 413.78217 440.21906 422.36523 कदम
99.62758 141.6605 141.24765 99.21472 224.07819 225.22314 240.37958 239.23462 मण्डली
6.178547 61.207333 60.320347 5.2915597 39.882084 42.124126 63.894337 61.652294 कारण
278.2656 318.51584 316.24582 275.99557 204.89088 207.98769 237.49165 234.39485 डरता
-0.5423355 58.35971 62.763657 3.8616104 270.91888 265.01086 308.91736 314.82538 रोक
13.978569 59.396847 58.421852 13.003574 16.454807 18.49078 40.240856 38.204884 करते
343.6523 360.89456 366.62955 349.3873 212.5597 209.2305 238.93265 242.26184 पर
