43.07203 88.79966 88.716255 42.988625 332.14124 332.25073 367.08014 366.97064 अब
69.7155 167.40387 167.11633 69.427956 9.509533 10.2110405 50.253902 49.552395 इतना
74.753235 124.21863 96.68646 47.221066 35.4386 54.102463 127.07182 108.40796 खेद
126.68602 193.61215 193.07014 126.144005 68.28407 69.28435 105.55028 104.55 कर
127.67165 158.06744 167.56195 137.16617 334.56857 329.50204 386.46255 391.52908 हुए
205.03885 281.83383 281.46948 204.6745 9.776527 10.384758 56.3861 55.77787 ओर
177.36258 248.71893 242.36877 171.01242 130.7036 141.2296 184.27763 173.75163 पर
82.58235 122.166306 131.60301 92.01906 341.03363 333.91418 386.38202 393.50146 चले
383.9089 447.04648 446.87442 383.73685 6.982666 7.3237076 39.18138 38.84034 उनसे
451.5412 519.82776 519.7913 451.5048 8.433548 8.516701 38.414017 38.330864 अपनी
