367.545 431.31094 431.30124 367.5353 9.943226 9.9692 33.835583 33.80961 साथ
65.82193 185.7136 194.85165 74.96 239.41061 208.67319 244.31635 275.05377 साथ
397.25476 422.87445 453.2796 427.6599 402.4123 386.49915 435.4505 451.36365 हुआ
192.83386 259.297 255.31964 188.8565 69.55015 81.91581 103.2933 90.927635 यह
191.71799 264.27542 258.5986 186.04117 104.71954 117.55145 149.65073 136.81882 देश
443.9836 490.8488 490.8306 443.96542 12.746761 12.776947 41.01723 40.987045 वह
514.22125 573.4295 573.4145 514.20624 12.7190895 12.752975 38.896404 38.86252 बात
452.85233 499.62473 499.36026 452.58786 401.97186 402.47742 426.94598 426.44043 हम
245.70908 350.12405 341.55478 237.1398 263.0849 290.8167 323.08154 295.34973 औरत
174.65591 224.70465 228.55402 178.50528 225.0021 212.01816 226.85614 239.84009 तक
523.5125 564.2741 564.06744 523.30585 402.7356 403.1762 422.29132 421.8507 आज
541.0541 592.8424 593.8373 542.04895 296.60513 292.02896 303.28732 307.8635 बात
