62.681618 119.017395 116.89803 60.562252 1.071621 7.035454 27.055466 21.091633 नजदीक
437.891 513.86414 509.05048 433.07733 123.368546 134.35497 167.6421 156.65569 बदला
408.917 473.64032 471.99115 407.26782 58.80655 62.138123 94.17673 90.84515 बस
198.70795 263.73932 259.46625 194.43486 42.308884 54.76126 77.07707 64.624695 हद
440.75586 522.45056 522.42395 440.72925 9.871639 9.934212 44.72558 44.663006 तस्वीर
544.7815 587.75635 587.84216 544.8673 240.92476 240.71472 258.27875 258.4888 उन
268.56537 334.00256 333.64105 268.20386 398.90942 399.6313 432.40472 431.68286 भर
353.56876 434.60403 434.58176 353.54648 4.480789 4.5312347 40.33184 40.281395 आया
449.44147 514.8169 514.61847 449.24304 418.34744 418.82272 446.11282 445.63754 काम
532.925 596.64166 596.31854 532.60187 410.91266 411.4884 447.2506 446.67487 लगी
