9.732822 83.39703 85.93489 12.270672 129.99786 125.90468 171.578 175.67119 भर
377.833 438.7063 459.84863 398.97534 284.92767 249.83252 286.50433 321.5995 उसी
287.3604 305.59113 304.88098 286.65027 24.43813 24.866718 55.07472 54.64613 ने
314.5802 366.81952 366.80402 314.5647 32.59698 32.633663 54.702427 54.665745 आकर
285.74377 346.86426 346.84137 285.7209 72.24064 72.304436 94.23951 94.17571 सलाम
284.8374 331.8639 331.82312 284.79663 104.02396 104.089005 133.55804 133.493 करने
98.49043 134.02051 132.78516 97.25508 21.918755 23.96054 45.457397 43.41561 यह
9.274788 76.81263 79.13822 11.60038 52.042915 47.637993 83.29482 87.699745 जॉन
319.6449 376.9895 387.83063 330.48602 338.5289 305.47214 324.2786 357.33536 करना
395.4351 438.02414 438.00754 395.4185 7.8463135 7.869972 37.754883 37.731224 की
453.16846 519.03613 519.0238 453.15613 15.61451 15.651112 37.799904 37.7633 तरफ
30.853043 78.068954 77.84793 30.632019 5.2866516 5.488678 57.145927 56.9439 रहे
