532.2163 582.6045 595.0762 544.688 49.148453 29.14299 60.555603 80.561066 आज
311.80862 358.14194 358.16617 311.83286 249.7322 249.69382 278.9605 278.99887 गया
383.27823 407.9479 403.44064 378.77097 260.22906 264.09357 292.8667 289.0022 सब
79.44839 128.36462 126.14887 77.23263 164.24968 167.00835 206.29765 203.53899 और
196.67496 227.45581 226.14282 195.36197 132.15152 134.85706 149.79486 147.08932 जब
238.37616 274.96606 273.65387 237.06396 135.81696 139.03305 153.96191 150.74582 आप
193.1991 234.9573 233.64719 191.88898 160.19778 163.85126 178.82571 175.17224 प्रकट
467.69778 515.94226 526.2224 477.97787 79.589935 60.433685 86.32387 105.48012 समझ
143.13962 178.76636 176.5404 140.91367 220.79016 223.87405 249.5893 246.5054 और
7.7921867 40.84128 45.4397 12.390606 185.87036 176.69461 193.25714 202.43289 यह
59.44358 105.04672 103.725746 58.12261 205.37961 208.14337 229.94006 227.1763 लगा
119.61551 158.45999 156.29385 117.44938 123.60661 127.0219 151.65892 148.24364 पर
