64.00682 140.6429 137.29787 60.661785 156.19568 160.46283 220.53842 216.27127 और
146.51071 198.6661 195.20517 143.04977 203.2478 207.77576 247.64081 243.11285 पड़
201.56766 349.11163 348.3135 200.76952 4.043236 5.0325623 124.06367 123.07434 सदस्य
511.6557 545.6317 545.2518 511.27573 147.4879 147.87987 180.81566 180.42369 पर
58.507187 89.4254 88.62219 57.70398 157.93962 159.66747 174.04005 172.31221 हमदर्द
173.69348 199.46225 198.14856 172.37979 127.29921 129.56523 144.50435 142.23833 भरा
168.88196 199.1925 197.18707 166.87653 155.94087 158.59367 181.50737 178.85457 हुआ
166.5328 199.9332 198.70236 165.30197 184.87054 187.77985 201.91052 199.00122 थाल
21.380737 151.81766 151.35225 20.915321 18.73378 19.465271 102.455444 101.72395 अनुमान
511.57394 536.88745 536.937 511.6235 180.86594 180.81882 207.44882 207.49594 उसे
510.91217 546.6784 546.48016 510.71393 217.46997 217.811 238.60703 238.26599 अदब
235.27759 297.04462 293.48944 231.72243 133.77586 139.20653 179.64201 174.21135 सिर
523.2531 545.44574 545.1934 523.0008 125.65431 125.93733 145.7177 145.43468 यह
