362.82843 390.16327 390.42712 363.0923 106.957535 106.48845 121.86276 122.33185 उन
362.86063 388.11124 388.35184 363.10123 134.73334 134.38324 151.73459 152.08469 पर
505.78162 568.21124 568.0487 505.61908 262.95532 263.2464 298.10284 297.81177 एक
448.50397 482.2774 482.3506 448.57715 122.85761 122.749374 145.58823 145.69646 वह
447.6266 477.6046 477.7834 447.80536 159.43008 159.15921 178.9443 179.21518 पर
73.74116 140.89612 145.96317 78.808205 240.34737 230.35477 264.40765 274.40027 रस
261.74805 385.67554 384.80853 260.88104 257.50284 262.44577 284.18332 279.2404 घर
448.65472 483.1773 483.17786 448.65527 102.96181 102.96071 120.574615 120.575714 बाद
241.10217 256.25925 241.97598 226.81891 158.0359 169.55446 188.3496 176.83104 वही
499.33063 536.00006 536.60455 499.93512 98.2508 97.15397 117.36164 118.45847 यह
499.2363 532.0062 532.6725 499.90256 141.96715 140.83156 160.05952 161.19511 पर
