140.93503 234.25998 232.55728 139.23233 417.76218 422.12173 458.5717 454.21213 ऊपर
226.70938 313.03622 315.32706 229.00021 51.85463 44.146103 69.80056 77.50909 ओमवीर
328.95145 394.02884 395.65756 330.58017 50.198868 44.387802 62.627487 68.43855 उठकर
16.249214 137.8783 125.125694 3.4966078 368.1892 393.67145 454.5407 429.05847 लोग
103.451866 130.63614 104.04824 76.863976 32.877228 52.718147 89.14654 69.30562 बस
11.499481 109.790245 109.878235 11.587471 555.7565 555.54675 596.78284 596.99255 उसने
411.7729 499.63733 501.98834 414.1239 57.55048 54.111732 114.18259 117.62133 मत
258.73422 300.87827 302.6531 260.50906 76.301834 72.59259 92.75818 96.46742 लग
15.838806 60.81359 55.919426 10.944643 350.17947 359.98624 382.43143 372.62466 डर
141.66806 161.83203 140.23618 120.07221 48.074387 63.159843 92.02591 76.94045 वह
124.111084 166.81543 166.83673 124.132385 575.05115 574.9968 591.76575 591.82007 रूप
159.70732 232.1584 230.1555 157.70442 369.66302 373.60095 410.4511 406.51318 यह
87.91179 141.48291 135.99747 82.42635 375.01395 386.59805 411.96567 400.38156 एक
