57.229202 159.80556 152.0006 49.424236 460.36926 485.72116 517.3009 491.949 बात
201.91724 270.12256 262.5852 194.37988 496.1292 512.98627 543.4831 526.62604 पर
249.25461 294.46988 295.02182 249.80655 416.9537 415.8353 438.15 439.2684 अब
237.50034 286.41537 287.14627 238.23123 461.69717 460.11606 482.72757 484.3087 तक
165.71257 250.62172 248.35115 163.442 368.33447 372.97137 414.54926 409.91235 फैशन
144.50578 211.8665 210.5814 143.22069 436.36023 439.3136 468.62433 465.67096 साथ
22.79454 92.40876 92.44856 22.834343 554.8084 554.73175 590.8686 590.94525 आने
9.4474945 155.6639 154.15752 7.941114 117.35872 119.85945 207.93645 205.43571 आज
558.0721 589.22455 592.00214 560.8497 261.8382 254.70184 266.82666 273.963 रख
218.77551 266.76404 263.4886 215.50006 535.2128 546.66034 560.3912 548.94366 अगर
213.45749 253.04138 248.2951 208.71121 550.9064 560.1837 580.4348 571.1575 और
266.05368 317.3657 312.18326 260.87125 563.9867 576.0032 598.1328 586.11633 ईसाई
255.81036 382.80145 385.28082 258.28973 52.796444 41.499992 69.37215 80.6686 अचानक
101.84432 146.94763 146.97485 101.87156 566.1027 566.05304 590.8084 590.8581 और
18.42812 38.6705 38.510185 18.267805 117.77783 117.96513 135.2901 135.1028 पर
553.555 596.7902 601.5811 558.3459 196.46365 186.05927 205.96762 216.37201 यह
46.835022 129.00381 120.7518 38.583008 495.63007 515.2033 549.8453 530.27203 रख
339.79584 367.61005 369.01312 341.1989 75.538895 73.09436 89.05879 91.50333 रही
148.41241 184.51126 184.54639 148.44754 575.0913 575.02673 594.67126 594.73584 और
