497.45132 531.10913 531.67456 498.01675 109.0273 107.98143 126.178604 127.22447 कर
497.15683 536.1013 536.933 497.9885 138.18977 136.85649 161.14882 162.4821 खूब
171.19087 216.33412 215.32478 170.18153 193.40546 194.2985 245.32147 244.42844 कुछ
308.43747 395.01688 392.7054 306.126 8.113537 17.085983 39.390583 30.418137 औरत
404.16956 553.38916 551.6484 402.42874 23.787403 39.42757 56.03622 40.396053 समझदार
562.9829 588.5172 586.2468 560.7125 34.893475 37.539654 59.447773 56.801594 है
303.23798 360.84064 358.58215 300.9795 39.128265 44.971092 67.236786 61.39396 उसे
402.66785 438.17828 439.06915 403.55872 168.79977 167.1453 186.26578 187.92026 उठ
512.43195 570.9461 570.8309 512.3167 268.13657 268.39975 294.02927 293.76608 अब
248.9966 259.41028 248.86107 238.44737 145.51752 153.4289 167.31476 159.40338 इन
233.14206 245.32864 236.78922 224.60263 165.79745 174.59451 186.42416 177.6271 सब
129.87485 302.23584 296.75858 124.397575 2.076767 19.404488 73.88759 56.559868 भारत
168.118 198.12599 199.48445 169.47646 248.60446 246.62473 267.2156 269.19534 रूप
363.54825 451.27567 447.11447 359.38705 44.219345 53.00435 94.55815 85.77315 तरह
