457.2744 503.62854 501.64026 455.28613 418.7181 423.1835 443.82346 439.35806 साथ
100.45772 146.80127 140.91656 94.573006 330.41827 340.9992 366.77374 356.1928 इस
220.57411 256.87335 257.97748 221.67824 138.34702 136.43365 157.3805 159.29385 पर
439.62726 492.2674 491.34918 438.70905 207.09097 209.0199 234.07712 232.1482 गया
438.12268 515.2353 514.04584 436.93323 254.02316 256.86673 289.12155 286.27798 इसका
465.6104 500.28967 498.2177 463.53845 453.83636 457.26904 478.20105 474.76837 यह
123.3696 181.29803 177.02972 119.10128 359.8538 373.01077 391.80362 378.64664 पटक
121.94206 177.53722 171.53587 115.94072 383.65787 396.15768 422.84976 410.34995 कमरे
217.341 270.9384 272.90527 219.30789 99.83343 96.92906 133.22626 136.13063 सच
160.52676 181.63904 179.3675 158.25522 335.93088 340.78836 350.6613 345.8038 वह
