86.581795 204.18762 204.61652 87.01069 120.740875 120.028656 190.8483 191.56052 लोग
365.03836 409.37814 410.09494 365.75516 235.51527 233.428 248.65495 250.74223 धन
226.78198 285.76715 283.98517 225.0 139.81737 142.09264 188.28963 186.01436 हुए
398.68253 493.81125 491.13242 396.0037 148.92322 159.19125 184.00946 173.74142 यह
100.61073 145.99466 146.12589 100.74196 41.72526 41.528824 71.84532 72.04176 और
100.28151 183.9008 184.05992 100.44063 83.20584 82.767975 113.15413 113.591995 तरकीब
409.9211 490.43777 487.99362 407.47696 123.522934 131.97527 155.25835 146.80602 खुश
225.27592 261.52917 261.635 225.38179 79.03547 78.84844 99.36677 99.553795 पग
275.20227 311.3479 311.4536 275.30798 78.77789 78.591415 99.087265 99.27374 पग
369.4136 432.90012 430.7908 367.3043 166.31857 173.31717 192.45169 185.4531 यह
