179.84457 208.71521 206.41498 177.54434 296.8846 301.0098 317.10806 312.98288 रह
58.539894 100.2093 101.66065 59.99125 93.99957 90.48477 107.69118 111.20598 जब
257.0297 292.55777 296.07486 260.54678 142.83223 138.52696 167.5508 171.85606 और
159.29057 205.26863 205.37352 159.39546 83.96698 83.82016 116.6629 116.80972 इन
124.74202 152.63393 155.3893 127.49739 143.73672 141.87021 183.04465 184.91116 उठे
489.91748 545.57153 547.9424 492.28833 136.10753 132.15645 165.55113 169.50221 पर
258.02573 285.97043 288.2858 260.3411 104.49479 101.250404 121.19323 124.437614 पर
175.84589 203.27454 203.27075 175.8421 67.4517 67.46055 79.22614 79.21729 बदन
491.4628 529.85693 531.329 492.9349 185.74704 183.07623 204.23846 206.90927 वह
372.2492 397.83337 400.78546 375.2013 64.32919 62.375275 101.02896 102.98288 और
374.71136 424.33374 422.2987 372.67633 113.80969 118.02893 141.9632 137.74396 हाथरस
