497.8745 549.41736 551.5908 500.04797 176.17332 172.58888 203.84196 207.4264 और
445.097 528.2146 523.0063 439.8887 8.054115 12.653648 106.77112 102.171585 एवं
256.44022 288.89896 291.33853 258.8798 105.74586 101.972786 122.95983 126.7329 गया
364.288 416.0757 421.17636 369.38864 74.18396 70.37419 139.70973 143.5195 इस
113.022385 159.9193 159.97496 113.07805 192.00513 191.92413 224.15646 224.23746 चाय
492.0846 544.70044 546.71094 494.0951 137.98792 134.2547 162.59012 166.32333 अंतर
382.77115 419.93637 417.25247 380.08725 2.0483665 3.919384 57.231003 55.359985 हर्र
256.915 293.28494 296.93942 260.5695 147.06937 142.6417 172.66037 177.08804 एक
161.5075 201.77475 201.9122 161.64496 91.01661 90.82752 120.099434 120.28852 और
3.0958214 44.116573 44.996185 3.9754333 162.44734 161.19646 190.0418 191.29268 हमसे
4.1850348 35.74663 36.577038 5.015441 195.63826 194.69215 222.39366 223.33977 और
160.86662 205.53377 205.5273 160.86015 67.44687 67.46127 87.50673 87.492325 एक
187.93301 196.3208 201.30795 192.92017 194.99731 192.88571 212.69589 214.8075 रहे
201.30995 212.84566 217.89421 206.3585 193.8988 191.06146 211.58722 214.42456 और
