414.4112 468.5492 469.55927 415.42126 108.69341 107.10231 141.47092 143.06203 अभी
413.8525 459.488 460.23416 414.59866 173.08214 171.6606 195.61372 197.03526 तक
193.61179 250.19101 250.2445 193.66528 155.52232 155.4319 188.90816 188.99858 पास
268.19455 318.82962 318.9669 268.33182 129.15076 128.93732 161.5032 161.71664 भारत
49.618736 87.37021 86.24087 48.489395 20.576412 22.446072 45.2494 43.37974 पर
338.23288 405.04208 403.04434 336.23514 153.27773 156.89119 193.82729 190.21382 एक
187.5073 254.28134 254.55515 187.7811 105.55739 105.16986 152.34962 152.73715 अब
258.6049 292.62643 292.66727 258.64572 170.7856 170.72575 193.95189 194.01173 बस
7.862446 59.350246 58.34627 6.85847 37.706367 40.223503 60.759735 58.2426 सच
7.907669 60.846817 59.494934 6.555788 67.20695 69.720375 98.19436 95.68093 उठी
347.95074 387.39227 386.16418 346.72266 127.91058 130.04187 152.76846 150.63718 जब
318.86954 367.0344 381.8799 333.71506 26.94251 16.695107 86.472145 96.71955 कर
82.22844 192.18596 190.67485 80.71733 329.82346 333.17648 382.73044 379.3774 अधिक
296.71558 322.2096 320.4555 294.9615 168.06071 169.60747 198.51839 196.97163 पर
406.52676 554.93054 555.6073 407.20358 8.37186 7.260391 97.62849 98.73995 गलत
