500.8404 594.4675 594.3995 500.77237 10.433281 10.5119705 91.3932 91.314514 और
294.09076 340.5926 339.63538 293.13354 172.4743 174.23322 199.54053 197.78162 कह
203.97525 232.44995 231.06912 202.59442 46.44197 48.891617 64.94241 62.492767 पर
43.79844 90.15415 96.85833 50.502617 317.65973 306.61896 334.7671 345.80786 उसे
445.7201 508.5918 508.5973 445.7256 8.166172 8.159588 60.365696 60.37228 फिर
568.9999 588.4658 585.067 565.6011 274.3433 279.7695 291.96255 286.53635 इस
456.02948 498.92432 498.91144 456.0166 60.341995 60.366714 82.65697 82.63225 गया
21.684761 55.48568 52.986076 19.18516 78.73319 81.94233 108.26998 105.060844 जब
72.95173 94.702484 84.239006 62.488247 78.83307 85.59766 119.24176 112.47717 वह
151.00542 186.14412 183.98848 148.84978 40.877365 43.899498 68.96331 65.94118 और
