481.555 538.67096 538.1214 481.00543 84.29571 86.03724 104.06272 102.32119 अन्य
371.6951 424.6689 424.67252 371.6987 10.657278 10.652279 48.608078 48.61308 तौर
371.6712 413.66833 413.6668 371.66968 67.19963 67.201965 94.195786 94.19345 पर
484.61523 498.68396 516.07294 502.0042 280.12643 268.48453 289.49832 301.14023 जब
510.86624 552.0644 558.9231 517.7249 311.84967 296.91797 315.8416 330.77332 लगभग
5.790539 66.97429 67.23755 6.0537987 5.7646246 5.1641617 31.988945 32.58941 तरह
426.00375 484.99814 484.9998 426.0054 30.025593 30.022434 60.997204 61.000362 अपने
540.9819 597.1739 596.2885 540.0965 67.09363 68.80859 97.81827 96.1033 विनय
460.5264 487.70193 522.80835 495.63278 310.41116 288.42038 331.8038 353.7946 अमीर
278.8666 311.37064 316.38943 283.8854 16.207636 5.70088 21.227228 31.733984 इस
