269.33383 299.7145 309.77017 279.3895 99.88805 93.33684 139.96895 146.52016 और
417.26712 467.50552 467.3936 417.15518 14.288952 14.57576 34.179615 33.892807 सब
477.34106 531.31805 531.1098 477.1328 14.3202095 14.713249 43.316875 42.923836 कुछ
543.6059 590.82465 590.71027 543.4915 14.571884 14.841454 34.883636 34.614067 बच
407.98196 465.94662 465.63303 407.66837 43.005104 43.708153 69.56516 68.862114 फिर
476.38068 527.4848 527.24725 476.14313 50.103996 50.72383 70.31246 69.69263 सब
216.06403 248.22516 259.01593 226.8548 131.66219 124.01457 169.39378 177.0414 संत
287.34015 309.52972 313.9568 291.7672 89.908585 82.03122 94.50171 102.379074 मदद
357.80502 387.88144 389.15616 359.07974 122.40375 119.03662 130.42273 133.78986 तक
353.11118 418.22238 418.01724 352.90604 14.209461 14.686134 42.707954 42.23128 चार
