263.70212 345.37576 345.3771 263.70346 18.00142 17.9991 64.97191 64.97423 और
167.15237 192.66339 181.77777 156.26675 121.23183 132.35735 157.31825 146.19273 उस
207.97528 247.14267 231.78244 192.61505 126.862915 143.96106 179.14734 162.0492 ऐयार
383.4263 461.2554 461.2565 383.4274 17.00061 16.998245 52.965088 52.967453 रोजगार
39.276295 61.852955 63.054768 40.478107 306.15524 302.93973 311.3779 314.5934 पर
461.85065 493.5448 492.76324 461.0691 218.61032 219.68347 242.76523 241.69208 तुम
149.20035 170.90942 161.07532 139.36624 171.12653 180.53177 203.23077 193.82553 पर
185.52783 227.1301 212.79922 171.19696 174.87054 193.04135 225.85202 207.68121 उचित
156.63138 262.30728 262.3071 156.6312 10.230598 10.231392 35.166878 35.166084 निकट
156.47096 213.95992 213.95839 156.46944 51.35434 51.358963 70.37541 70.37079 यह
253.152 339.27625 340.57544 254.45119 270.1499 265.9406 292.52246 296.73175 दरवाजे
236.68442 271.50827 258.6373 223.81345 166.9679 182.16266 211.6608 196.46603 भाव
