142.01837 193.40372 186.50339 135.11804 34.001602 42.56868 83.956825 75.38975 यही
121.873856 183.6317 183.6505 121.892654 127.14194 127.11136 165.05557 165.08615 पर
39.95986 91.08074 91.128365 40.007484 45.978127 45.904686 79.05338 79.12682 भर
133.64922 190.30074 195.53468 138.88316 271.23712 260.6817 288.7727 299.32812 बाद
110.33789 159.70609 166.0947 116.7265 210.19247 199.13983 227.67542 238.72806 और
99.28456 141.65627 136.38042 94.00871 13.332073 20.461826 51.815815 44.68606 इस
100.477776 141.56131 142.7504 101.66686 50.277477 49.304367 99.50597 100.47908 दिन
37.987644 91.98508 91.99667 37.99924 15.909286 15.88089 37.926895 37.95529 काम
67.00984 126.55597 131.41301 71.86688 290.93582 279.83743 305.897 316.9954 जाग
151.09727 195.26 191.10841 146.9457 7.9791718 15.470955 39.943733 32.45195 बहा
