473.72147 562.2013 562.2733 473.7935 141.46597 141.29657 178.91913 179.08853 अपनी
384.33228 403.1922 403.0926 384.23267 20.203308 20.303795 39.00099 38.900505 रहे
26.350576 67.034584 68.70237 28.018362 311.76074 308.97595 333.341 336.1258 बहुत
7.617256 56.14232 43.580566 -4.9444976 83.706635 105.01488 133.62164 112.3134 इन
256.09396 359.07376 362.6459 259.6661 307.07877 296.31674 330.4977 341.25974 यह
489.81348 536.78 536.8628 489.89624 110.835365 110.712585 142.38342 142.5062 गए
6.012638 58.723843 48.05602 -4.655186 51.936638 75.43973 99.36483 75.86174 तरह
410.1683 455.6824 455.56424 410.05014 116.597336 116.79115 144.53593 144.34212 वह
400.05746 424.3127 424.2676 400.01236 6.6533947 6.7478886 18.320557 18.226063 उस
4.2336426 29.821358 23.028957 -2.5587573 121.01207 132.13792 147.75938 136.63353 सेन
