121.05679 164.01147 164.03976 121.08508 91.91203 91.87018 120.9091 120.95096 वह
263.46277 341.7041 348.53528 270.29395 325.00153 307.80273 338.87946 356.07825 यह
288.5945 355.1877 353.0024 286.4092 144.893 147.49188 203.48706 200.88818 पर
8.897125 80.3635 80.22555 8.759172 44.159767 44.355354 94.766655 94.57107 उसने
8.694237 98.41578 98.274315 8.552775 118.30034 118.65947 153.99965 153.64052 अपना
526.6676 612.39526 593.178 507.45032 12.645569 85.335625 107.99967 35.309616 लिए
351.38406 412.47342 419.1484 358.05905 308.9943 295.04007 324.262 338.21622 रहे
239.36017 316.8554 316.82098 239.32574 24.006397 24.165829 40.90182 40.74239 उसका
238.27905 283.6869 283.6402 238.23238 54.876053 55.00403 71.56233 71.43436 एक
242.02646 290.9543 290.87717 241.94931 80.28761 80.4624 102.05054 101.87575 और
