338.88043 360.4596 368.17657 346.5974 303.40686 298.95215 336.3341 340.78882 वह
414.46768 445.15115 454.9113 424.2278 272.8361 264.8336 302.25607 310.25858 दिन
429.3263 456.41504 465.847 438.75824 323.85196 316.81332 353.11288 360.15152 और
386.67752 401.3284 405.3085 390.65762 310.84106 308.15637 329.87628 332.56097 एक
390.21466 408.44336 413.48914 395.26044 329.23773 325.9397 353.8282 357.12622 ईसाई
4.7311134 49.530865 49.48811 4.6883583 114.51254 114.60109 136.23453 136.14598 उठ
546.17096 589.22345 597.6186 554.5661 50.906715 32.006493 51.129616 70.02984 भर
324.70935 358.72748 369.2019 335.18378 257.73108 250.86896 302.7945 309.65662 आदि
5.903469 37.607704 37.547768 5.8435316 86.38916 86.46553 111.346085 111.269714 दुम
348.40836 394.3541 375.58804 329.6423 188.09314 242.65645 258.45865 203.89534 सब
438.34677 523.9193 548.5421 462.96964 263.93774 235.66226 310.18066 338.45615 पका
