3.4721527 132.44968 146.17091 17.19339 54.319153 22.024246 76.82332 109.118225 महत्व
458.65375 580.8101 566.25946 444.1031 226.26416 250.41931 324.0041 299.84894 यह
273.90137 346.86566 351.55963 278.59534 21.309267 16.023247 80.81497 86.10099 कहो
124.37695 164.11072 173.48578 133.75201 137.62573 127.075134 162.38177 172.93237 गई
20.937317 67.45104 65.89869 19.384962 389.26724 392.45932 415.07968 411.8876 बस
-7.9624825 120.2711 136.21782 7.9842377 227.72023 199.04825 270.36884 299.04083 कर
528.43524 593.60406 586.4847 521.31586 50.28186 64.94441 96.58688 81.92433 भरा
527.8773 605.72754 596.42664 518.5764 113.415436 130.24792 173.26474 156.43225 हुआ
531.74255 603.20667 596.7168 525.2527 174.23698 189.29463 220.09605 205.0384 थाल
115.430824 191.62082 202.23322 126.04322 55.101547 36.19551 78.96271 97.868744 वह
212.54814 250.20366 252.24791 214.59239 42.166756 39.463295 67.93697 70.640434 तरह
259.7295 274.89276 276.92145 261.75818 38.779404 37.535507 62.265457 63.509354 न
