6.3868046 27.346205 27.312391 6.3529916 223.44867 223.46936 257.73294 257.71225 वे
32.568455 95.64578 98.14198 35.064655 233.12968 226.45737 250.05544 256.72775 मदद
2.9920979 51.79914 54.086975 5.279928 272.51544 267.50568 289.79462 294.80438 कर
3.073326 79.32351 82.53152 6.281334 298.0602 290.47726 322.73544 330.3184 सकते
26.463364 129.95892 129.96017 26.464615 18.933386 18.931465 85.99452 85.996445 घर
209.04324 354.9612 354.95242 209.03445 369.6755 369.69272 444.1017 444.0845 अगर
100.19696 226.2807 226.27051 100.18676 357.6321 357.647 444.08646 444.07156 पर
4.9934654 69.350266 73.08353 8.726734 185.95634 178.92113 213.07234 220.10756 गला
470.7693 565.8224 565.8181 470.765 7.066078 7.073036 65.01726 65.0103 तीन
347.94293 408.58105 408.26404 347.62592 359.56998 360.06625 398.79996 398.30368 यह
