224.5358 293.5714 293.30124 224.26561 362.9405 363.30457 414.54187 414.1778 और
1.8200912 87.07309 93.2181 7.965103 179.16649 169.96892 226.92744 236.12502 लिए
2.9391098 77.496315 82.43499 7.8777847 260.41394 252.85883 301.59583 309.15094 गयी
48.69407 111.01889 111.012566 48.687748 4.525963 4.53471 49.57536 49.566612 और
46.747795 117.01642 117.0187 46.75008 69.18579 69.18045 99.200745 99.206085 साथ
114.02147 224.69232 224.53343 113.86258 378.98798 379.3802 424.2165 423.82428 पका
455.75482 525.76465 525.7557 455.74585 5.462509 5.4858475 32.454468 32.43113 साथ
456.99255 519.0405 519.0407 456.99274 44.828396 44.82811 82.7914 82.79168 चले
347.15414 384.92282 395.10403 357.33536 356.1401 348.0225 395.39236 403.50998 हर
4.774866 52.224274 55.26976 7.8203526 314.3918 309.73813 340.7903 345.444 यह
4.0109386 65.944595 69.67471 7.7410564 371.37518 365.6701 406.16382 411.8689 कुछ
117.679276 215.98625 215.98253 117.67555 19.959015 19.967926 60.991318 60.982407 करती
