257.6346 291.65857 288.03195 254.008 103.664856 106.392746 151.62605 148.89816 हुई
500.2115 596.92053 596.8553 500.1462 10.170288 10.2582855 82.00156 81.91356 औरत
294.58722 326.45288 327.32495 295.4593 104.66734 103.39169 125.17607 126.45172 यह
332.09448 365.20367 366.03802 332.92883 103.08182 101.75267 122.53639 123.86554 इस
291.7948 329.82117 330.6092 292.58282 136.86748 135.47096 156.92912 158.32564 तरह
335.4805 364.53635 365.29013 336.23428 135.18896 134.11868 154.58258 155.65286 का
13.949921 84.16919 72.41928 2.2000113 68.72194 94.31915 126.551956 100.95474 आटे
391.73322 423.10065 423.11353 391.7461 19.227892 19.21032 42.194138 42.21171 जब
434.4075 463.34586 463.3582 434.41983 19.167942 19.15347 43.798847 43.81332 वह
4.088257 84.75622 74.25446 -6.413501 18.665771 48.954506 76.92381 46.63508 बात
