42.235016 107.84848 108.06377 42.450302 174.8402 173.86766 188.39287 189.3654 शायद
29.228436 116.86737 117.00398 29.365047 202.21461 201.38716 215.8554 216.68285 नमस्कार
124.30029 191.11761 191.35657 124.539246 194.04489 193.31964 215.3349 216.06015 करके
479.11902 514.20776 517.20935 482.1206 280.19708 275.1114 295.8208 300.9065 इस
478.22324 521.4136 525.1185 481.92813 303.5811 297.43198 323.45444 329.60355 और
365.69067 417.44305 416.85767 365.1053 301.99045 302.84116 338.45187 337.60117 वह
316.42606 351.08896 355.42325 320.76035 215.41351 208.60883 230.68777 237.49246 वह
181.87662 286.87378 287.28494 182.28778 182.55307 181.19409 212.96262 214.3216 जब
384.33197 432.26672 431.64325 383.7085 202.87996 204.12184 228.18614 226.94426 उस
400.95526 421.83618 408.2599 387.37897 62.185432 81.78608 96.24914 76.64849 सरल
139.46074 183.37599 183.64284 139.72758 171.1994 170.52975 188.0297 188.69934 रहा
