70.56701 120.23574 118.18075 68.51202 88.529274 92.62185 117.56193 113.46935 उस
140.51514 178.66898 179.02994 140.8761 115.9173 114.784485 126.941666 128.07448 पर
44.360825 101.76045 101.74536 44.34573 271.236 271.26163 305.09048 305.06485 सड़क
85.23293 115.050835 113.24807 83.43017 148.3079 151.86934 166.9629 163.40147 और
116.15173 173.63428 173.62354 116.14099 294.1735 294.192 327.60092 327.58243 नकल
190.47832 250.62819 250.61736 190.46748 294.2112 294.23013 328.6592 328.6403 असल
4.3417187 35.383865 38.5652 7.523058 256.64453 253.88718 289.70276 292.4601 किस
9.629887 40.274662 40.268185 9.623408 311.11743 311.1261 333.96527 333.9566 तरह
50.138435 69.06967 71.04748 52.11624 311.1341 309.59808 333.97406 335.51007 का
81.103195 105.72023 105.71373 81.096695 311.14688 311.1539 333.98392 333.9769 मत
233.9969 244.43578 244.90178 234.4629 133.72801 133.35735 146.48097 146.85164 रह
80.166374 103.96592 103.97657 80.177025 10.055452 10.037306 24.004255 24.022402 यह
