32.00894 84.02982 84.037735 32.016853 31.435722 31.419762 57.207733 57.223694 वह
200.91956 274.15762 276.84967 203.6116 117.616104 112.44838 150.6006 155.76833 इस
291.68134 383.4641 386.1609 294.3781 111.19956 104.710815 142.85693 149.34567 तरह
398.98642 460.83963 464.17416 402.32095 91.18151 86.82962 134.22342 138.5753 की
348.0116 371.29742 369.43994 346.1541 224.23401 226.22726 247.927 245.93375 गया
85.93103 104.517 105.97902 87.39305 299.83728 297.1247 307.14215 309.85474 मगर
340.81363 389.80258 389.80692 340.81796 2.9791455 2.9683666 22.797018 22.807796 शिक्षक
340.8156 385.81165 385.8189 340.82288 25.194845 25.178368 45.011475 45.027954 उम्मीद
42.525845 102.38757 105.30533 45.4436 101.447174 97.213776 138.4718 142.7052 गए
122.92345 187.9286 190.84285 125.83769 95.76697 91.174286 132.42258 137.01526 दस
112.928894 185.96292 185.98145 112.94742 6.222202 6.1998215 66.6993 66.72168 देर
212.03372 297.0399 297.05234 212.04617 21.066507 21.040459 61.70539 61.731438 तक
462.26257 544.7268 547.56757 465.10333 89.60989 83.781265 123.97308 129.80171 खतम
