21.786636 204.2154 204.11378 21.685032 4.143219 4.268692 151.99341 151.86794 और
182.01874 239.60889 239.64493 182.05478 173.75539 173.65623 194.59789 194.69704 समय
330.64673 369.84314 369.98352 330.7871 201.02592 200.7885 223.96394 224.20137 पर
1.6792984 25.215431 25.132229 1.5960956 243.69794 243.82639 259.07233 258.94388 पर
12.500687 70.71294 68.81964 10.607388 196.1708 200.58365 225.55927 221.14642 चलिए
229.08344 280.12823 280.10098 229.05618 56.830696 56.888466 80.972374 80.914604 बच
229.1337 322.20135 322.16727 229.09962 102.195724 102.288666 136.41228 136.31934 सकती
209.80669 247.03893 245.52452 208.29228 207.10645 209.92862 229.90796 227.08578 द्रव
424.6843 502.58896 502.54202 424.63736 17.810211 17.911644 53.976196 53.874763 गोबर
76.57626 133.76254 132.32382 75.13755 200.02255 204.35736 223.33731 219.0025 मानव
