85.85925 147.29993 147.29599 85.855316 49.470215 49.4794 75.75869 75.749504 जब
473.89728 523.98206 523.96674 473.882 55.63189 55.662544 80.627464 80.59681 तक
537.6165 593.87067 593.86224 537.6081 55.6709 55.687286 84.795044 84.778656 इधर
131.46677 174.78696 172.34518 129.025 117.66313 120.27074 160.83635 158.22874 इस
154.92761 202.55133 202.54636 154.92264 17.96656 17.975174 45.484924 45.47631 पर
225.30688 307.95105 307.94604 225.3019 17.979301 17.994247 45.50338 45.488434 सरल
154.82642 273.86932 273.86554 154.82262 67.74811 67.76373 96.55556 96.53993 उपलब्ध
296.65106 365.5448 365.542 296.64825 69.01801 69.02509 96.56155 96.55447 करा
204.9295 261.36197 261.35812 204.92566 99.80072 99.80632 138.64072 138.63512 और
204.86765 281.377 281.3752 204.86586 146.40576 146.40979 180.2644 180.26038 सबसे
417.1033 455.75314 455.73215 417.0823 19.420506 19.459557 40.244175 40.205124 गया
