368.2574 417.05994 417.90564 369.1031 305.09842 303.46652 328.7573 330.3892 सुन
97.33977 149.38068 149.4355 97.39459 419.69922 419.5705 441.73413 441.86285 पत्र
276.08133 365.71255 368.9468 279.31558 137.79208 127.69064 156.3883 166.48975 चली
277.23386 358.95334 361.9302 280.21072 181.75085 172.79233 199.94739 208.90591 जाए
372.0787 445.55563 446.2012 372.72427 333.10626 330.8827 352.21448 354.43805 मगर
506.72095 582.8812 582.7992 506.63892 409.92615 410.11963 442.4284 442.23492 भारत
26.798695 87.9229 87.948425 26.824223 426.2863 426.20267 444.869 444.9526 गया
373.7579 405.3439 406.75113 375.16513 188.68967 185.23398 198.09637 201.55206 और
142.95941 177.11484 177.1633 143.00787 424.8028 424.68994 439.3534 439.46625 इस
511.99396 541.0828 548.7464 519.65753 274.28806 236.65445 242.57797 280.21158 यह
