120.83688 170.75623 179.46402 129.54468 167.7242 156.11198 193.54558 205.15779 तब
133.36458 193.14719 185.96812 126.185524 7.814617 18.1268 59.745815 49.43363 गए
16.25201 49.745625 49.117794 15.624179 72.600365 73.76365 91.840355 90.67707 मगर
59.788338 85.35539 84.590004 59.02295 74.12433 75.01074 97.08705 96.20064 इस
66.77597 123.3625 118.207596 61.621063 11.710068 21.470959 51.35535 41.59446 यह
117.8775 151.93558 151.379 117.32092 79.578896 80.76107 96.79589 95.613716 इतनी
199.06224 241.74464 236.95982 194.27742 9.919697 17.282104 45.02137 37.658962 खून
192.22304 247.71721 242.74568 187.25151 42.359634 51.932137 80.75321 71.18071 उसने
86.70184 113.92168 113.054535 85.8347 77.47829 78.419785 103.489716 102.54822 गए
294.40085 337.09238 337.0665 294.37497 75.27442 75.32072 99.19985 99.15356 साथ
