336.98334 464.622 459.52844 331.88977 259.9116 272.4924 324.1694 311.5886 रुक
120.533455 164.62416 200.86795 156.77724 129.23405 109.33891 189.66072 209.55586 इस
275.81958 409.22192 409.26886 275.86652 26.479027 26.378395 88.58851 88.68914 सर
275.84592 410.369 410.37375 275.85068 128.68625 128.67648 194.33493 194.3447 यह
445.1821 585.8728 585.879 445.18832 128.60384 128.58946 189.70955 189.72392 सब
209.94885 250.3826 254.46304 214.0293 368.2662 359.93045 379.7231 388.05887 रहा
212.23795 262.67566 267.80078 217.36307 397.89584 387.41605 412.0825 422.5623 फिर
474.73022 510.25214 508.35748 472.83557 292.99713 296.50525 315.68964 312.18152 कर
96.0432 118.55113 137.15678 114.64885 88.217705 53.32209 65.32287 100.21848 कर
117.42141 141.89043 160.0339 135.5649 133.36496 96.05966 107.96019 145.26549 एक
385.9307 501.93088 501.8351 385.83493 420.4947 420.6554 489.78552 489.62482 आलू
256.09366 292.12244 287.09286 251.0641 281.05096 287.54248 315.45734 308.96582 रहे
268.74103 314.3824 319.25195 273.6106 367.30203 357.8652 381.41702 390.85385 भूल
379.01904 418.4911 415.9048 376.43274 315.02386 318.8999 345.23816 341.36212 गर्व
493.6198 522.955 522.9787 493.6435 15.902281 15.8705635 37.77616 37.80788 वह
544.1529 585.2364 585.2568 544.1733 15.839774 15.794445 34.248703 34.294033 थक
493.6168 528.8059 528.82263 493.6335 53.71493 53.68493 73.28012 73.31012 कर
493.60596 525.2772 525.2922 493.6209 91.51631 91.49844 118.01366 118.031525 चूर
171.56407 211.31252 215.27162 175.52318 412.08813 403.81708 422.8435 431.11456 गए
