489.04535 553.21234 553.2233 489.05634 284.46698 284.44067 311.23615 311.26245 अगर
487.96948 530.10675 530.1228 487.98553 335.75162 335.72885 365.3701 365.39285 वह
487.95358 535.8119 535.8286 487.97025 386.99335 386.96118 411.802 411.83417 उस
5.7067223 125.63924 125.643814 5.7113 11.3001795 11.291252 72.74732 72.75625 कर
5.6571655 198.52959 198.47763 5.605211 105.3367 105.45755 188.36517 188.24432 सकते
292.45706 346.97025 354.85214 300.33896 181.21109 171.60336 216.3245 225.93222 कर
100.49191 165.72723 165.75296 100.51764 382.2795 382.23074 416.65994 416.7087 धन
195.91206 259.17688 259.20758 195.94276 383.17294 383.12454 423.2797 423.3281 वह
147.00705 216.6774 216.69135 147.021 31.999123 31.976707 75.36526 75.38767 उसे
382.53644 424.0573 429.26776 387.7469 142.61237 135.18909 164.33298 171.75626 छीन
547.78046 593.47394 586.4073 540.7138 63.01259 73.33879 104.60887 94.28267 एक
7.149828 42.673203 42.68525 7.161871 398.03165 398.00534 414.26572 414.29202 रूप
262.01025 405.8521 405.90454 262.06268 5.7407975 5.6716614 114.78891 114.85805 वह
