549.35284 595.6862 590.1879 543.85455 70.662476 81.1333 105.46327 94.99245 वह
480.49408 550.39594 550.40826 480.5064 304.18585 304.1537 330.94122 330.9734 आज
478.36823 528.16003 528.17926 478.38745 349.3365 349.30786 382.76624 382.79486 यह
96.603165 229.00516 228.9952 96.59319 104.63727 104.653015 188.58676 188.57101 लगी
295.49878 374.771 382.69073 303.41852 176.87216 162.88171 207.7562 221.74664 तरफ
121.15223 278.3715 278.4321 121.21284 362.5571 362.431 437.97897 438.10507 पण
72.14415 135.64986 135.65793 72.15222 11.270464 11.25835 53.580177 53.59229 इस
72.15065 159.95682 159.94661 72.14045 86.26852 86.2907 126.66529 126.643105 तरह
379.2417 423.2649 428.81958 384.7964 137.52927 129.64792 160.6748 168.55615 रात
19.574333 117.46116 117.49549 19.608665 385.58594 385.50958 429.50592 429.58228 कमजोर
421.70685 495.6894 495.7 421.71747 9.70098 9.667229 32.88683 32.92058 एकता
