532.11456 588.8803 587.09955 530.3338 277.5035 280.22232 317.4031 314.6843 लग
533.7502 592.0253 590.6237 532.3486 351.17465 353.4836 388.85715 386.5482 गया
559.64185 600.5884 595.90906 554.9625 162.85611 187.72394 195.42877 170.56094 उस
77.81958 143.61748 145.3761 79.5782 248.46039 246.28479 299.47168 301.64728 एक
76.28679 174.75928 175.7931 77.32062 324.05246 321.61038 363.29758 365.73965 सफल
523.57245 553.03766 551.9737 522.5085 318.95694 320.27145 344.11905 342.80453 भर
571.2751 600.1944 595.9229 567.0036 156.52046 174.28194 181.23674 163.47527 गए
1.66296 76.36734 77.89534 3.19096 313.33304 311.58994 377.07455 378.81766 हुआ
480.4685 556.49194 554.8915 478.86807 221.66302 225.8392 254.97385 250.79767 उसका
10.740505 72.692764 74.599304 12.647053 209.43199 207.01627 255.9103 258.32602 करती
