369.91406 432.92633 420.0276 357.01532 319.27704 342.8305 377.33832 353.78485 हुई
364.27063 451.5354 441.7307 354.46594 362.3891 396.15228 421.4936 387.7304 किन
25.748014 82.15506 82.17359 25.766546 49.24635 49.222527 93.09361 93.11744 अवसर
294.76187 353.9963 358.2947 299.06027 114.71605 107.496704 142.76503 149.98438 गया
2.5107193 83.84603 85.74122 4.4059067 166.56886 162.61397 201.58992 205.54482 वह
362.71115 390.3411 402.51553 374.8856 493.9285 472.50375 488.20425 509.629 यह
372.1712 443.59998 435.81445 364.38568 395.70398 423.9654 443.64282 415.3814 एक
86.17946 135.9809 136.01799 86.21655 6.817803 6.766182 42.555305 42.606926 मगर
87.79996 121.151245 121.531265 88.17998 83.20682 82.86754 120.223114 120.56239 यह
206.82239 301.55737 308.38837 213.65338 89.633194 77.99419 133.59447 145.23347 बात
338.141 352.48694 359.24957 344.90363 500.39957 489.29385 498.02957 509.13528 भर
48.827957 84.8811 84.87663 48.823483 89.06071 89.06628 118.01681 118.01124 बात
321.33917 366.77808 370.7987 325.3598 71.944176 66.28187 98.54655 104.208855 इस
15.077976 91.423645 92.932465 16.586796 207.70566 204.4748 240.12836 243.35922 दिल
