489.2223 585.0531 585.23364 489.40283 19.643524 19.284264 67.43866 67.79792 एक
488.2992 595.4149 595.5928 488.47705 93.91613 93.602234 154.29718 154.61108 परदे
231.59058 307.1135 300.76306 225.24014 102.22034 109.98227 171.77148 164.00955 प्रसन्नता
70.55946 113.091324 113.19183 70.65997 14.536235 14.36475 39.292324 39.46381 एक
125.73547 188.53067 188.66211 125.86691 6.6399245 6.386738 38.988026 39.24121 औरत
198.89807 232.58682 232.71841 199.02966 6.31213 6.176296 38.810387 38.94622 को
70.02606 117.683334 117.8006 70.143326 52.869713 52.69831 85.30143 85.47283 जोर
314.9949 346.05765 339.14474 308.082 88.08009 92.724594 138.9587 134.3142 उसी
422.49313 471.5021 472.24814 423.23917 263.4232 261.94363 286.65518 288.13474 तथा
268.4075 315.19247 315.3099 268.52493 18.297434 18.112957 47.89176 48.076237 और
332.47202 397.47696 397.59384 332.5889 19.961325 19.706184 49.490135 49.745277 कहते
391.23184 424.54904 417.78195 384.46475 127.69464 133.32993 173.3385 167.70322 कमरे
