83.33618 146.47026 146.43391 83.299835 7.071495 7.150173 36.317223 36.238544 सब
165.86792 234.75726 234.70145 165.8121 7.1891975 7.2874413 46.431877 46.333633 कुछ
417.9299 439.34146 439.3337 417.92215 71.90512 71.91873 84.0766 84.06299 भर
76.95221 111.98517 97.012115 61.979153 84.80864 107.88951 130.61613 107.53526 आगे
395.2969 442.48758 442.32425 395.13358 95.70693 95.990135 123.2093 122.926094 पर
305.51627 332.97958 333.2075 305.74417 99.49764 99.191505 119.63566 119.941795 और
33.145477 66.33757 66.318954 33.12686 4.984911 5.0210056 22.143501 22.107407 अब
33.177803 69.344345 69.33903 33.17248 39.621185 39.632446 56.732162 56.7209 तक
85.53645 145.6246 145.61938 85.53123 39.657566 39.674923 57.7589 57.741543 उसका
127.86867 151.8611 156.31725 132.32481 104.399574 97.07003 111.656715 118.98626 हर
