7.5058403 25.339706 17.303219 -0.5306473 116.99786 130.41028 141.09604 127.68362 तक
375.91025 417.2689 417.24796 375.8893 198.3713 198.44824 209.70734 209.6304 पालन
373.0777 411.22668 411.22247 373.0735 222.11664 222.13089 233.39175 233.3775 करना
151.0611 199.24991 199.22876 151.03995 9.280876 9.314873 39.313156 39.27916 उसी
151.05827 194.39403 194.3821 151.04634 55.912735 55.935013 79.13197 79.109695 तरह
5.8491917 46.981148 47.931847 6.7998905 49.08234 47.355682 70.00307 71.72972 जब
498.0522 553.436 553.44977 498.06598 10.450741 10.422016 37.00766 37.036385 आज
495.73578 590.951 590.9537 495.73846 59.156693 59.147064 85.696304 85.70593 इजलास
3.3038673 38.70496 39.43972 4.0386276 73.93732 72.44852 89.9198 91.4086 भाव
446.06424 495.71823 495.29117 445.63718 223.93571 225.4529 239.42891 237.91173 गया
79.83518 116.41801 116.41024 79.827415 149.1678 149.17958 173.28325 173.27147 ओर
307.41312 351.6367 351.6442 307.42062 11.213027 11.199997 36.624126 36.637157 पर
361.8598 446.98553 446.9994 361.87366 10.078873 10.034409 36.596043 36.640507 असर
