469.35013 594.4691 594.4818 469.36282 42.564896 42.534454 94.56651 94.596954 तिकड़म
159.74606 263.8147 263.79483 159.72621 8.125317 8.1899605 40.123016 40.058372 आवाज
11.559063 42.368195 43.05975 12.250618 67.40757 66.11248 82.563896 83.858986 सब
373.08667 411.22955 411.21216 373.06927 214.54106 214.57341 235.04774 235.0154 भर
502.68677 595.713 595.6924 502.66617 111.12874 111.16078 170.85054 170.8185 फूट
124.086 190.5553 190.5347 124.0654 50.675415 50.714767 85.51222 85.47287 बेहद
442.63358 490.26852 489.81583 442.18088 216.83282 218.28445 233.13947 231.68784 घाव
3.0949783 32.429287 33.423157 4.088848 29.573132 28.343517 52.05379 53.283405 उसे
348.8426 440.65424 440.68292 348.87128 10.528121 10.480507 65.796745 65.84436 इन
87.48439 129.87021 129.86176 87.475945 87.96682 87.985344 107.30352 107.284996 जल
87.508385 122.177315 122.16833 87.4994 124.27655 124.28732 153.2319 153.22113 भुन
87.53236 124.10145 124.09687 87.52778 160.55014 160.55884 179.83856 179.82986 कर
