376.65323 436.6998 436.66513 376.61856 29.350014 29.392082 78.89329 78.85122 हर
476.00726 586.4557 586.40717 475.9587 9.854126 9.934189 76.92139 76.841324 चीज
20.101578 113.61687 113.60222 20.086927 41.843132 41.871056 90.93159 90.90366 आने
437.4399 480.88364 480.8657 437.42197 74.55526 74.583244 102.46284 102.43485 पर
440.60892 506.83163 506.81296 440.59024 124.96898 125.00752 157.08275 157.0442 आए
7.9224586 34.120434 33.907978 7.7100015 177.64828 177.96176 195.71735 195.40387 और
6.497076 29.537718 29.36651 6.325869 204.57745 204.84747 219.45667 219.18665 एक
133.62318 195.89455 195.87917 133.6078 36.924377 36.95433 68.954895 68.92494 उनके
519.16986 584.2618 584.23395 519.142 77.910255 77.95194 121.334465 121.29278 छाई
125.62233 209.92693 209.907 125.6024 5.7360497 5.8032494 30.78751 30.72031 सलाम
232.85 280.0002 279.98032 232.83011 5.848568 5.8861504 30.843372 30.80579 कर
