269.46417 383.7132 383.67712 269.4281 280.11075 280.26706 306.61057 306.45425 अचानक
265.83533 315.29724 315.2666 265.8047 326.66922 326.7203 356.36923 356.31815 इस
12.274445 153.30495 153.2491 12.218594 47.1904 47.295746 122.065674 121.96033 कर
294.4588 429.6952 429.51648 294.2801 26.198792 26.484467 111.07382 110.78815 एक
294.44568 429.59167 429.48602 294.34003 179.10902 179.31221 249.60005 249.39687 सब
23.596771 153.32965 153.2055 23.472628 164.48822 164.6514 263.34845 263.18527 और
179.30836 214.87022 214.80998 179.24812 13.376068 13.475567 35.003998 34.9045 हम
260.57544 369.34314 369.29565 260.52795 367.73285 367.83984 416.12982 416.02283 निखर
262.98886 337.691 337.6685 262.96634 439.32413 439.35745 489.8588 489.82547 और
372.8593 447.4839 447.46136 372.8368 439.39755 439.43088 489.9078 489.87448 रोज
14.344864 154.32245 154.31036 14.332782 5.7224617 5.7654266 45.168087 45.125122 उजागरमल
