27.808146 77.7501 77.805595 27.863642 69.07123 68.95523 92.84708 92.96307 हाथ
27.96916 78.90108 78.942154 28.010237 106.4809 106.38079 127.27776 127.37788 कट
485.69998 530.2269 530.2352 485.70828 5.059766 5.0474815 35.059547 35.07183 मुझ
549.5669 582.73364 582.7405 549.5737 5.032941 5.0224724 26.763485 26.773952 पर
485.69873 539.5217 539.5249 485.7019 40.65304 40.64526 62.372578 62.38036 तरस
485.6905 553.9935 553.9969 485.69388 67.964676 67.95665 96.90428 96.91231 खाओ
145.09329 236.09909 235.241 144.2352 108.45517 111.15852 140.04494 137.34158 एक
389.41782 437.35764 439.7722 391.83237 196.02634 182.68378 191.35916 204.70172 कम
16.928455 62.86765 62.926777 16.987583 29.68328 29.559296 51.467186 51.59117 कर
84.6575 136.65445 136.73782 84.740875 29.500486 29.360153 60.250504 60.39084 खूब
329.4781 405.96826 405.97736 329.48718 18.158327 18.126194 39.8384 39.870533 आवाज
30.226278 75.355644 77.26736 32.137993 194.49352 188.8892 204.28352 209.88783 अनाथ
121.98012 189.55177 189.1021 121.53044 136.7999 138.60263 155.45795 153.65521 जान
2.408184 20.018661 21.658554 4.0480766 194.37383 192.1862 205.38747 207.57509 इन
4.1234503 29.405525 31.31298 6.0309057 208.4585 205.32068 220.68945 223.82727 सभी
