52.98233 243.99585 243.97626 52.96273 37.010742 37.040955 160.98456 160.95435 उसकी
285.21393 327.4876 327.59216 285.31848 337.47018 337.33 368.86685 369.00705 गया
350.37927 403.38446 403.3803 350.37512 20.861069 20.868912 48.859207 48.851364 सब
350.37634 406.37793 406.37366 350.37207 77.64007 77.64858 105.63676 105.62824 एक
427.3797 492.38434 492.3814 427.37677 77.65487 77.66166 105.647865 105.641075 साथ
350.37115 421.37274 421.37067 350.36908 123.427246 123.43103 162.41006 162.40628 उठते
254.9263 267.87643 268.75778 255.80765 350.19092 349.41077 364.04083 364.82098 रुप
336.58563 369.90112 370.78027 337.46478 303.79083 302.61414 327.5052 328.6819 इस
422.28442 493.28668 493.2827 422.28046 125.63399 125.64122 164.61919 164.61195 गरीब
513.68774 535.6892 535.68494 513.6835 137.63876 137.64227 164.62894 164.62543 व
281.83182 299.32272 300.7783 283.28738 276.82825 275.92755 304.19348 305.09418 हुए
