256.01794 490.02466 490.00476 255.99805 15.049057 15.083557 150.02904 149.99454 सहचरी
288.90765 314.70074 316.10138 290.3083 341.53113 340.27997 369.1546 370.40576 यह
322.74268 355.64362 355.70874 322.8078 341.5046 341.40994 364.04196 364.13663 बात
338.54538 368.03482 368.82547 339.33603 304.91086 303.8752 326.38852 327.42416 पर
194.7934 219.79645 218.69232 193.68927 302.6123 304.69348 317.95862 315.87744 उन
65.123886 201.13593 201.14638 65.134346 6.8624115 6.8436813 82.78886 82.80759 लिए
65.13736 209.13394 209.1437 65.14712 104.62663 104.6068 175.53908 175.55891 बहुत
256.29187 285.47467 285.54163 256.35883 348.92163 348.82483 369.00635 369.10315 आया
6.7801666 46.787914 46.785084 6.777337 38.60369 38.609657 57.60221 57.596245 चरा
6.7853966 59.786175 59.790943 6.790164 68.209206 68.19984 95.17498 95.18435 करते
279.34567 325.82895 328.13345 281.65018 284.65793 282.56125 333.65067 335.74734 हिल
