26.533684 208.84064 208.85861 26.551659 32.43266 32.387794 105.42479 105.46966 पहलू
25.764893 153.76851 153.79199 25.788376 120.05944 120.002914 173.1846 173.24113 बात
472.22223 559.02014 549.51324 462.71536 70.404144 91.39554 130.70563 109.71423 होकर
491.95544 541.3673 541.3242 491.91232 195.01643 195.12505 214.73335 214.62474 यह
266.22998 301.66162 301.6629 266.23126 30.449541 30.446781 47.228058 47.230816 चार
266.2367 303.6217 303.6277 266.24268 58.878963 58.8702 84.50751 84.51627 दिन
397.72458 464.3408 456.27896 389.66275 73.66495 89.80618 123.07794 106.93671 नाम
550.9557 594.6455 594.5912 550.90137 192.29189 192.39357 215.74788 215.6462 हुए
418.20428 443.80518 443.80585 418.20496 33.6031 33.602108 51.360897 51.36189 पर
461.61865 483.24872 483.18945 461.5594 26.639305 26.693306 50.425743 50.371742 भी
499.8765 546.1322 546.13306 499.87735 33.599937 33.598152 54.310997 54.312782 बहस
306.49225 345.85583 341.70343 302.33984 93.18803 102.72596 119.86306 110.32513 जल
