14.202042 165.26295 159.61107 8.550157 146.40071 157.5619 234.05727 222.89607 बहुत
215.21796 481.24518 481.20123 215.174 4.8253174 4.9124756 139.11584 139.02869 बढ़कर
377.76422 458.38928 456.5067 375.88165 196.84782 202.80284 228.29097 222.33595 आकर
501.25262 576.25507 576.2425 501.24005 7.729599 7.7538185 46.86716 46.84294 आँख
498.97168 550.9177 550.91064 498.9646 68.67824 68.68982 100.706726 100.695145 लड़
459.79672 509.8218 508.2394 458.21432 176.86243 180.55869 201.97507 198.27881 अब
529.1016 577.0876 575.5053 527.51935 181.98322 185.52881 206.94254 203.39694 तक
37.744247 113.05429 113.04532 37.73527 28.063889 28.080734 68.19143 68.17458 इतनी
130.18887 200.32712 200.32083 130.18259 36.117973 36.13423 63.201927 63.18567 सरल
43.60948 96.84868 96.84296 43.60376 73.38551 73.39374 110.4297 110.42148 और
