430.17828 481.66138 484.28412 432.80103 149.36897 143.77193 167.89647 173.49352 कर
508.3736 592.7148 596.64667 512.3055 128.66556 119.49832 155.67319 164.84042 सकते
95.38857 189.80084 189.80667 95.3944 18.840971 18.830002 69.03144 69.04241 एक
24.553036 49.68423 43.59875 18.467556 91.223145 95.10675 134.48627 130.60266 बीच
87.962395 108.419365 107.98237 87.5254 136.01715 136.26328 172.58447 172.33835 और
385.0173 421.2111 424.05197 387.8582 142.88708 138.95303 165.08954 169.02359 तुम
202.6062 282.70544 282.6815 202.58226 10.816971 10.8463745 76.054565 76.02516 भेष
70.87877 94.18312 89.945145 66.64079 94.31069 98.00135 124.76171 121.07105 रात
9.762398 35.200607 34.858894 9.420683 139.9267 140.13995 180.89877 180.68552 भूल
289.57355 397.7215 397.69427 289.54633 4.805458 4.8505783 70.064 70.01888 प्रयोग
113.47513 132.66808 127.725204 108.53226 96.48575 99.592804 130.12596 127.018906 लगी
136.39381 151.0081 147.29057 132.67628 105.341675 107.736694 130.42091 128.0259 हम
255.91249 315.36224 317.70038 258.2506 175.81412 168.19324 186.43286 194.05374 पर
