4.589119 59.119545 63.025803 8.495377 393.62613 387.6113 423.02554 429.04037 पर
378.20178 436.07867 438.0257 380.1488 312.34433 308.1777 335.22293 339.38956 करने
465.7012 516.2234 489.29025 438.76804 4.938301 21.31044 104.4225 88.05036 ढंग
518.12415 590.6433 598.72974 526.2106 403.97876 361.54858 375.3694 417.79956 यदि
523.0586 593.04736 599.4922 529.5034 430.4101 388.6891 399.5005 441.2215 आप
4.803686 49.886482 49.911972 4.829176 7.2323256 7.1874275 32.78219 32.827087 अब
444.26376 482.8765 484.72263 446.1099 326.24496 323.52524 349.73526 352.455 पत्र
257.24756 305.7707 287.40222 238.87909 2.604416 17.457882 77.46384 62.61037 यदि
382.4391 418.78235 414.85303 378.50977 239.11755 241.9527 292.32166 289.4865 पर
534.1451 593.38666 602.27435 543.0328 318.2134 285.46036 301.53586 334.2889 लिए
536.80133 581.0745 588.1557 543.8825 350.50058 325.4575 337.97617 363.01926 हम
536.19464 593.36115 599.56024 542.39374 378.68137 345.70627 356.45316 389.42825 आप
538.68646 595.0093 566.56244 510.2396 15.197586 33.81858 119.86162 101.24062 मौत
164.50684 226.4332 232.07068 170.14432 274.5885 266.82623 311.8014 319.56366 आज
89.71894 127.97782 134.2684 96.009514 33.29755 23.784206 49.082386 58.59573 हर
