5.251398 63.111427 66.38551 8.525484 406.94046 400.5457 430.16953 436.5643 गया
382.2074 465.76135 468.05774 384.50378 326.8757 321.0109 353.7263 359.5911 करके
173.58156 219.65282 223.94319 177.87193 261.3888 255.51941 289.1963 295.06567 काम
406.08368 596.42676 580.57025 390.22714 0.87394714 36.02246 121.89218 86.74367 मनोहरता
12.52145 48.78455 48.86579 12.602692 15.4215765 15.214787 29.461685 29.668476 बात
91.15833 130.21512 136.1926 97.135796 35.63431 25.913921 49.931507 59.651897 वह
378.00433 418.17798 419.53705 379.3634 309.63138 306.69974 325.32388 328.25552 एक
518.7971 582.96704 593.6178 529.4479 370.63098 333.83075 352.40277 389.203 कर
326.45743 374.53458 379.51663 331.43948 255.76382 249.72119 289.35995 295.4026 कुछ
306.07175 397.11636 387.16922 296.1246 11.6640625 28.471428 82.35445 65.54708 गायब
505.3006 596.3018 608.9875 517.98627 331.46542 280.91068 303.7455 354.30026 हाथ
380.3529 414.6667 411.27765 376.96387 239.83505 242.48495 286.3696 283.7197 यह
221.97705 307.7818 297.1673 211.36255 1.9763641 17.827763 75.284805 59.433407 घपला
