355.83105 421.53687 440.37177 374.66595 73.132416 38.74552 74.734924 109.12182 माफ
541.4093 597.4967 597.4098 541.3224 262.99875 263.17593 290.70047 290.5233 एक
496.72253 581.46924 581.4232 496.6765 59.803795 59.87789 112.4916 112.4175 पर
551.70593 591.98193 593.0383 552.7623 344.00177 342.30627 367.4015 369.097 इस
275.53638 423.56036 423.86627 275.8423 383.28088 382.71655 462.9577 463.52203 लगी
155.98918 182.74815 182.73433 155.97536 266.4609 266.4811 284.8101 284.7899 दौर
503.4367 580.055 580.0816 503.46332 5.049021 5.005596 51.914375 51.9578 इस
421.08017 466.8267 466.9335 421.18698 421.25943 421.03714 443.0248 443.2471 ट्यूमर
473.46085 502.2491 502.3522 473.56393 415.0199 414.88477 436.83606 436.9712 और
421.04587 470.7913 470.91232 421.1669 444.8478 444.57425 466.58218 466.85574 तपेदिक
267.97232 329.11343 329.22086 268.07974 366.28702 366.08206 398.1337 398.33865 वजह
