541.4178 584.70245 584.6246 541.3399 271.0454 271.24005 288.5564 288.36176 तरह
283.56918 366.54697 366.6492 283.67142 377.0433 376.74088 404.78384 405.08627 तंगदिल
283.47537 397.3195 397.41257 283.56845 413.90714 413.37863 433.4351 433.9636 वक़्तपरस्त
284.4293 330.63754 330.77866 284.5704 434.76178 434.52118 461.6223 461.8629 और
346.18155 377.42282 393.06924 361.82797 49.32409 39.788185 91.04868 100.58459 रहे
514.5804 551.1756 551.2659 514.6707 427.1835 426.99936 444.9467 445.13083 बात
482.32474 582.7565 582.7661 482.33438 10.017954 10.001457 68.830376 68.84687 एक
515.89185 538.829 465.511 442.57385 335.58282 371.43555 418.3415 382.48877 रमा
552.6764 596.02625 597.0834 553.7335 343.94424 342.1193 367.23123 369.05618 सर
356.19522 394.5438 408.46573 370.11716 108.93377 88.882 115.50742 135.55919 वह
406.7011 460.38177 472.92914 419.24847 82.48557 54.41346 78.40707 106.47918 खबर
