368.89072 399.11813 397.64688 367.41946 234.26001 236.52701 256.1441 253.8771 यह
410.2987 464.25372 462.43243 408.47742 230.34354 234.3882 258.68396 254.6393 जमीन
383.1946 516.01855 516.036 383.21207 17.846584 17.820587 107.02365 107.04965 जब
417.03503 477.34857 474.64563 414.3321 294.74695 298.09436 346.79633 343.4489 बनती
154.03357 233.60486 229.56866 149.99738 346.10974 364.0185 381.95184 364.0431 समय
90.74548 134.44647 133.5986 89.897606 59.99089 61.957123 80.80167 78.835434 पास
444.96942 496.82233 494.83563 442.98273 191.61339 195.984 219.55421 215.18361 सब
519.1596 586.6464 584.6535 517.1667 197.793 203.48138 227.12485 221.43646 काम
490.30597 588.0993 584.794 487.00067 241.40115 248.7681 292.6448 285.27786 सकता
255.21797 371.5464 371.54712 255.2187 9.751418 9.7502365 79.028824 79.03001 ठीक
339.9942 386.17035 383.79773 337.62158 290.47128 293.03403 335.78445 333.2217 गया
251.1146 290.5222 288.447 249.0394 230.55173 233.51501 261.11255 258.14926 और
305.62274 350.37598 348.9937 304.24048 242.7609 246.12534 264.51178 261.14734 अन्य
228.33896 262.35468 260.67633 226.6606 293.79935 295.6711 326.1719 324.30014 शहर
274.16937 290.6366 289.64874 273.18152 285.98706 286.4231 323.7307 323.29468 के
