4.551818 34.58054 40.691338 10.662616 208.19617 200.08829 222.72055 230.82843 अब
50.954216 104.10655 104.09371 50.94138 37.840996 37.862206 70.0387 70.01749 घर
251.42392 323.06747 323.12875 251.4852 184.85172 184.67929 210.1424 210.31482 रखा
339.65308 557.83386 557.79626 339.61548 21.529366 21.714981 65.94968 65.76406 अस्पताल
339.31946 591.4225 591.4025 339.29953 110.95232 111.065506 155.34416 155.23097 अराजकता
29.470592 62.13498 62.090855 29.42647 16.771912 16.84695 36.05211 35.97707 ऊपर
64.44339 110.12065 110.076614 64.39935 16.889732 16.99467 36.162354 36.057415 उठाकर
317.02036 389.75974 389.8409 317.10153 176.43759 176.26251 209.98184 210.15692 वह
232.39243 331.77744 331.7427 232.3577 9.562553 9.652412 48.078957 47.989098 उसकी
230.85345 320.92377 320.90356 230.83325 73.14897 73.2047 105.83121 105.77548 समझ
5.84663 40.456795 50.523365 15.913202 44.811337 37.86846 88.0502 94.99308 कोई
388.39972 478.30438 478.28888 388.38422 82.09477 82.14682 108.92998 108.87793 समय
501.0572 594.3627 594.3392 501.03366 70.52353 70.58243 107.82446 107.765564 अपने
