259.20383 275.5051 276.178 259.87674 158.93251 157.83867 167.86699 168.96083 पर
283.47522 316.93298 317.73877 284.281 157.3039 155.05884 167.06757 169.31262 लगाए
287.95178 425.232 421.02557 283.74536 303.44418 317.94626 357.7653 343.2632 जीवन
562.2788 597.1323 595.71106 560.85754 233.25237 236.08577 253.56929 250.73589 पर
421.2408 491.1586 486.9258 417.00803 263.53543 275.0256 300.7822 289.29202 लिए
115.31142 218.4399 214.92699 111.79851 283.67444 294.63147 327.69537 316.73834 उस
483.85315 547.50464 546.0039 482.35245 221.97989 227.15262 245.61905 240.44632 भयंकर
103.47692 151.35234 152.76318 104.88777 147.0414 143.67342 163.72838 167.09636 याद
484.02148 588.9481 583.4988 478.57217 267.81406 284.7961 318.4656 301.48355 मन
218.78851 287.45218 285.8885 217.22482 348.0199 353.8003 372.37482 366.59442 उनके
302.8406 341.7773 340.8795 301.94278 361.36914 364.34528 376.09186 373.11572 मन
