411.86285 465.7619 462.10107 408.20203 281.16077 290.45764 311.68146 302.38458 रहा
498.73083 567.8269 566.08984 496.9938 222.20891 227.82372 249.19951 243.5847 सदस्य
101.02639 142.1615 143.99777 102.86265 140.1356 137.24117 163.33766 166.2321 और
255.5123 296.71646 298.3796 257.17545 150.31644 147.58377 172.6615 175.39417 वह
253.862 367.47168 365.4502 251.84052 292.01544 304.39008 322.94885 310.57422 कहकर
259.16995 354.4283 351.7037 256.44534 316.54184 325.95828 353.52084 344.1044 उनके
561.35834 594.45013 592.2315 559.1397 198.10013 201.71268 222.03629 218.42374 यह
427.73703 477.1365 474.27072 424.87125 265.10806 273.2368 290.65244 282.5237 नए
481.07556 532.99243 530.0611 478.1442 273.88495 282.42798 300.2425 291.69946 नए
537.4183 596.1099 593.2463 534.5546 283.15622 292.81406 310.21683 300.559 रूप
42.528667 75.24034 76.581436 43.869762 147.31581 145.01207 164.05495 166.35869 पर
122.06656 199.00784 197.2508 120.3095 305.72406 313.24615 331.21857 323.69647 ऊपर
