104.58789 153.37894 154.6499 105.85886 147.95848 144.52534 162.58812 166.02126 मगर
458.91138 577.2306 569.9818 451.6626 258.618 277.5145 322.902 304.00552 पर
265.76364 340.10318 337.02737 262.68784 303.26035 309.96848 344.05435 337.34622 हरी
483.94412 590.1106 590.1791 484.0126 25.325703 25.209488 87.80214 87.91835 मार
546.3315 594.88434 593.6209 545.06805 232.93504 236.8824 252.42311 248.47575 आज
236.38678 291.41455 288.94055 233.91278 334.25195 338.49402 370.5863 366.34424 हुई
253.53802 301.22174 302.55786 254.87415 153.4692 150.29408 170.36012 173.53523 तरह
254.91754 354.96796 355.01385 254.96344 18.641258 18.528542 59.25802 59.370735 आप
532.5737 593.26733 590.9364 530.2428 195.98282 202.61386 223.94876 217.31772 समय
373.51672 448.17676 446.04126 371.38123 313.1706 320.2895 342.6855 335.5666 कर
11.8199005 70.799576 70.83432 11.854645 23.896378 23.82759 53.62036 53.689148 कर
95.79153 244.78384 244.8176 95.82528 23.793522 23.624691 53.423206 53.592037 उकसाया
496.60785 533.8614 532.20294 494.9494 222.03639 225.06364 245.47227 242.44502 यह
