8.039627 103.90933 154.06131 58.191605 81.37337 5.691223 69.220795 144.90294 इस
320.43588 415.53036 409.66013 314.56564 152.46959 174.39018 199.85622 177.93562 और
536.2238 601.7142 533.22845 467.7381 3.5947418 43.227654 156.39499 116.76208 हर
74.16835 154.65508 142.13802 61.651287 163.8656 200.4563 227.98947 191.39877 घट
475.10773 517.90784 517.89386 475.09372 297.99268 298.024 317.1931 317.1618 अब
307.14505 387.01395 383.67264 303.80374 81.4705 98.41033 114.16404 97.224205 गया
450.2221 514.355 477.0478 412.91492 6.439415 58.13569 104.41792 52.72165 सको
112.18327 144.23856 138.44293 106.38765 118.033066 133.21074 145.45107 130.27339 पर
109.76274 149.76775 144.30818 104.30318 146.52441 165.33026 176.94418 158.13834 अब
319.96274 412.5142 408.0815 315.53006 127.12135 147.77827 167.63857 146.98164 बता
555.1546 601.6567 568.91376 522.4117 118.17816 155.642 196.28433 158.8205 यह
294.43402 328.06177 328.08893 294.46118 244.93011 244.88382 264.60297 264.64926 पर
489.96808 557.14813 557.12775 489.9477 243.89429 243.94739 269.68878 269.63568 काम
