457.428 513.6571 513.95447 457.72543 174.66827 173.91068 195.9855 196.7431 इन
491.2757 546.52875 546.51495 491.2619 246.50092 246.53583 268.3911 268.3562 गया
35.020992 60.65163 61.255238 35.6246 232.27945 231.70993 258.87573 259.44525 आदर्श
291.29504 328.06036 328.08893 291.3236 243.90169 243.85104 264.60297 264.65363 कर
485.1396 578.60706 538.06085 444.59335 34.651886 109.97869 160.28952 84.962715 कहता
99.63858 136.61769 130.58614 93.607025 128.50616 145.8689 158.7149 141.35217 पर
95.891495 139.15817 133.19926 89.932594 159.18954 179.33688 192.1337 171.98636 गए
92.901184 143.54286 134.8094 84.167725 183.67628 206.68419 225.90703 202.89912 देख
28.37358 46.816795 47.49421 29.050995 208.04564 207.65211 239.40141 239.79494 देश
486.4018 516.93726 516.92194 486.38647 296.81284 296.83585 317.189 317.166 पर
63.97402 77.31323 77.78163 64.44241 227.177 226.8247 244.5603 244.9126 यह
421.6919 481.11237 452.6087 393.18823 5.9314194 53.82252 89.188194 41.297092 चला
