5.232361 91.46451 138.7584 52.52626 71.66763 3.587143 63.490585 131.57108 आपके
514.9102 589.97925 537.25555 462.18655 27.118576 72.58049 159.64046 114.17854 निर्दय
329.94208 403.6861 397.58502 323.841 163.76886 180.93896 207.1424 189.97229 देर
31.869316 50.85476 51.33239 32.346947 248.5395 248.12726 270.12335 270.53558 रात
95.20187 153.85248 144.60652 85.95592 135.97333 163.267 183.13538 155.8417 यह
90.62158 146.19295 137.14565 81.57428 173.59204 198.9458 218.77606 193.4223 वह
116.872665 183.365 208.39815 141.9058 55.015465 2.526825 34.238678 86.72732 सजा
476.13586 515.92035 515.90497 476.12048 296.8051 296.83508 317.19214 317.16217 बन
457.9801 521.76953 522.0743 458.28485 177.6416 176.79993 199.8956 200.73727 एक
332.75266 410.1418 404.93484 327.5457 138.95346 156.44952 179.48102 161.98495 दिन
35.121033 54.505966 55.126595 35.74166 217.09418 216.66223 244.51465 244.9466 वज्र
318.2287 383.1632 378.98834 314.05383 80.7094 94.49658 114.159225 100.37204 इसी
322.30582 391.19467 387.75247 318.86362 109.369736 124.380714 140.17767 125.166695 तरह
