562.929 597.3693 599.06537 564.62506 324.31186 321.70877 344.14792 346.751 अभी
563.27325 596.1169 597.6857 564.8421 350.6547 348.31076 370.29404 372.63797 आगे
267.12158 330.14746 330.1413 267.11542 72.99683 73.00678 112.00445 111.9945 इनकी
466.68277 505.15158 512.86365 474.3948 223.6087 211.56992 236.21301 248.2518 पर
414.68375 447.71658 488.89365 455.8608 304.11102 283.1455 348.02332 368.98883 यह
480.21017 497.7598 522.95325 505.4036 301.49805 291.0708 333.47253 343.89978 न
573.61926 597.1516 567.9708 544.4385 225.33124 240.11029 286.5742 271.79514 दिन
36.526077 221.2035 221.12547 36.448044 8.731369 8.872238 111.18205 111.04118 उसने
425.148 479.80774 487.7276 433.06787 260.18567 243.19385 268.67065 285.66248 उच्च
303.84567 400.22195 402.06992 305.69363 335.49707 330.8432 369.11176 373.76562 लिखकर
140.74942 170.52829 172.05405 142.27518 136.87059 134.60255 154.63567 156.9037 वह
203.67844 275.07986 276.3021 204.90067 328.9519 325.74982 353.00354 356.20563 लगता
