386.01324 459.14972 459.15338 386.0169 38.371872 38.36705 93.401215 93.40604 वह
498.40912 591.7233 591.73065 498.41644 15.283489 15.273087 81.37854 81.38895 और
7.0143127 96.51899 96.47517 6.970488 6.726204 6.81514 50.922714 50.83378 पहले
120.05411 204.13684 204.09308 120.01034 6.8933372 6.976879 51.029633 50.94609 बंबई
7.038292 75.76028 75.74656 7.0245757 70.285034 70.31413 102.72188 102.69278 कह
99.33566 164.01236 163.99017 99.31347 70.35701 70.40744 98.87776 98.82733 कर
14.197113 119.107315 119.11026 14.200058 122.1324 122.12154 150.61964 150.63051 शशदर
142.6447 212.43172 212.41664 142.62962 111.808395 111.83101 158.39919 158.37657 जोड़
488.08673 574.2939 574.29584 488.08868 98.00241 97.998215 137.0214 137.02559 ऋण
73.041115 176.517 176.52347 73.04757 154.5072 154.492 198.48306 198.49826 खूसट
464.00745 555.18835 555.1588 463.97787 139.99124 140.02722 215.02826 214.99228 लूट
162.36885 246.34459 246.31267 162.33693 52.28286 52.335945 102.81165 102.75857 तब
