344.66486 414.40332 407.07147 337.333 135.05815 150.32372 183.81822 168.55266 हुई
350.62088 421.43076 415.45193 344.64206 175.26567 191.85124 217.37712 200.79155 हुए
513.99915 580.1648 534.0405 467.87485 28.641708 81.99494 139.19568 85.842445 लोग
37.19088 65.21825 65.22929 37.20192 231.26422 231.2526 257.86664 257.87827 आज
64.76268 107.16536 100.487305 58.08463 170.31593 189.63963 204.2935 184.9698 मुख
118.15622 148.36636 143.34354 113.13339 194.86513 208.66185 219.66014 205.86342 पर
549.7107 603.0499 568.1102 514.771 109.29585 152.26796 195.63695 152.66484 उसी
423.4055 500.9962 470.30167 392.71097 5.063286 67.59476 105.68135 43.149876 दरवाजे
27.916397 46.32968 46.80999 28.396706 207.04163 206.6499 229.228 229.61972 बाद
87.68318 149.55533 139.81404 77.94189 143.13272 171.75363 192.8122 164.19128 ठन
