521.31305 585.8962 586.2066 521.6235 129.07385 128.40955 158.58908 159.25339 राम
521.6615 595.08594 595.26025 521.8358 193.09448 192.66925 222.76886 223.19409 नाम
148.1856 237.51784 237.88066 148.54842 261.26666 260.04095 286.484 287.70972 सबब
269.72635 286.15634 237.6359 221.2059 244.00543 261.4839 307.09375 289.6153 यह
331.9561 406.03714 406.31454 332.2335 14.309665 13.985275 77.341705 77.66609 दिन
535.9379 585.9565 581.98346 531.9649 328.41577 333.75024 371.00287 365.6684 उसे
162.49539 178.15125 122.7641 107.108246 241.7138 260.21313 307.08685 288.58752 पर
146.97302 193.92206 193.99716 147.04813 16.430794 16.312023 45.995983 46.114754 यह
206.54959 293.30716 293.38733 206.62976 7.7050886 7.503952 42.07879 42.279926 बताओ
323.83173 363.8706 368.11572 328.07684 329.37427 317.2577 331.28558 343.40216 रहता
3.1071587 61.415623 61.47418 3.1657143 15.047587 14.9173355 41.129436 41.25969 गया
79.004654 133.42303 133.48134 79.06296 14.990793 14.869228 40.96859 41.090153 जब
477.73187 539.4191 536.0008 474.31354 336.04114 342.65857 374.5241 367.90668 इस
