9.91172 91.320946 91.257195 9.84797 40.581223 40.811676 63.33177 63.10132 हृदय
503.52927 570.6444 572.76685 505.6517 357.6936 354.2024 395.00336 398.49457 बह
116.65076 176.4753 172.55438 112.72984 508.61194 518.9768 541.60767 531.2428 एक
4.24979 93.035 93.071594 4.286373 5.0460014 4.946659 37.639324 37.738667 पर
163.07071 172.32751 186.2651 177.0083 24.565977 17.67416 36.394592 43.286407 उस
182.5576 218.12227 218.25273 182.68806 24.41306 24.133984 40.75784 41.036915 मनहूस
244.84732 298.84747 294.1052 240.10506 540.0924 549.6327 576.475 566.9347 सर
540.1968 594.54126 595.3324 540.9879 406.93616 404.44513 421.70453 424.19556 लाभ
540.4634 577.69946 578.3417 541.1056 444.3643 442.96927 460.11002 461.50504 वह
540.7231 596.82684 597.3265 541.2227 481.5161 479.88226 497.03955 498.6734 साल
540.81604 586.7306 587.254 541.3395 510.5491 509.59357 534.7457 535.70123 दिन
542.3345 590.2302 590.5558 542.66003 546.59503 545.9948 571.9743 572.5745 और
125.25008 146.93398 183.4915 161.8076 40.080112 23.486206 71.25731 87.85121 तभी
385.8911 516.49976 508.30933 377.7007 527.86975 550.4387 597.83765 575.2687 इसके
