429.70847 501.2507 496.74435 425.20212 395.56625 419.1581 432.82358 409.23172 कदम
418.53046 500.25208 495.5667 413.8451 421.38043 449.489 463.11102 435.00244 साधन
407.22473 452.04956 446.78284 401.958 447.3046 463.39584 478.06717 461.97592 रहा
364.4547 464.12073 459.34863 359.68262 530.88873 547.7923 575.9294 559.0258 साथ
390.30664 435.80072 429.14905 383.65497 460.26608 477.10446 495.07596 478.23758 उसे
491.17627 578.474 580.88916 493.59143 332.2578 327.22174 369.0869 374.123 उन
126.127884 168.40233 164.41179 122.137344 526.59674 534.0981 556.5872 549.0859 यह
194.47206 246.48418 240.53645 188.52434 526.40857 535.62585 569.188 559.9707 उसे
269.1746 356.69534 352.34732 264.82657 550.8447 566.3944 590.8672 575.3175 असह्य
36.12465 97.85086 97.86052 36.134308 10.099472 10.065214 27.465729 27.499987 अब
117.909454 183.18619 176.3027 111.02597 481.88165 493.04224 533.303 522.1424 घर
