343.94696 418.7207 418.67297 343.89923 54.20054 54.371758 75.20864 75.03742 कर
378.38983 463.48914 463.48602 378.38672 18.633362 18.644047 43.663948 43.653263 जाकर
489.84955 569.87823 569.87396 489.84528 9.64983 9.659893 43.677315 43.66725 बिखर
393.1266 426.8144 427.664 393.9762 271.2811 269.5107 285.67783 287.4482 पर
290.10498 321.36334 334.24774 302.98938 43.725452 24.880646 46.252316 65.09712 रतन
59.34591 91.513084 91.515144 59.34797 93.66349 93.65981 111.66296 111.66663 वह
59.479424 93.64773 93.65197 59.483665 119.26556 119.25833 139.24881 139.25604 इस
109.489105 152.62769 152.63058 109.492004 119.25849 119.25012 134.24127 134.24963 बात
337.52155 371.09875 365.38495 331.80774 230.26157 240.6266 259.13632 248.77129 पर
367.3306 471.16147 469.86703 366.03616 135.40515 137.59076 199.08582 196.9002 पर
125.3178 260.90598 260.9062 125.318016 4.949824 4.9494247 80.05527 80.055664 अक्सर
