23.207436 52.308716 71.60479 42.50351 49.073257 38.72592 92.99501 103.34235 लगे
59.597733 184.6573 183.70056 58.640995 485.91217 489.11304 526.49335 523.2925 आ
189.35638 383.81262 382.89575 188.43951 489.23334 494.21033 530.03357 525.0566 सकता
149.91068 226.33426 229.80573 153.38214 37.77153 32.320892 80.99429 86.44493 उठकर
52.696472 117.58856 117.01166 52.119568 467.33954 469.60895 486.10498 483.83557 जब
68.39389 103.85666 83.89552 48.43275 382.06363 434.8085 448.22928 395.4844 एक
80.68317 146.06833 149.62662 84.241455 37.024643 32.365936 82.306595 86.9653 पनुए
364.9924 418.38333 417.6669 364.27597 479.91806 481.7316 502.82266 501.00912 पर
227.62619 340.54617 342.58762 229.66763 49.05959 41.012047 69.65701 77.70456 समरकान्त
354.39957 389.5236 391.71762 356.5936 40.08409 37.57962 68.350044 70.854515 वह
