528.5516 591.2668 591.3497 528.63446 17.87543 17.775375 69.71318 69.81323 वह
19.410921 62.213066 79.828 37.025856 309.54865 261.92346 277.75452 325.3797 पर
213.8432 259.49588 273.12546 227.47278 370.89633 343.2106 365.68527 393.371 तुम
492.26117 534.5926 493.03864 450.7072 152.55917 187.79407 237.71729 202.48239 घर
270.86374 355.72696 364.46823 279.605 294.00208 272.36694 306.65436 328.2895 मगर
22.860216 63.372887 63.516678 23.004007 18.80548 18.521423 39.029686 39.313744 रहा
538.1703 593.95593 593.2251 537.43945 116.42938 117.83734 146.79303 145.38507 यह
41.23729 91.190765 112.502304 62.54883 324.29456 269.74768 289.2646 343.81146 कोई
179.1312 235.37 253.10437 196.86557 338.959 305.68008 335.6498 368.92874 और
324.4157 357.2348 360.8692 328.0501 315.40295 306.9101 320.95465 329.4475 उनको
328.7009 356.28287 359.42758 331.8456 336.56223 329.35733 341.3961 348.60098 इतना
