204.38 240.44781 247.79468 211.72687 233.04054 220.63316 241.99022 254.3976 पालन
234.00447 251.08292 274.3421 257.26364 270.65314 256.5879 284.82983 298.89508 हुआ
256.0655 271.7965 296.8227 281.09167 252.07957 239.56299 271.01624 283.53284 और
437.86005 507.61713 507.92926 438.17218 255.0247 254.39099 288.74707 289.3808 उठा
59.01741 122.13982 121.981735 58.85933 176.65656 176.94034 212.10269 211.81891 एक
523.47766 573.2815 573.7274 523.9236 344.90237 343.8381 364.70712 365.7714 उनकी
181.48001 213.03632 256.1307 224.5744 278.95724 252.08896 302.70248 329.57077 कर्जन
4.2240524 49.431187 49.294018 4.0868835 177.79045 177.99605 208.15947 207.95387 रहने
4.2439957 32.36424 32.28748 4.1672378 225.44395 225.55702 244.64952 244.53645 पर
455.64984 496.00134 496.33044 455.97894 344.02933 343.13754 358.02866 358.92044 एक
79.163605 97.2937 195.46927 177.33917 259.82278 239.25595 325.79984 346.36667 दर्द
498.8516 573.5979 573.82996 499.08365 265.00058 264.3585 291.36887 292.01096 आज
