547.40015 592.3052 593.4955 548.59045 91.53052 89.06343 110.72798 113.19507 तरह
427.70935 499.0492 499.0277 427.68787 23.830383 23.892868 48.434975 48.37249 अक्सर
20.229753 44.373703 44.412216 20.268267 7.0744567 7.048195 42.455894 42.482155 था
56.150734 98.214005 98.15945 56.09618 6.9250793 6.989628 42.5392 42.47465 मगर
3.1067543 87.61392 89.470245 4.9630775 263.95593 258.45062 286.9455 292.4508 पान
547.8234 570.6574 589.32025 566.48627 429.00366 412.54425 438.435 454.8944 इस
498.7207 562.95374 562.9236 498.69058 21.371933 21.434853 52.161514 52.098595 मचा
369.03912 406.86664 406.86108 369.03357 11.548695 11.560909 28.7877 28.775486 उत्तर
96.0843 115.5203 114.85012 95.414116 15.919594 16.477253 39.834805 39.277145 पर
30.269197 91.74586 94.300766 32.824104 175.01962 170.58334 205.98843 210.42471 हुआ
31.117836 96.04015 97.72988 32.807564 214.8248 210.30264 234.56113 239.08328 मगर
