117.09206 178.58812 178.14217 116.6461 344.06543 344.6936 388.34888 387.7207 मगर
272.93732 384.01428 383.94434 272.86737 358.64008 358.7339 441.54883 441.45502 अगर
542.5884 579.9241 565.9508 528.6151 291.32755 301.5671 352.51663 342.27707 खैर
513.14954 577.26086 577.39185 513.2805 369.97284 369.67523 397.89258 398.1902 बाहर
500.0761 562.8417 562.83795 500.07236 412.59378 412.60074 446.3572 446.35025 करने
19.267277 52.94808 56.23975 22.558949 368.9536 363.64563 384.53223 389.8402 जब
26.992065 53.09211 55.69577 29.595726 412.46414 408.447 425.36337 429.38052 कर
69.75327 111.279305 111.08373 69.5577 377.11255 377.45575 401.1184 400.7752 तरह
81.98396 137.26834 137.181 81.896614 408.43027 408.5997 437.0936 436.92416 उसकी
287.4968 327.74515 344.5209 304.27255 310.74673 300.17587 364.04904 374.6199 यह
17.095312 67.46077 68.10627 17.740812 126.624565 125.1647 147.43454 148.89441 समय
