244.6333 306.17548 293.87708 232.33492 309.03748 329.45978 366.52075 346.09845 गया
253.945 307.91632 289.82672 235.8554 152.90395 194.18056 217.83366 176.55705 एक
330.67126 408.5127 425.63538 347.79395 215.47409 165.82108 192.66443 242.31744 आगरा
9.811401 209.99329 210.00842 9.826538 10.084469 10.042999 83.079605 83.12108 शऊर
255.84528 281.86963 275.3681 249.34375 286.6197 295.24384 314.8629 306.23877 पर
152.03642 207.30013 247.28673 192.02303 263.43845 214.66833 259.97903 308.74915 देश
319.6034 412.96143 444.63538 351.27734 265.20465 203.98218 252.2818 313.50427 जंगल
307.57666 337.00732 330.0716 300.64093 300.86996 310.62143 331.55386 321.8024 हुआ
167.5381 205.4728 224.53737 186.60268 228.40814 194.99753 216.64362 250.05423 बात
11.784832 94.99011 95.05916 11.853878 144.14981 144.04541 199.073 199.1774 पति
