174.28578 286.27625 302.5935 190.60301 126.66615 77.3918 114.47752 163.75188 वह
253.85767 305.47247 291.84692 240.23212 312.09848 329.22647 370.28677 353.15878 इसी
58.919712 153.01062 153.02936 58.93845 45.077106 45.058548 140.07149 140.09004 बंद
274.84085 313.00943 303.0596 264.89102 281.3662 294.00714 324.05005 311.40912 वह
269.08466 307.49268 295.6781 257.27008 156.42982 185.96242 201.32762 171.79503 कर
324.68604 376.5113 395.20056 343.3753 196.43903 164.14236 194.13232 226.42899 पर
324.97205 394.74146 418.21692 348.4475 275.53235 229.8465 265.69727 311.38312 हाथ
258.03226 308.86472 318.9717 268.13925 116.394226 94.4135 117.78691 139.76764 यह
180.45451 218.43745 218.44093 180.458 33.424805 33.417023 50.39061 50.39839 साथ
180.45291 225.43741 225.4479 180.46341 59.803978 59.776184 76.76281 76.7906 उठना
