193.6163 278.8472 300.44244 215.21155 95.752945 55.505356 101.2368 141.48439 यह
330.72134 416.5936 414.83994 328.96768 245.65848 252.15707 275.33017 268.83157 दिवस
433.29047 516.0167 514.81647 432.09018 258.23215 264.42075 280.46548 274.2769 भारत
336.52716 385.14752 377.51672 328.89636 319.74155 346.07175 360.16257 333.83237 बस
10.385063 74.40744 74.39457 10.372189 384.3465 384.36877 421.33398 421.3117 पर
103.35994 190.30373 190.28874 103.344955 384.3888 384.41656 431.35718 431.3294 हाथ
147.35599 195.95148 156.90176 108.30628 229.54993 251.57245 337.74048 315.71796 इसी
381.90915 470.22482 469.00436 380.6887 272.23502 279.40097 294.44235 287.2764 उसका
392.4988 451.348 449.96506 391.11588 302.43625 307.85757 322.86954 317.4482 एक
402.02753 465.12415 462.8241 399.72748 325.57336 332.08374 354.37537 347.865 और
15.009842 65.152695 65.11749 14.974643 12.477352 12.550663 36.62653 36.55322 जब
15.056847 68.18568 68.15414 15.025305 64.633965 64.70362 88.76586 88.696205 तक
88.06059 165.19751 165.15028 88.013374 53.70642 53.807358 89.895065 89.79413 उसके
100.02786 125.28526 107.95599 82.69859 269.9658 282.29794 317.78995 305.4578 करो
66.77987 99.393585 94.11762 61.50391 324.456 332.0097 354.78906 347.23535 तक
332.30127 360.60156 359.33752 331.03723 365.76138 368.25674 382.59256 380.0972 पर
221.28271 266.18585 260.53632 215.6332 167.30515 189.85455 201.10458 178.55518 पर
341.07355 387.0318 377.7616 331.80334 297.91595 322.3012 339.77246 315.3872 भर
195.31348 220.6933 201.60565 176.22583 266.22363 277.15338 321.47656 310.5468 नोट
