209.71066 259.15973 257.38065 207.93156 8.344177 11.610168 38.546707 35.280716 याद
483.0368 545.99164 546.0026 483.0478 2.9675267 2.9370365 25.569931 25.600422 आदमी
541.8231 578.3065 578.3329 541.8495 10.026635 9.963947 25.324959 25.387646 सर
506.42056 599.04456 605.2573 512.6333 76.420654 62.801147 105.05289 118.67239 इस
98.00537 151.7395 157.354 103.61987 305.5542 294.60217 322.14874 333.10077 लगी
18.595188 49.796936 46.785854 15.584105 283.91693 287.57507 313.2577 309.59955 पड़
18.788712 60.994263 57.442413 15.236864 307.04706 311.89362 342.82428 337.97772 फौज
396.67242 431.956 430.69336 395.4098 31.324776 33.662346 52.720406 50.382835 बहुत
452.01382 490.6628 492.7969 454.14792 109.5392 103.86821 118.41246 124.08345 लगे
63.777416 112.267685 116.6104 68.12013 326.84378 316.9133 338.11862 348.0491 अब
