508.76944 577.94995 581.4027 512.22217 168.85748 163.5282 208.34851 213.6778 दिन
509.54248 596.65674 600.26575 513.1515 236.23671 229.61368 277.0841 283.70712 पहले
100.01567 174.76968 174.73253 99.97852 62.167236 62.21472 120.70624 120.65875 आज
196.83162 247.12495 250.95378 200.66045 63.210766 60.6846 136.91284 139.43901 हम
329.33054 407.42496 399.38535 321.29092 94.17937 108.411545 152.52626 138.29408 यह
326.07202 443.19403 435.50464 318.38263 172.1685 192.72173 236.53969 215.98647 वजह
453.56854 494.94574 510.25317 468.87598 362.93192 330.32498 349.74966 382.3566 कुछ
5.243534 100.63605 102.4928 7.100277 94.192245 92.56334 201.29887 202.92778 समय
325.52975 371.75583 368.13962 321.91354 134.93184 143.29024 163.28972 154.93132 एक
541.13794 581.4425 583.1903 542.88574 99.990364 96.83395 119.15113 122.30755 भार
55.567734 92.95816 94.07381 56.68338 22.83077 21.857399 64.71314 65.686516 तब
