9.312195 47.662384 46.1313 7.7811117 284.68542 286.55328 317.98926 316.1214 पर
68.04705 133.94165 140.03186 74.13726 275.0643 260.83334 289.0333 303.26425 अम
58.922684 110.96091 107.62352 55.585293 178.49393 182.7211 223.80591 219.57874 लगी
86.38428 146.41603 146.47964 86.44789 320.051 319.96793 365.95438 366.03745 सत्य
171.74356 220.75702 220.76727 171.75381 26.683247 26.668179 59.98164 59.996708 उस
49.499683 93.87906 93.936386 49.55701 335.4918 335.41684 369.37338 369.44833 पत्र
243.56403 308.63934 308.638 243.5627 34.70397 34.70597 79.02663 79.02463 घुस
73.09813 103.206604 101.96031 71.85184 139.51625 141.74742 158.5655 156.33434 बन्धन
65.51509 99.83948 98.55966 64.235275 165.84703 168.4918 185.10155 182.45677 उठकर
21.274446 44.10196 53.848694 31.021181 337.1738 331.335 369.44107 375.27988 पर
174.06815 199.28787 199.28726 174.06754 58.98284 58.98362 79.02326 79.022484 और
