15.763771 46.456165 46.131298 15.438905 283.94336 284.23877 317.98926 317.69385 रही
525.571 572.95233 569.6849 522.3035 38.774117 41.75982 93.61309 90.62739 सर्वदा
209.65529 253.46092 261.6076 217.80196 194.75763 179.31729 202.43015 217.87048 बीच
151.67618 302.49365 306.15817 155.3407 138.88438 124.07539 161.3957 176.2047 जान
4.8675766 40.788963 86.957924 51.036537 47.38109 21.521912 85.65593 111.51511 पर
577.33154 589.95056 590.0288 577.4098 144.28093 144.18813 154.82161 154.91441 बात
9.466133 60.26139 45.944405 -4.8508544 167.50478 231.13719 242.56587 178.93346 पर
47.112045 145.2784 151.40688 53.240524 15.650234 4.794014 60.21024 71.06646 उन
539.9305 585.4805 585.68036 540.1303 105.79151 105.519226 138.93881 139.21109 सम्मान
241.39526 284.37097 275.60455 232.62886 316.599 338.3896 355.67883 333.88824 यह
