6.487316 33.901455 74.27719 46.863056 12.913064 -6.4916916 50.549294 69.95405 इन
38.253593 78.9141 126.64918 85.98867 57.791004 30.134903 100.3159 127.972 सभी
53.38939 83.75397 93.30855 62.94397 319.9584 312.6835 352.56314 359.83804 एक
192.60675 270.2001 270.19583 192.60248 40.7987 40.806572 83.02506 83.01719 भाव
5.2920685 29.477425 28.610802 4.4254456 276.0296 277.19946 295.11578 293.94592 पर
535.71045 596.57996 591.04297 530.17346 0.61981964 4.5578537 90.14191 86.20387 पर
60.70249 145.91254 151.09354 65.88349 10.3792305 1.1587791 49.038563 58.259014 आए
93.8522 124.28612 134.28442 103.85051 311.3991 304.57745 349.1834 356.00507 रहा
5.86483 58.93421 46.02121 -7.048171 161.5117 228.0053 238.31133 171.81773 गए
198.65042 248.5224 248.53815 198.66617 22.630785 22.582363 38.787857 38.836277 सकता
547.2414 573.51154 573.62445 547.3543 100.31126 100.159294 119.66819 119.82015 आप
