148.40218 220.92708 218.24931 145.72441 458.28766 466.32697 490.48383 482.44452 सम्मान
135.21754 183.43623 180.77605 132.55736 509.75238 514.9135 539.7664 534.6053 तथा
271.23303 385.76837 385.93762 271.40228 66.2245 65.88756 123.41655 123.753494 अकेलेपन
195.91832 240.12996 236.76833 192.55669 495.9361 500.7334 531.71405 526.91675 रही
177.60254 250.83063 250.88754 177.65945 7.69447 7.5995903 51.53363 51.62851 रखिए
184.65016 232.96455 233.05446 184.74007 68.02394 67.90364 104.01076 104.13106 तेज
526.7977 580.8108 580.7993 526.78625 224.97797 224.99417 263.43237 263.41617 और
523.0632 568.393 568.3392 523.00934 286.29095 286.3711 316.83038 316.75024 इस
7.2475624 58.068142 58.16392 7.343342 290.80524 290.67212 327.23785 327.37097 और
216.22047 244.55965 242.46092 214.12175 473.71152 476.8367 495.86795 492.74277 हुआ
3.5250301 59.22278 65.75676 10.059011 5.8452663 0.09968567 63.44021 69.18579 वह
454.48254 524.5514 524.54114 454.47226 212.69055 212.70569 260.35385 260.3387 और
