81.64622 218.36844 218.71371 81.99149 37.568424 36.421074 77.56674 78.71409 सहयोग
88.08008 194.84229 195.16602 88.40381 97.76762 96.38332 121.351295 122.73559 स्वच्छ
92.01925 241.3663 242.04196 92.69491 134.62497 131.92395 169.28278 171.9838 निगमित
89.48514 122.625946 127.70828 94.567474 225.02129 217.3332 239.2415 246.92958 मर
46.78517 74.52638 79.76741 52.0262 322.8638 315.73788 336.1412 343.26712 वह
4.0363846 96.98076 97.17096 4.2265854 8.62671 8.160553 46.084312 46.55047 भारत
3.386139 48.880432 39.344254 -6.1500387 374.02533 388.06976 418.96045 404.91602 इस
2.5042381 82.66034 82.98335 2.8272514 51.9726 51.23607 86.38934 87.12587 राय
43.505688 66.093216 69.77092 47.18339 306.55405 300.80832 315.26602 321.01175 तक
71.340706 83.305885 91.41082 79.44564 299.51898 293.54047 309.76135 315.73987 आ
