299.36285 338.97247 338.8824 299.27277 267.5499 267.71176 289.76132 289.59946 पर
439.97897 470.45633 470.53635 440.059 200.80075 200.68 220.86981 220.99057 पर
346.008 399.807 399.992 346.193 12.979314 12.614834 39.923992 40.28847 उठा
475.3402 515.86035 514.11414 473.59402 262.30875 265.64725 286.8411 283.5026 और
483.99646 513.1891 511.9181 482.72546 299.51898 301.89008 317.5384 315.1673 पर
40.73093 135.36125 145.46196 50.83164 30.338728 14.852875 76.57585 92.06171 इतना
516.69037 541.32587 542.89044 518.25494 92.65753 89.92578 104.035446 106.7672 वह
519.04193 546.3947 547.8409 520.4881 117.86035 114.80884 127.77185 130.82336 अब
423.10843 474.81198 475.19083 423.48727 57.8971 57.228447 86.52048 87.189125 इस
3.6972103 38.040398 41.255623 6.9124355 35.33252 29.719574 49.392136 55.00508 आज
10.213575 45.364212 51.818436 16.667799 71.3655 65.23646 102.25199 108.381035 अपूर्व
412.76788 477.85242 478.0437 412.95917 159.61157 159.22644 191.54907 191.9342 सब
