266.63547 311.8892 311.87814 266.62442 282.48285 282.52393 294.72577 294.6847 कहा
118.51842 213.96815 214.67809 119.22835 67.616295 66.34075 119.46592 120.74146 आज
416.90927 462.10324 459.73148 414.5375 50.3639 52.918266 94.88181 92.327446 छवि
433.96667 552.1237 549.758 431.60095 149.43236 153.35176 224.66957 220.75017 पर
335.82074 397.88477 397.8725 335.80847 209.69359 209.71657 242.9239 242.90092 इस
158.83798 236.88242 237.52869 159.48425 19.502655 18.44255 66.02072 67.080826 सुधर
434.3898 475.23257 474.48972 433.64694 201.26233 202.61108 225.10529 223.75653 इस
118.517395 167.40039 167.36292 118.47992 267.23734 267.31485 290.93948 290.86197 रही
118.38217 171.6102 171.61694 118.388916 156.28935 156.27428 180.14897 180.16405 छत
96.66958 160.17996 160.71689 97.206505 24.416098 23.55236 63.03173 63.89547 रात
547.8004 586.43945 584.33813 545.6991 51.75139 53.51541 99.543976 97.77995 वह
