399.7484 520.97986 522.2427 401.01123 26.034761 22.249153 62.690727 66.47633 वाहन
158.58629 267.0708 267.11096 158.62648 13.70867 13.642334 79.398315 79.46465 आदि
148.26225 195.36433 187.27098 140.1689 240.70541 258.27206 279.97305 262.4064 बस
267.9065 297.92285 310.42334 280.40698 99.90844 76.013405 91.71621 115.611244 पर
344.71762 399.03812 400.3887 346.0682 73.21555 71.36492 111.00797 112.858604 कई
345.9037 401.39136 402.60156 347.1139 116.73846 114.696915 147.58954 149.63109 रोग
159.15584 226.39522 226.40141 159.16203 76.38393 76.37308 114.7285 114.73935 तेवर
5.2963524 54.430016 59.475475 10.341814 136.45377 124.1557 144.31348 156.61154 पर
525.8438 593.75287 595.10297 527.1939 3.9385588 1.8959885 46.782597 48.82517 इसी
243.98615 274.45502 282.78784 252.31897 153.88445 140.37086 159.1588 172.67238 बन
