544.1139 583.35547 597.3865 558.1449 294.88995 282.84778 328.57056 340.61273 बाग
319.35535 371.04138 370.99377 319.30774 26.705666 26.785568 57.579315 57.499413 मत
487.05035 569.4699 566.98505 484.5655 148.4621 151.19199 226.2139 223.48401 रहे
42.66114 68.33543 63.725822 38.051537 260.85123 264.40286 297.7252 294.17355 और
179.45248 240.3534 240.78137 179.88046 24.905416 24.075539 55.48217 56.31205 गया
175.28307 238.9655 239.6729 175.99046 74.10271 73.253586 126.30739 127.15651 इसी
14.406864 75.08267 78.97293 18.297123 63.90155 57.81447 96.59242 102.679504 पर
288.6514 354.53647 354.4647 288.57962 60.79663 60.963562 89.29947 89.13254 साथ
285.34314 361.26697 361.09735 285.17352 96.91824 97.22757 138.86185 138.55252 रखने
105.00737 162.85878 163.56728 105.715866 34.451355 33.67012 86.13489 86.91612 नए
13.912727 61.320404 64.3163 16.908623 22.426388 17.481144 46.20133 51.146572 उन
433.33276 496.78857 495.91656 432.46075 197.31175 199.40727 225.81288 223.71736 स्पष्ट
114.85162 173.1175 173.79105 115.52518 96.80676 96.03461 146.85968 147.63184 दब
11.883442 69.44905 73.53204 15.966442 124.784325 119.29703 162.13046 167.61777 पर
