4.8928165 36.954926 37.536118 5.4740086 158.14711 157.03441 173.78136 174.89406 घर
247.83267 289.1067 286.09097 244.81697 127.46898 134.37563 152.39745 145.4908 पर
30.121452 95.50998 89.718636 24.330112 76.88882 86.84733 124.8738 114.91529 दिन
537.89594 578.8576 586.7232 545.76154 315.81073 294.25708 309.20532 330.75897 गए
127.40082 149.71939 146.67377 124.35519 124.70726 130.11494 142.68489 137.2772 कम
123.57063 157.63148 153.02956 118.968704 143.74014 152.0144 170.95816 162.6839 उसके
58.227364 98.69264 94.876 54.410717 57.964996 64.01529 89.541565 83.49127 कोई
45.491173 111.81451 117.913795 51.59046 295.358 285.53976 326.74124 336.55948 एक
134.73877 200.32224 193.09671 127.513245 80.20975 96.00421 126.006775 110.21231 अगर
246.80804 275.3471 272.6767 244.13763 109.62988 114.51568 130.11424 125.22845 रही
