46.095253 76.1825 76.10514 46.01789 138.75435 138.88155 157.18114 157.05394 पर
46.087357 84.272385 84.17557 45.990543 180.41367 180.59021 201.52881 201.35226 हम
143.7997 203.5182 203.50517 143.78667 293.73825 293.7639 324.13174 324.1061 बहुत
220.14273 306.10535 306.09738 220.13478 285.34717 285.37134 313.69043 313.66626 अधिक
481.85114 588.80273 581.55585 474.60428 13.331131 34.302338 71.26083 50.289627 गया
45.002182 86.08229 86.00116 44.921055 107.90694 108.04642 131.94043 131.80095 यह
310.5339 366.5726 366.5601 310.5214 290.3812 290.40353 321.89334 321.871 तरह
379.72806 398.10928 398.11014 379.7289 288.51266 288.5112 299.01303 299.0145 उन
404.47217 420.84918 420.84845 404.47144 288.50824 288.5094 299.01605 299.0149 पर
379.27316 414.78574 414.78195 379.26938 308.66678 308.67947 319.1821 319.1694 उस्तरा
537.373 593.13153 589.8719 534.11334 2.5008774 13.290009 30.13565 19.34652 कमर
