429.0747 512.5514 508.32257 424.8459 133.76402 145.55476 175.49419 163.70345 समय
365.37473 443.24466 443.22495 365.355 5.5686836 5.6143684 39.254868 39.209183 प्रगति
461.9659 508.87302 508.85898 461.95187 15.357544 15.385063 39.29338 39.26586 कर
464.23596 521.37085 521.01746 463.88254 382.90417 383.7589 407.3847 406.52997 साथ
490.02594 550.98676 550.86456 489.90375 426.52475 426.86337 448.86154 448.52292 उठना
542.03656 592.0225 593.4273 543.44135 300.31458 295.79462 311.32953 315.8495 इस
245.19684 360.87488 351.04462 235.3666 256.88025 287.636 324.6093 293.85358 इसके
254.70047 401.67795 401.13638 254.1589 399.18597 400.79413 450.29218 448.68402 आंदोलन
395.02264 460.4972 460.2093 394.73474 413.19202 413.73444 448.48492 447.9425 बन
294.40488 339.43552 335.936 290.90536 55.747223 60.60228 93.06009 88.20503 ओर
296.70898 342.19153 339.89624 294.4137 110.692764 115.75784 136.36858 131.3035 चल
508.88574 567.1765 567.14136 508.85056 7.682411 7.7333374 48.017082 47.966156 ईश्वर
556.12866 576.3545 596.24255 576.0167 402.08163 390.74368 426.22208 437.56003 एक
543.47015 594.4012 595.5087 544.5777 318.0209 313.23325 325.01523 329.8029 क्षण
