516.57086 544.1208 552.9495 525.3996 52.585125 46.046875 83.2484 89.78665 यह
362.266 419.24927 399.47546 342.4922 -0.5709839 10.723907 110.48372 99.18883 पर
384.02695 407.51315 402.8362 379.35 274.64713 278.32455 308.19437 304.51694 तब
513.6575 546.7461 546.51965 513.431 178.9152 179.27483 200.10735 199.74773 अगर
512.21216 534.7777 534.83276 512.2672 203.67998 203.63673 232.37328 232.41652 उसे
5.6052856 132.68723 132.22954 5.147604 4.528618 5.1836624 93.975876 93.32083 आप
150.16983 354.94717 354.45694 149.6796 5.300087 6.3913803 98.38393 97.29263 नवतारा
381.4218 402.02875 401.92883 381.3219 252.03342 252.19046 265.30594 265.1489 उदास
426.67004 515.94226 525.14703 435.87482 95.88761 60.433678 83.61108 119.06501 आइवन
149.0382 173.30351 168.62816 144.36284 84.84476 88.57654 118.977325 115.245544 वह
513.8601 542.82776 542.9928 514.02515 262.63562 262.40497 283.12775 283.3584 यह
