327.5256 380.98752 382.98843 329.52652 51.838352 47.082664 69.576065 74.33175 मदद
16.726849 49.770786 43.0908 10.046863 112.01021 116.81584 162.74791 157.94228 तेज
51.659637 108.23227 107.859604 51.286976 126.8654 127.53334 159.09712 158.42918 सहन
4.0992126 80.91964 80.22578 3.4053493 175.22894 176.61429 215.08984 213.7045 असमर्थ
88.09469 108.80535 103.12202 82.411354 181.48495 184.98349 218.62778 215.12924 पा
137.54312 299.21063 285.22586 123.558334 483.66296 523.48486 580.25977 540.43787 साधन
94.53409 171.16418 147.45215 70.82206 20.662994 55.204697 107.80937 73.26767 उनको
30.314316 80.996185 75.74686 25.064987 451.30734 463.8622 485.0529 472.49802 हर
16.089996 101.72281 97.06644 11.433626 497.28278 517.5008 537.2227 517.0047 साल
251.25597 297.84784 300.2337 253.64183 47.958725 43.79657 70.504524 74.66668 पर
19.91446 71.96817 66.83466 14.780954 473.9794 486.56534 507.79678 495.21085 मेम
