202.54456 265.77475 263.46194 200.23175 81.38014 85.916824 118.151596 113.614914 हम
202.43628 260.07733 257.61328 199.97223 145.95224 150.45981 181.96921 177.46164 पर
30.10991 89.24458 92.11189 32.97722 256.79712 250.9422 279.90204 285.75696 हुआ
477.60727 545.3943 554.3467 486.5597 69.29176 44.637466 69.2522 93.906494 जॉन
1.7939396 47.29973 48.540146 3.034357 225.39601 222.0685 239.03194 242.35945 गया
353.73184 419.71664 427.90384 361.91904 132.72354 108.47479 130.75354 155.00229 हम
387.1203 467.3871 478.79187 398.5251 149.65541 119.67174 150.20253 180.1862 लोग
83.068405 105.91113 106.84894 84.00621 223.61353 221.9432 234.76822 236.43854 इस
86.7617 122.48845 124.241104 88.51436 248.31023 244.81604 262.7364 266.2306 एक
432.86902 482.25543 481.00275 431.61633 183.59567 186.84296 205.89438 202.6471 उधर
