520.1763 587.995 591.61304 523.7943 132.70497 124.25789 153.3062 161.75328 और
418.38867 463.31067 462.1886 417.2666 184.64316 187.60352 204.63083 201.67047 दया
17.707283 88.26864 91.133255 20.5719 254.9566 247.98853 276.9967 283.96478 पास
204.09445 255.32852 253.20267 201.9686 139.9974 143.97278 171.37054 167.39517 और
79.688 112.36635 114.351425 81.67308 120.46434 115.55626 128.77301 133.68109 भर
78.16089 117.95245 120.22986 80.43829 142.96254 137.1379 152.69615 158.5208 एक
514.9909 594.45575 597.87335 518.4085 169.92245 160.55615 189.55173 198.91803 नए
215.08472 264.1102 262.165 213.13953 105.43875 109.06955 135.33496 131.70416 वह
4.925829 48.441673 49.757072 6.241232 225.17456 221.98636 239.94028 243.12848 उठा
510.24384 592.84564 595.68475 513.08295 202.29573 192.98283 218.16444 227.47734 अब
122.62059 155.69783 158.23378 125.15654 114.58412 110.83443 133.20474 136.95444 यह
121.99379 163.11491 166.37404 125.252914 145.28809 140.87381 171.23422 175.6485 और
207.16434 265.8778 264.08304 205.36957 77.69612 81.88519 107.04036 102.85129 जब
