71.02627 88.43969 85.25085 67.837425 46.998726 49.553627 71.287735 68.732834 कर
64.796135 82.502914 79.21665 61.50987 90.8467 93.447 115.82493 113.22463 रहा
70.79296 116.29186 119.39251 73.89361 324.14096 318.4335 343.15128 348.85873 तक
247.4469 298.72522 273.85687 222.57857 149.69235 201.51538 226.12231 174.29929 समाज
394.48224 460.47968 464.5561 398.55865 327.76566 314.43802 334.62424 347.95187 थर
28.825775 51.485405 40.452698 17.793068 388.45966 392.9757 448.33307 443.81702 हैट
61.52334 84.66513 75.74174 52.59994 396.053 400.9764 442.91977 437.99637 यह
295.1973 321.00504 294.91745 269.1097 140.29788 164.25388 192.358 168.40201 हम
78.87425 120.96222 111.0349 68.94693 216.97662 261.63342 270.9897 226.33289 भारत
292.8523 337.6671 339.7235 294.9087 307.77127 301.34598 315.68863 322.11392 चार
121.866196 161.83708 164.23634 124.26546 325.65588 320.6507 339.81085 344.81604 जब
285.94333 298.0709 283.19363 271.06607 215.35953 226.73334 242.59647 231.22266 दूर
457.84323 515.3815 517.5923 460.05405 319.28665 307.87003 319.01205 330.42868 अन्य
