101.300644 160.96602 158.85878 99.193405 186.22783 192.06053 213.61626 207.78355 बाद
38.25692 75.82907 73.25969 35.687534 35.2705 38.730972 66.62818 63.16771 उसने
34.172997 55.34989 45.88964 24.712746 68.17078 74.5815 105.83205 99.421326 उसे
20.148352 38.87013 31.956575 13.234799 112.24997 117.91495 140.76306 135.09808 गए
48.66284 67.9722 59.87092 40.56156 114.74388 120.69887 146.96764 141.01265 यह
38.198074 96.30994 104.64836 46.5365 310.50504 296.7391 331.93912 345.70505 पर
145.01358 221.87112 220.05795 143.20041 42.377228 48.990963 70.06165 63.447918 आकर
58.13897 87.37076 74.5731 45.341305 68.34007 77.32733 118.952774 109.965515 और
526.6088 578.1828 584.36334 532.78937 150.58046 134.34709 153.9829 170.21626 पर
5.3562126 35.713547 33.447937 3.0906048 50.72223 53.54782 77.888885 75.06329 इन
496.93808 538.5547 542.59985 500.98325 139.619 126.409134 139.15324 152.36311 तक
