130.0534 186.23123 183.98923 127.8114 39.075363 43.906998 69.97502 65.14339 स्वर
141.01785 213.54123 213.27908 140.7557 91.440796 91.92645 131.07513 130.58948 कर
201.45148 270.53867 271.87555 202.78836 283.20438 280.38986 313.2054 316.01993 सब
28.70877 69.05311 50.367455 10.023118 31.006905 43.08834 105.48658 93.40514 पड़
472.6844 561.9967 561.99274 472.6804 19.28791 19.295464 66.56841 66.56086 चलते
185.96986 223.77968 222.05421 184.2444 43.88452 47.13639 67.1984 63.946533 यह
62.823967 93.21555 78.644966 48.25338 67.38132 76.7514 124.01065 114.640564 गए
453.06195 490.4132 490.3822 453.03094 80.13141 80.1783 104.89041 104.84352 पत्र
176.74922 230.86092 230.74495 176.63326 78.60967 78.9768 96.07017 95.70304 अपना
553.5126 596.1456 596.1085 553.47546 61.555878 61.599777 97.59157 97.54767 और
