235.02649 311.63354 310.0022 233.39516 143.0261 145.97757 188.31958 185.3681 यह
363.6515 408.3214 409.18896 364.51904 233.3836 231.289 249.78992 251.88452 बस
550.31244 596.9666 600.87006 554.2159 142.44452 136.6673 168.19003 173.96725 कर
7.7985992 46.21649 42.755447 4.337556 22.521606 28.047104 52.111153 46.585655 एक
7.731079 42.643818 39.790955 4.8782167 60.851692 65.910286 85.5998 80.54121 बम
214.27625 277.94827 278.11398 214.44196 92.9677 92.61983 122.947525 123.295395 आप
292.38007 357.70514 357.86584 292.54077 93.51687 93.15855 122.45843 122.81675 जमा
8.238426 56.84022 52.94592 4.344123 87.33185 94.40953 121.15137 114.073685 बच
169.64745 217.96275 218.15611 169.8408 153.58675 153.25883 181.75078 182.07869 इसके
169.5183 202.11913 202.26381 169.66298 196.83665 196.58449 215.29103 215.5432 बाद
544.3656 586.6775 589.5354 547.2235 113.97283 108.7224 131.7537 137.00414 भोजन
64.13851 191.77469 191.89798 64.2618 57.145313 56.550255 82.99542 83.59048 कथनानुसार
