71.57761 122.92607 123.71826 72.3698 239.94165 237.19528 252.00668 254.75305 एकजुट
131.49374 153.86499 154.62784 132.25659 232.11906 230.94899 245.53441 246.70448 रहे
70.77159 97.55731 98.1461 71.36038 258.13116 256.57605 266.71747 268.27258 यह
106.25355 138.11029 138.86298 107.00622 252.96901 251.14459 264.2873 266.1117 सही
230.8758 278.12872 277.12997 229.87706 146.7208 148.53842 174.50241 172.68478 राव
90.862724 176.6228 176.84009 91.08001 85.01854 84.56616 125.75923 126.21161 इसके
203.64836 280.0904 280.30194 203.85994 84.42362 84.02039 124.13235 124.535576 पहले
276.31528 302.5123 302.03372 275.8367 160.02481 161.02768 173.52963 172.52676 जब
100.60624 144.16321 144.3349 100.77795 139.5092 139.22743 165.77187 166.05363 उसी
158.40031 216.39543 216.51933 158.52422 146.98672 146.6016 165.26144 165.64658 समय
99.291534 140.863 141.0088 99.43733 182.01068 181.7031 201.40842 201.716 एक
155.0491 196.60568 196.81964 155.26306 174.71436 174.41315 203.93188 204.2331 दफे
