115.66203 154.63066 154.67574 115.70711 195.37263 195.30937 223.06932 223.13258 जाओ
141.4594 184.93105 184.98045 141.5088 154.16022 154.08884 184.17596 184.24734 कर
355.36807 409.9913 415.5624 360.93918 67.26774 63.20108 138.03207 142.09872 एक
426.20023 521.47766 523.2732 427.99576 53.775238 50.76657 107.627594 110.63626 औरत
546.28406 597.728 598.9783 547.5343 67.26802 65.643524 105.236984 106.86148 का
159.53326 203.18124 203.20764 159.55966 73.353935 73.31313 101.551796 101.5926 और
155.37234 184.27875 193.77298 164.86658 194.29457 186.9139 224.0981 231.47878 रखते
324.6361 358.93463 356.83893 322.5404 74.39071 77.355675 101.59896 98.633995 रूप
511.48117 555.6474 556.3434 512.1772 32.674515 31.241833 52.697815 54.130497 आठ
225.03522 329.5351 331.03198 226.5321 9.306271 5.9027977 51.862198 55.26567 छपता
