359.95102 388.64853 387.5873 358.8898 127.10498 128.65564 148.2956 146.74493 और
359.05435 390.9683 389.85696 357.94302 153.57684 155.30197 175.8609 174.13577 ऐसा
345.45575 428.31348 448.58887 365.73114 8.433715 -7.9080048 94.894745 111.236465 बहुत
420.95303 466.97733 468.15506 422.13077 142.66525 141.26962 180.10883 181.50446 गये
165.3241 217.02277 218.07068 166.37201 230.35022 227.45935 246.19962 249.09048 गठन
197.3084 266.01996 266.40485 197.69325 44.612267 44.11161 96.929695 97.43035 इनसे
266.15018 354.47183 354.73502 266.41336 60.81115 60.16761 96.286095 96.929634 इजाजत
413.11365 446.40308 446.98077 413.69135 118.831245 117.84367 137.3161 138.30367 जब
488.82397 517.3378 519.33374 490.8199 212.3215 209.39673 228.85492 231.7797 और
337.31793 365.47046 364.23755 336.08502 106.52275 108.04355 130.86716 129.34636 बाद
496.29858 526.02234 533.5366 503.81284 37.40768 32.174515 74.854614 80.08778 हम
86.7507 189.7039 188.33609 85.38289 333.82678 336.90887 382.59906 379.51697 रहकर
