258.90714 320.41977 320.44138 258.92874 16.401339 16.365536 53.48977 53.52557 यह
358.28574 490.20364 490.22525 358.30734 16.343493 16.266705 53.41871 53.495495 कहकर
259.02457 364.50723 364.52383 259.04117 78.325264 78.29266 132.04486 132.07745 उनके
35.051872 82.9502 82.15301 34.254677 44.185226 45.159515 84.351395 83.377106 उठे
34.011894 85.0949 84.30981 33.2268 99.03903 100.065155 139.149 138.12288 उसे
435.2168 467.21362 468.64313 436.6463 296.10382 292.16882 303.79272 307.72772 इस
49.78325 119.940674 119.682724 49.5253 156.69415 157.22226 191.48938 190.96127 शब्द
375.32178 473.11584 473.14148 375.3474 59.72115 59.682922 125.19214 125.23036 और
508.2765 593.44556 593.4596 508.29053 79.226074 79.2001 125.16258 125.18855 उस
85.10655 139.48944 139.07397 84.691086 16.237846 17.390755 36.98825 35.835342 समय
84.47048 114.91381 114.51179 84.06846 47.61007 48.23487 67.823395 67.19859 पर
3.6923447 63.29666 63.04673 3.442412 169.00607 169.41055 206.24231 205.83783 रही
116.60614 146.8635 145.89886 115.64152 272.48724 273.76196 296.65845 295.38373 एक
