365.87912 404.9424 403.69046 364.62717 283.04544 285.91995 302.93314 300.05862 पहले
184.42583 212.50917 211.41164 183.3283 249.25266 250.94565 269.15146 267.45847 पर
415.83636 489.88013 492.1192 418.07544 103.84793 99.989655 142.95918 146.81746 फट
31.01455 66.83327 40.41313 4.5944138 153.91702 169.2492 230.97134 215.63916 शहर
168.93884 253.111 253.68124 169.5091 67.26002 66.31521 117.118065 118.062874 लपेटने
214.66443 261.8558 260.48578 213.2944 249.93515 252.78574 275.46683 272.61624 गया
451.08258 487.57983 488.857 452.35974 78.4796 76.587616 101.2247 103.116684 पर
283.47797 332.53253 328.00635 278.95178 290.83115 301.168 322.6475 312.31064 इतनी
428.1066 448.82242 449.49246 428.77664 85.57178 84.49649 97.405 98.480286 पर
91.11166 109.19091 94.77735 76.6981 170.27615 178.29434 210.79376 202.77557 कट
