561.30963 585.01605 587.23517 563.52875 237.1813 233.64047 248.49796 252.03879 अब
4.2098465 95.50262 94.692314 3.3995426 252.48529 257.72125 271.8496 266.61365 नकल
461.75116 504.30493 478.7221 436.16833 22.920883 65.2733 90.97772 48.625305 मास
160.52927 191.24658 191.24658 160.52927 12.289047 12.289032 37.850594 37.85061 तुम
160.54358 203.58218 203.58081 160.5422 40.306183 40.30857 64.89167 64.88928 कभी
60.828323 110.96484 109.695724 59.559204 221.83951 224.95901 245.35611 242.2366 तब
25.199865 67.9618 68.916435 26.154501 369.66196 368.14035 394.9692 396.4908 कर
102.95346 159.21735 159.21771 102.95383 4.936207 4.9353447 28.437336 28.438198 कटते
102.912994 150.01634 150.01527 102.91193 32.732162 32.734062 59.350616 59.348717 रहते
112.77046 154.1303 152.97139 111.61156 226.02438 228.60135 247.2015 244.62454 पर
