282.95914 324.07382 328.12674 287.01205 337.11725 328.88458 349.12512 357.3578 वह
433.2768 455.263 432.13544 410.14923 117.1942 129.08296 171.85338 159.96461 सेर
122.584015 181.95297 181.95093 122.58198 12.901997 12.9058075 44.606647 44.602837 चली
298.78165 317.95743 321.93613 302.76035 38.42761 32.69804 46.01408 51.74365 गए
239.19528 283.27512 283.27426 239.19443 14.945805 14.947731 34.376656 34.37473 बाद
309.84164 338.27365 338.04892 309.6169 117.10297 117.49893 133.63612 133.24016 पर
20.796827 74.75943 75.9427 21.9801 363.38492 361.4648 394.7192 396.6393 शिव
170.12813 190.63298 190.6317 170.12685 51.97869 51.98031 68.37716 68.37554 तुम
170.1409 194.7605 194.75845 170.13885 67.55508 67.55779 86.02415 86.02143 इसी
203.18895 236.02272 236.02113 203.18736 71.660645 71.66452 85.00362 84.99974 जगह
