10.510239 131.66663 131.6347 10.478324 13.87677 13.92897 88.00018 87.94798 भीतर
6.0755234 80.46045 80.31931 5.9343896 109.317505 109.69295 137.65492 137.27948 हाथ
460.46082 506.45685 506.45844 460.4624 93.57849 93.57428 110.58562 110.58983 फुरसत
514.70105 548.69885 548.70166 514.70386 88.56578 88.560196 105.5708 105.576385 रहती
449.13278 530.7013 530.72815 449.15958 4.800332 4.7576065 55.89582 55.938545 उसी
59.90886 136.79654 136.77814 59.890457 7.7235107 7.7726326 36.57111 36.521988 काम
68.439926 147.42416 147.26782 68.283585 107.484695 107.89676 137.86485 137.45279 शब्द
247.94739 294.9889 294.99396 247.95245 94.01547 94.005554 118.028854 118.03877 माप
309.3635 417.99088 418.00797 309.38058 9.857599 9.826729 69.971306 70.002174 कभी
206.85188 307.35504 307.37238 206.86922 7.909413 7.879387 65.99338 66.02341 उसी
