401.99335 442.4911 442.5074 402.00964 33.842777 33.81603 58.483593 58.51034 यह
195.02007 211.19731 205.24327 189.06602 7.6656723 13.07962 30.87072 25.456772 की
215.83498 240.4557 237.20152 212.5808 18.935204 24.909355 38.320553 32.3464 तरह
274.63684 328.85242 328.83813 274.62256 5.0023346 5.0312996 31.745956 31.716991 ऐयार
535.82526 578.3298 578.51715 536.01263 6.6887827 6.158905 21.187958 21.717834 वह
15.158794 41.06837 37.6059 11.696322 25.566906 33.178337 44.964718 37.353287 इन
311.8194 367.65063 362.23077 306.39954 44.861183 63.226555 79.70312 61.337746 पता
554.1261 588.7462 588.89343 554.2733 27.262388 27.080673 55.132057 55.313774 दुम
554.22546 595.7792 595.7864 554.23267 59.119385 59.103653 78.12102 78.13675 बना
471.99176 501.35767 501.32672 471.96082 12.230728 12.292191 27.077454 27.015991 तक
