6.6789894 56.12744 43.72795 -5.7205014 53.920372 75.90998 103.792946 81.80334 गयी
6.568218 47.755436 39.20651 -1.98071 108.94443 126.91678 146.50836 128.53601 रात
295.5924 351.36908 351.18005 295.40338 208.53789 208.83665 244.12694 243.82817 और
223.02611 262.92712 264.90576 225.00475 183.18794 180.60643 211.18925 213.77077 जब
126.13228 203.00015 202.67592 125.80804 262.69742 263.36325 300.7952 300.12936 बात
22.106768 78.77935 80.37637 23.70379 312.04227 308.16074 331.47818 335.3597 मत
307.39642 357.30676 357.0805 307.17017 182.11406 182.76591 200.09227 199.44041 आठ
158.1926 223.43503 223.06998 157.82755 83.617355 84.821 104.60799 103.40434 समझ
262.7553 373.24164 376.1396 265.65326 313.3988 302.0716 330.33856 341.66577 क्षण
3.453083 30.558197 24.888153 -2.2169616 86.59342 98.5664 111.402565 99.42959 अब
