215.91777 359.8462 360.29297 216.36455 46.372868 45.35311 108.40939 109.429146 बात
80.44786 145.1599 150.58395 85.87192 51.215866 44.308655 95.125305 102.03252 हुई
447.30627 519.8988 520.22614 447.6336 76.71603 75.83318 102.75053 103.63337 समझ
448.08163 470.06992 470.21152 448.22324 53.923122 53.700653 67.69548 67.917946 आ
482.16986 528.7549 528.8962 482.31116 53.605553 53.13424 67.101746 67.57306 आकर
500.8353 546.88586 546.931 500.88046 4.622818 4.5267487 26.174347 26.270416 यार
120.84621 150.31549 141.5096 112.04032 123.23883 138.30255 155.5296 140.46588 दिन
343.74863 432.89023 433.1401 343.9985 71.80784 71.18528 106.962166 107.584724 आओ
337.21906 439.7992 443.7619 341.18176 196.49835 183.42856 214.53049 227.60028 सहसा
541.2409 591.7515 589.07184 538.5612 256.12088 262.11313 284.70157 278.70932 अब
