269.05258 301.00168 300.9963 269.0472 155.575 155.58531 172.22041 172.2101 कर
9.868324 72.66489 68.487274 5.6907134 29.321281 36.704124 72.23778 64.854935 आप
59.362732 93.376434 100.114746 66.10104 259.2838 237.5539 248.10132 269.83124 अरे
57.9638 94.62321 101.330345 64.67094 286.26956 262.9169 273.4459 296.79855 तुम
299.10144 356.91766 360.06152 302.2453 312.41287 306.09476 334.8638 341.18192 फबते
271.02435 313.93323 313.948 271.03912 178.07951 178.04869 198.59224 198.62306 फन
207.35097 258.53168 253.4463 202.26558 57.592384 63.637093 106.695244 100.650536 बहू
101.57972 179.2279 181.35309 103.7049 124.54692 119.46167 151.91179 156.99704 अपने
12.9780655 56.62828 54.053345 10.40313 76.99791 82.19171 103.8322 98.6384 आज
5.4212074 38.10571 35.40775 2.7232492 118.51926 122.468475 144.79727 140.84805 यह
