234.27611 401.84613 405.3808 237.81078 286.8053 270.1693 305.77307 322.40906 साथ
46.43006 71.46659 71.46323 46.426697 6.8307877 6.835266 25.634056 25.629578 कर
78.252754 110.096565 110.09452 78.25071 6.8802223 6.883503 26.674343 26.671062 कहा
382.60553 459.61322 457.6289 380.62122 139.43143 146.03177 169.18323 162.58289 जमीन
546.1687 594.68005 596.558 548.04663 335.34216 332.8064 368.7323 371.26807 लिए
373.83948 503.06635 505.531 376.30414 275.92053 263.25305 288.39636 301.06384 गया
10.955204 44.232304 52.062626 18.785526 24.581676 18.400604 60.556812 66.737885 उसे
461.83252 518.74805 517.18036 460.26483 149.57516 154.43167 172.80411 167.9476 जब
505.72205 537.1821 538.256 506.7959 328.1851 326.54056 347.08322 348.72775 घर
192.50247 268.23346 270.12796 194.39697 301.2216 294.05826 314.08707 321.2504 वह
